0,97.53542824176307
2,97.51114993049028
3,97.51114993049028
4,97.52458667545781
5,96.40942145783274
6,96.72098516677075
8,96.63625896477856
9,96.47123688285036
11,95.6004846993664
12,94.36695439746164
13,94.77622211143505
14,94.77622211143505
15,89.85031936111677
17,89.85031936111677
18,89.85031936111677
19,89.77493906120806
20,89.43818090419232
21,88.77334816599841
22,88.77288310339506
25,89.44053027346907
26,91.06251167071221
27,90.51610859193853
29,88.82783029928325
30,72.77072097613309
31,72.77072124908489
32,72.77072124908487
33,72.77072124908487
34,72.78716623842422
35,72.62501879423898
36,72.577165618966
37,71.34416175644004
39,69.7063163206856
40,69.7063163206856
42,70.42159255377068
44,68.93391695132188
45,68.93391695132188
46,67.87596786980238
47,67.87596786980238
50,67.87596786980238
52,67.88440984896984
53,66.73633773156425
55,66.46424818808732
56,67.11385350001355
57,67.10041675504601
58,67.10041675504601
59,67.10041675504601
60,66.87521523809848
61,66.87600975995396
63,66.42619378001794
64,64.7095112534759
65,64.7095112534759
66,65.21084614369161
67,65.21084614369161
69,64.89089423368755
70,62.73748382700659
72,62.1830073724476
74,62.1830073724476
75,62.1830073724476
76,62.1830073724476
79,60.02022586393674
80,59.95179058497698
81,59.95393404600699
82,59.73186137806743
83,58.300373847726846
85,58.25906376616851
87,58.26893945705457
89,58.26893945705457
90,58.26893945705457
91,58.26893945705457
93,57.640144446054
94,58.628707776628914
95,58.628707776628914
96,58.628707776628914
97,58.7713162102326
98,58.35929659490307
100,58.70658117621783
101,58.70658117621783
104,58.743309281975584
106,59.52373377277196
107,59.52507854006041
109,59.33995122458251
110,59.33995122458251
111,59.33995122458251
113,59.33995122458251
114,59.33995122458251
115,59.33995122458251
116,59.56894189774907
117,59.56894189774907
118,59.31440090462325
119,59.25934793049678
120,59.25934793049678
124,58.144531506121446
125,58.144741845256
127,58.144741845256
130,58.144741845256
132,59.21537064337894
133,59.21640046159552
134,59.65022095014336
135,59.65133071499832
136,59.65133071499833
137,59.72457525153822
138,59.72457525153822
141,59.72457525153822
142,59.72457525153822
143,59.72457525153822
144,59.72457525153822
145,58.44527248793809
146,58.44592756527418
147,58.44592756527418
151,58.44592756527418
152,58.44592756527418
153,58.87243517063426
154,58.87433074200661
155,58.87433074200661
156,57.20908588367121
157,57.20908588367121
160,57.20908588367121
161,55.29906107536493
162,54.001709938198374
163,53.60870551993518
164,53.60870551993518
165,53.624904238354596
166,53.624904238354596
168,54.75065127401942
170,54.99925217917192
171,56.19651583771608
174,56.1871788499812
175,56.1871788499812
176,56.1871788499812
177,56.1871788499812
178,56.1871788499812
181,55.0132977655441
182,55.01308742640955
185,54.830230960236996
187,54.150390908190936
188,53.097722929890494
190,52.99552464841608
191,52.85221627682102
192,53.267299547011895
193,53.267299547011895
194,53.26548403439138
195,53.26548403439137
198,53.26580285827241
199,53.265802858272416
200,53.265802858272416
201,53.26888182280519
202,53.24472093876392
203,53.24472093876392
204,53.24472093876392
205,52.58842424627243
206,51.800431208971425
207,51.8004312114623
208,51.823101337357855
209,51.82310133735785
212,51.82310133735785
214,51.82310133735785
215,51.82310133735785
216,51.82310133735785
217,51.13888677898062
218,51.13888677898063
219,51.49767283602565
221,51.49781090731231
222,51.49781090731231
224,51.58894735668783
225,51.58894735668783
226,51.58894735668783
227,52.14520095355995
228,52.14520095355995
229,52.14520095355995
230,50.32461227393905
231,50.32461227393905
232,50.32461227393905
234,50.32461227393905
235,50.37019486837121
236,50.370194868371215
237,51.412307852729455
239,50.80987146989941
241,50.809871469899406
242,50.963330831863345
244,50.96333083186333
245,50.96333083186333
246,51.54656752227832
247,51.54656752227832
248,51.54656752227832
251,51.54656752227832
252,51.25293207704857
253,50.831179039868424
255,50.83117903986842
256,50.83117903986842
257,50.83117903986842
259,50.83117903986842
261,50.83117903986842
262,50.023675221053026
265,50.023675221053026
266,51.02850198672061
267,52.42351330635057
268,52.42351330635057
273,52.165118441540486
275,51.46798719417875
276,51.59097823904165
277,51.590982865533725
278,51.59098286553373
279,51.59098286553373
280,51.59098286553373
281,51.72964414120535
282,51.72964414120534
284,53.11325421250825
285,53.11325421250825
287,53.22095349896946
288,53.22095349896945
292,53.22095349896945
296,53.22095349896945
297,53.22095349896945
299,52.436343256669424
300,52.43634325666943
301,52.111756220010946
302,52.11018826361412
303,52.11018826361412
305,52.11018826361412
306,52.11018826361412
307,52.11018826361412
308,51.11396121879166
310,50.53419465241811
311,50.578395703786995
312,50.57857094835317
313,50.5823851162489
315,50.5823851162489
316,50.5823851162489
317,50.5823851162489
318,50.582914129391426
319,48.93223380514334
320,48.93223380514334
321,48.93541779841928
322,48.937259155805435
324,49.03151671164265
326,48.98048345334021
331,50.004329933086396
332,49.21320526577303
333,49.21320526577303
334,49.21320526577303
337,49.21320526577303
338,49.21320526577303
339,49.21320526577303
340,49.21320526577303
341,49.21320526577303
342,49.214333975534245
343,49.214333975534245
344,49.214333975534245
345,48.987069863640485
346,48.987069863640485
347,49.154331727851826
348,49.154331727851826
349,49.15371923101216
350,49.15371923101216
351,49.15371923101216
352,49.15371923101216
353,49.15933233181637
354,49.382252427910146
355,49.24811423104517
356,49.25343105044066
358,49.25343105044065
359,49.42410963670518
361,49.838365798753145
362,49.838365798753145
363,49.838365798753145
364,49.838365798753145
366,49.838365798753145
367,49.838365798753145
369,49.36346068373896
372,49.36346068373895
373,48.96408864976816
374,48.96408864976816
375,48.96408864976816
376,49.28407281422626
378,49.7120599847584
379,50.677387970522034
381,50.677387970522034
382,49.96033793519533
383,51.114960552190304
384,51.51742099860533
385,51.51742099860533
387,51.51742099860533
388,51.85837208085466
389,51.85837208085466
392,51.51742099860533
393,52.317983220580835
395,52.317983220580835
397,52.317983220580835
398,52.13012868399337
399,52.03944866914087
400,52.376366048883
401,52.903840575344695
402,52.903840575344695
403,52.71737379562684
404,50.6477173550351
405,50.57666458129746
406,50.57666458129746
408,51.59242199822734
410,51.59242199822734
412,51.59242199822734
414,51.42932492758318
415,51.192769839713584
416,50.66133292064586
417,52.818150021914626
418,52.818150021914626
420,52.818150021914626
421,52.66693260186139
422,53.247163325298864
423,53.247163325298864
424,52.73484306571131
425,52.73484306571131
427,52.73484306571131
428,52.42569119073054
429,52.42569119073054
430,52.301347507511245
431,51.7665281628713
432,51.7665281628713
433,51.7665281628713
434,51.7665281628713
435,51.76706113688526
437,48.8407790964394
438,49.771393141964
444,50.44744884341405
445,50.44744884341405
447,50.44744884341405
448,50.44775425217396
449,50.72734895455134
450,50.72761455595649
451,52.05180325893969
452,52.05180325893969
453,52.05180325893969
454,52.04542088093539
455,52.04606709461158
456,50.57082129129958
459,50.84196307280735
461,50.58209933788906
462,50.58209933788906
466,49.909640324249395
467,49.68875220667789
471,50.49762946733607
473,50.49762946733607
477,50.49762946733607
481,50.49762946733607
482,50.49762946733607
483,50.36871946835499
486,50.36871946835499
487,50.36871946835499
490,50.36871946835499
491,50.36871946835499
492,50.36871946835499
495,50.36871946835499
496,50.36871946835499
497,50.36871946835499
498,50.206912999415025
499,50.206912999415025
500,50.60745999497314
501,50.60745999497314
504,49.67477885466311
505,50.096259635916
507,49.996303441207495
508,49.93567454421311
510,50.00368887142398
511,50.083390828063166
512,50.083390828063166
514,50.07943571868015
515,50.07943571868015
517,49.924713851101004
518,50.247956434251435
519,50.7229687442192
520,50.7229687442192
522,50.725050517173756
523,50.725050517173756
524,50.89414316736948
525,52.07765002855072
526,52.07765002855072
527,51.237195115111554
531,51.211750961471495
532,51.211750961471495
533,51.211750961471495
534,51.211750961471495
536,51.21175707194478
538,51.21252362074049
539,52.04266817002532
540,51.81762126489639
541,51.81762126489639
543,50.24371866051452
544,50.20435662855581
545,49.7022506847687
546,49.7022506847687
547,49.496226772626855
548,49.496226772626855
549,49.496226772626855
550,51.26997697060612
551,51.27002929720558
552,51.27002929720558
555,51.03117484254042
557,51.03117484254042
558,51.03117484254042
559,51.03117484254042
560,51.03131349709475
561,51.03131349709476
563,51.03131349709476
565,51.03131349709476
566,51.03131349709476
568,51.03131349709476
569,51.01946666755882
570,51.01946666755882
571,51.07740491147371
574,51.07740491147371
575,51.23772236773341
576,50.5953258909362
577,50.39584308851209
578,50.39584308851209
579,51.334188117723535
580,51.334188117723535
581,51.334188117723535
582,51.334182007250256
584,51.782795571063026
586,51.251694993485415
587,51.324685335094536
588,50.80176694185041
589,50.80176694185041
590,50.80176694185041
592,50.58612575499597
593,50.58612575499597
594,49.91854607242468
595,49.918546072424675
597,49.918546072424675
598,49.918546072424675
599,49.918546072424675
600,49.03767357933014
601,49.038340838233395
602,49.23512844401097
603,49.23512844401097
604,49.23512844401097
606,49.34315915522958
607,50.81909588545851
608,51.08832146688357
611,51.08832146688357
613,51.08832306439262
614,51.08832306439262
615,51.957223935054635
616,52.585421644858435
619,52.58776290711684
620,52.58776290711685
621,52.58776290711685
622,52.58776290711685
624,52.58776290711685
625,51.623565306557886
626,51.623565306557886
627,51.623565306557886
628,51.629215937708715
629,50.841536501186525
630,50.446246172734966
631,50.597366497245496
632,50.597366497245496
633,50.597366497245496
636,50.597366497245496
637,50.59742986431481
639,50.59742986431482
640,50.59742986431482
641,50.59742986431482
642,50.639403876770515
643,51.181209011054705
644,53.98595262126417
645,53.98650485920279
646,53.98650485920279
647,53.276181259299825
648,51.980665664803894
649,53.396252536773254
652,53.13686000555344
653,53.13686000555344
654,53.141668487374126
655,54.11127351409926
657,53.96042809917269
659,53.91665849108606
660,53.91784393369585
662,53.917843933695856
663,53.91817389445345
665,51.414998291842906
666,51.41499829184289
667,51.41499829184289
669,51.41499829184289
670,51.41499829184289
671,51.41499829184289
673,51.469826892181956
676,51.469826892181956
677,51.469826892181956
679,51.469826892181956
680,51.545491082010855
681,51.447674084314706
682,53.15079565607837
683,52.563593825840044
684,52.56385602328842
686,52.563856023288416
687,51.867995800456924
688,51.867995800456924
689,51.713864010540455
690,51.57285605820174
691,51.57285605820174
692,51.895772137831074
693,51.89793022344542
698,52.13890007574912
699,52.13890007574912
700,52.13890007574912
701,52.1389350282214
703,52.15760955330522
704,52.1389350282214
705,52.524861405726824
706,52.524861405726824
707,52.52489616501142
708,51.12780013394083
709,51.20573692227162
710,51.20370158591594
712,51.20370158591594
713,51.20370158591594
715,51.666578792413794
717,51.79088472714138
718,51.79088472714138
719,52.01873770949422
720,52.01873770949422
722,52.02007242697157
724,52.04488298118903
725,52.04488298118903
726,52.04488298118903
727,51.706354880673445
728,51.67200094341935
731,51.484078809190734
733,51.533296140039035
734,51.533296140039035
736,51.55322547539279
740,51.55322547539279
742,51.5740160886858
743,50.943822285198394
744,50.943822285198394
745,51.98894116043085
746,50.943822285198394
748,51.29665853934844
749,51.330096790073846
750,51.330096790073846
751,51.48025005754465
757,51.20531265403498
760,50.973215658871965
762,51.91969507062192
763,51.89056938396388
764,51.89373938387981
766,51.893739383879804
767,51.893739383879804
768,51.893471696864275
769,51.893471696864275
770,51.89030169694834
771,52.25366931281593
772,51.82030643657389
773,51.820559235835425
774,51.820559235835425
775,51.52280314692733
780,51.32373580798931
783,49.965220757314555
785,49.96522075731456
786,50.053618348886
787,50.053618348886
788,50.053618348886
789,49.003478855817846
790,49.004664468441106
791,50.93817618530723
793,50.93817618530723
794,50.93817618530723
796,50.93817618530723
797,50.93817618530723
798,50.93811281823791
799,51.82836917444384
800,51.66218303991674
801,51.61067996430093
802,50.78881672910477
805,50.47665004904306
806,50.47665004904305
807,50.47665004904305
808,50.47709194497238
809,50.47709194497237
810,50.47709194497237
811,50.47709194497237
813,50.47709194497237
815,50.47709194497237
816,50.47709194497237
817,50.81128114783916
819,50.81128114783916
820,50.81351498380503
822,50.82095174755493
824,50.820951747554936
825,50.820951747554936
826,50.820951747554936
827,50.820951747554936
829,50.820951747554936
832,50.78411888270206
833,50.78411888270206
834,50.783367312838095
835,50.78344023583927
836,50.78344023583928
837,50.69689814962792
838,50.69689814962792
839,50.69689814962792
840,49.93826243783747
842,49.93826243783746
843,50.137984673009456
845,51.49403166196882
846,51.07457265643282
848,51.07457265643282
849,51.07457265643282
850,51.07457265643282
853,51.08975545464497
855,51.08975545464497
856,51.08975545464497
857,51.16924260496075
858,51.27956724268088
859,51.13181513243101
862,51.13181513243101
863,51.13181513243101
866,51.13181513243101
867,51.13181513243101
868,51.13181513243101
869,52.908967440392594
870,52.90955455210434
872,53.18759486524838
873,53.187909969142375
874,51.632256314364405
875,51.632256314364405
876,51.632256314364405
877,51.632256314364405
880,51.632256314364405
881,51.05863412030032
882,50.803393149170226
884,50.803393149170226
885,51.45765879435975
886,51.44306690380281
887,51.44371754131731
890,51.484377126844656
891,51.53599801150533
892,51.535998011505335
893,51.535998011505335
894,51.53669322428271
895,51.54336857203665
896,50.982633722911125
897,50.98231861901713
898,50.98231861901713
899,50.98231861901713
900,51.036846007553216
902,51.963413583953574
903,51.33215946745224
904,51.33215946745224
905,51.33215946745224
906,51.33215946745224
907,51.33215946745224
908,50.61303968602741
911,50.513648097814794
912,50.513648097814794
913,50.513648097814794
914,50.513648097814794
915,50.26243000288746
916,50.26243000288746
917,50.26877749557282
919,50.246983889541056
920,51.25083258273889
922,51.721198369022524
923,51.721198369022524
925,50.919219289174045
926,50.919219289174045
927,50.919219289174045
929,50.919219289174045
931,50.271639308109386
933,50.30661945304402
934,50.30661945304402
935,50.30661945304402
936,50.21284264193102
939,49.738248334974394
941,50.98466879414453
942,50.98515991209405
943,50.98515991209404
944,50.98515991209404
945,51.18109538665313
946,51.18109538665313
948,51.19632724896133
949,51.19632724896133
950,51.14301457383929
953,51.14301457383928
954,51.13945754013477
955,51.751172633455035
956,51.78400682742642
957,51.78400682742642
958,51.78400682742642
961,51.78400682742642
962,51.78400682742642
963,51.78400682742644
964,51.78400682742644
965,51.78400682742644
966,51.78400682742644
968,51.78400682742644
969,51.78400682742644
971,51.47740810423511
972,51.47740810423511
973,51.47740810423511
974,51.47740810423511
975,51.47740810423511
976,50.85253620220214
979,50.85253620220213
980,51.15661633401039
981,51.15661633401039
982,51.15661633401039
983,51.15835556011704
985,51.15835556011704
986,51.157141156400236
987,51.15714115640025
988,51.798224040717834
989,51.877509726672734
991,51.88022156950477
992,51.75539306076972
993,51.17916829427793
994,51.843569717422696
995,51.8257447764658
996,51.8257447764658
997,50.376522374929
998,50.61213205491356
1000,50.61432266469635
1002,50.32132195739289
1007,50.48021940668969
1009,50.48021940668969
1010,50.48119193246838
1011,50.48119193246838
1012,50.27382280127782
1014,50.57639747706072
1018,50.43840618346108
1020,50.43840618346108
1021,50.43881901101997
1022,50.62909204911015
1026,50.629092049110156
1027,50.08260230017265
1028,50.08260230017265
1029,50.07110430074792
1030,51.35509850112142
1031,51.35509850112142
1032,51.02583651190334
1033,51.02583651190334
1035,50.87731383059944
1036,50.87731383059944
1037,51.09472457369063
1038,51.09472457369063
1040,51.09472457369063
1041,51.10452547176454
1043,51.28703856691101
1044,50.42100227724326
1045,51.283174126371414
1046,50.42100227724326
1048,50.4634614992205
1049,50.4634614992205
1051,50.42100227724326
1052,50.33365510103711
1053,50.70032755142584
1054,50.71990798189276
1055,51.83945374307025
1056,51.83945374307025
1057,52.2235375649438
1058,52.2235375649438
1059,52.61872677653896
1060,52.549043266984015
1062,52.549043266984015
1063,52.549043266984015
1064,52.549043266984015
1066,52.549043266984015
1068,52.549043266984015
1070,52.549043266984015
1071,51.18908386523134
1072,51.7200857069162
1073,51.741225851702374
1074,51.191097105533615
1075,51.075739244497335
1077,51.075739244497335
1078,51.075739244497335
1080,51.33852887198014
1082,51.33852887198014
1084,51.33852887198014
1086,51.33852887198014
1087,51.19053500379793
1089,51.19053500379793
1090,51.19053500379793
1094,51.19053500379793
1096,50.79627065174089
1098,50.79627065174089
1101,50.684897716926535
1102,50.68489771692653
1103,50.68489771692653
1105,50.726788687019685
1110,50.72621366016354
1111,50.726213660163545
1113,50.726213660163545
1114,49.84118572355121
1115,50.232472149317026
1119,50.232472149317026
1121,50.232472149317026
1122,50.23060506099382
1123,50.32216593103135
1124,50.32222354763516
1125,50.32222354763516
1126,49.26080306630645
1127,49.28000221468278
1129,49.28008305728388
1133,49.281121411330844
1135,50.04197690960281
1136,50.08086848577963
1137,50.58951696027026
1138,50.734347707271276
1141,50.834658084876146
1142,51.4600396099354
1144,51.4600396099354
1145,51.79884445692689
1146,51.79884445692689
1148,51.79884445692689
1150,51.79932775456541
1152,51.90016777603091
1154,51.87659716115074
1155,51.87659716115075
1156,52.45393165136326
1157,52.45393165136326
1160,51.2597524143512
1162,51.2597524143512
1163,50.93310982439533
1165,50.84948664514086
1166,50.84948664514086
1167,50.84948664514086
1168,51.88375145898359
1169,51.88375145898359
1172,51.88375145898359
1173,51.88375145898359
1174,51.54870058574181
1175,51.47704106268249
1176,51.47704106268249
1177,51.543946412908966
1179,51.544135222027506
1181,51.54446324527619
1182,51.544463245276184
1183,51.23450134123167
1186,51.248885627833886
1187,51.24908113421955
1188,51.24908113421955
1190,51.253600157268515
1191,51.253600157268515
1192,51.45924480485747
1193,51.45924480485747
1194,51.45924480485747
1195,51.45924480485747
1196,49.95939858797944
1197,49.95939858797944
1198,49.95939858797943
1200,49.79715621454384
1201,50.73340549686286
1202,50.74150419374132
1205,50.71539491448855
1206,50.71539491448855
1209,50.71562265425883
1210,50.72045782926255
1211,50.72045782926255
1212,50.72045782926255
1213,50.62334942731049
1214,50.68604854673469
1218,50.677661473522306
1219,50.15612531975864
1220,49.83768038723027
1223,49.83768038723027
1224,49.83768038723027
1225,50.23263132869649
1226,50.23480049407677
1227,50.19590891789995
1228,50.15822320352157
1231,50.665959265839
1232,50.66193880214075
1233,50.34748276018862
1235,50.34748276018862
1236,50.3563583290786
1237,50.3563583290786
1238,50.3563583290786
1239,50.41118571733607
1240,50.41118571733607
1241,50.41118571733607
1242,50.41118571733607
1243,50.41118571733607
1244,50.38647672754377
1245,50.38647672754377
1246,50.38647672754377
1247,50.075663678864466
1248,50.746790468813685
1249,50.746790468813685
1250,50.7471363094986
1251,50.747288456322856
1252,50.74728845632285
1253,50.74728845632285
1255,50.74728845632285
1256,50.74736553894518
1257,50.747531295792704
1259,52.735099645734216
1260,52.464006583843656
1261,52.464006583843656
1266,52.464006583843656
1268,52.464006583843656
1270,52.93419267403432
1271,52.93419267403432
1273,52.88495035243098
1274,52.79042511605811
1276,52.66788301039814
1278,52.66788301039815
1280,52.66788301039815
1281,52.66788301039815
1282,52.66788301039815
1284,52.66788301039815
1286,52.66788301039815
1287,52.671254624411354
1288,52.12531465737556
1290,52.12531465737556
1291,51.50084678773636
1292,51.662495790280595
1294,51.66363363384458
1296,51.34719398415321
1297,51.34719398415321
1300,51.34719398415321
1301,51.347152152728285
1302,51.347152152728285
1303,51.347152152728285
1304,52.774794988936925
1308,52.774794988936925
1309,52.774794988936925
1310,52.774794988936925
1311,52.774794988936925
1312,52.70412029145026
1314,52.704120828537135
1316,52.57801606800009
1317,52.57801606800009
1318,52.62570645400056
1320,52.62589632959237
1321,55.26492689477457
1323,55.2698691577215
1324,55.26431051477169
1325,55.26431051477169
1326,54.676708952185635
1327,54.67675078361055
1328,54.67675078361055
1330,54.67675078361055
1331,55.102605670388435
1334,55.102605670388435
1336,55.102605670388435
1337,55.102605670388435
1338,56.0773108840405
1339,56.064112155636714
1341,56.06411215563671
1342,54.902931000588225
1343,54.906065452436664
1344,54.906065452436664
1345,54.906065452436664
1346,55.18714722695111
1347,55.18714722695111
1349,55.182204964004185
1350,55.20737083453964
1351,55.18119729110934
1352,55.96165642994073
1353,55.52720225464821
1354,55.287529541187276
1355,55.287529541187276
1356,55.43313423820616
1357,55.43313423820616
1358,55.34903741516073
1359,56.40552176287009
1360,56.40552176287009
1362,55.010462883040056
1363,55.010462883040056
1368,55.68825767265469
1370,55.68825767265469
1371,55.68825767265469
1372,55.75053538452344
1375,55.75053538452344
1376,54.57656031426243
1379,53.635664205488354
1380,53.46908625803471
1381,53.46908625803471
1382,53.46908625803471
1384,54.70911839054349
1385,54.710871347896365
1386,54.710871347896365
1387,55.00431256541739
1388,55.00431256541739
1391,55.00431256541739
1392,55.00431256541739
1393,55.00431256541739
1394,55.00431256541739
1395,55.03177720426655
1396,54.210864243146766
1397,54.210864243146766
1398,54.757941202988505
1399,54.10356950240572
1400,54.10356950240572
1401,54.077569255912884
1402,54.0775733694003
1403,54.060985211562915
1405,54.06181361609923
1406,53.221863003562106
1410,53.221863003562106
1411,53.20530861062932
1412,53.20530861062932
1413,53.19672321537307
1414,53.19672321537307
1417,53.19672321537307
1419,53.19672321537307
1421,53.175008300197824
1422,53.175008300197824
1424,52.65193703594857
1425,52.65193703594857
1427,52.65498673812702
1428,52.30378731217527
1429,52.49774268107377
1430,52.49774268107377
1431,51.56343140477782
1436,51.56343140477782
1438,51.78356127697621
1440,51.621868179470745
1441,51.621868179470745
1443,51.48704449728369
1444,51.48704449728369
1445,50.4622870741149
1446,52.46715642321432
1447,50.8988671877689
1448,50.8988671877689
1449,50.89888014940362
1450,50.898880149403624
1453,50.76912609772752
1454,50.46751200587235
1455,50.06873395646677
1456,50.248022767805544
1457,50.67686743537725
1460,50.248022767805544
1461,50.249365136436126
1463,50.47886755038868
1464,50.47886755038868
1467,50.469881172398196
1468,50.6303244927921
1469,50.6303244927921
1470,51.26136403277238
1471,51.26136403277238
1472,52.194404493595385
1473,52.194404493595385
1474,51.92936725446382
1476,53.21147814407104
1477,53.10182946692941
1478,53.10182946692941
1479,53.10182946692941
1482,53.460318689150256
1483,53.46045763076127
1486,53.0732023709212
1489,52.92540343677312
1492,52.85558790655833
1493,53.288563347120395
1494,53.28670762884516
1496,53.42440366150334
1498,53.42440366150334
1499,53.42440366150334
1500,53.42440366150334
1502,53.86859701629776
1505,53.86859701629776
1508,53.832996752006046
1509,51.98440842893648
1511,51.98441941413799
1512,50.96291807606538
1514,50.96291807606538
1516,50.8287059627674
1517,50.8287059627674
1518,50.57032718355048
1519,50.57032718355048
1520,50.57032718355048
1521,54.33442397747063
1522,54.33442397747063
1524,52.495289461427696
1526,51.75920633526529
1527,51.75920633526528
1530,51.21242447873251
1531,51.21242447873251
1532,51.21242447873251
1533,51.22241880533088
1535,50.85180157005552
1536,50.85180157005552
1537,50.85180157005552
1539,50.85180157005552
1540,50.85180157005552
1542,51.06636422806965
1543,51.06636422806965
1546,51.06636422806965
1547,51.06636422806965
1548,51.06636422806965
1550,50.69192328883621
1551,51.10692628566416
1552,51.051862222563926
1553,51.051862222563926
1554,51.051862222563926
1555,51.051862222563926
1556,51.00417183656345
1557,51.00417183656346
1558,51.00417183656346
1559,50.51442235362223
1560,50.51442235362223
1562,50.51442235362223
1564,50.51442235362223
1565,50.514684704304365
1566,50.375105200671
1567,50.148441847372844
1568,50.14844184737284
1571,50.77602452984345
1572,50.77729704032857
1575,49.36307056142261
1576,49.36307056142262
1577,49.36307056142262
1578,50.06458167648962
1579,50.06458167648962
1581,49.85647547892308
1584,49.83373178117754
1585,49.83373178117754
1586,49.696279133166655
1588,49.73008500522956
1590,49.73008500522956
1591,49.75591375985898
1592,49.73008500522956
1594,51.33575976452534
1595,51.33575976452534
1596,51.342494796657654
1598,50.94095533715032
1599,50.94095533715032
1601,50.79823077825099
1603,50.7202179063049
1604,50.72073901357446
1607,51.79600837038126
1608,51.79600837038126
1611,51.79833307134887
1612,51.79892952902233
1613,51.798929529022324
1615,51.798929529022324
1616,51.798929529022324
1618,50.89954308707833
1622,50.89954308707833
1624,50.903890475965774
1626,50.903890475965774
1628,51.17955763661364
1631,51.244378224270044
1632,52.09220179496372
1633,52.09220179496372
1634,52.62986742348324
1636,52.62986742348324
1637,52.18132444347672
1638,52.18132444347672
1640,52.18132444347672
1641,52.26297682878538
1643,53.585241501497606
1644,53.87633876836447
1645,53.22325560288302
1646,53.22325560288302
1647,53.22325560288302
1648,53.22325560288302
1649,53.22325560288302
1650,53.22325560288302
1652,53.24964837398245
1653,53.68135118368976
1656,53.61413817817216
1657,53.99893081612665
1658,54.25952766164447
1659,53.22325560288302
1660,53.22325560288302
1661,53.475098466149824
1665,53.307419568989054
1666,53.307419568989054
1668,53.28653939422493
1669,53.28653939422493
1671,53.69584366607418
1672,53.696302540243764
1674,53.696302540243764
1675,53.828055269431644
1676,53.828055269431644
1678,53.740625610892316
1679,54.15726626967231
1681,54.546178425971796
1682,54.546185923586094
1683,53.1881721668771
1684,53.1881721668771
1685,53.1881721668771
1686,53.1881721668771
1687,54.51986515154853
1688,54.53015329226335
1689,54.52969441809377
1690,54.53040617098692
1691,54.65086095434522
1695,54.57884302770322
1696,54.578843027703215
1697,54.578843027703215
1698,52.77813691687404
1699,52.77813691687404
1700,52.778259405109154
1701,52.01393910748162
1702,52.076797889463805
1703,51.81017923480388
1704,53.52509371370887
1705,53.52509371370887
1706,53.52509371370887
1707,53.1072992556652
1709,53.26191599184339
1710,54.03345313128445
1711,52.9421660249446
1713,52.956425287965594
1714,52.956425287965594
1716,53.107070456257325
1717,53.107070456257325
1721,53.107070456257325
1724,54.06478150244376
1725,53.998036242778035
1726,52.71184614197068
1728,52.71184614197068
1730,52.71184614197068
1733,52.136557276505364
1734,52.29460957449991
1735,52.615428361412164
1736,52.61550409368281
1738,52.70860632762895
1739,52.70860632762895
1740,52.76012471397862
1741,52.12093505237952
1742,52.1094991545185
1743,52.1094991545185
1744,51.41356322318853
1745,51.41356322318853
1748,51.41356322318853
1749,51.375816530030264
1750,51.375816530030264
1754,51.49133681128192
1755,51.49133681128192
1756,51.491358273631825
1757,51.491358273631825
1758,52.4897073474018
1759,52.49048578399479
1760,52.49048578399479
1761,52.4904857839948
1765,52.63433708206855
1767,52.794419462825644
1768,52.79449903259033
1769,52.93682752709778
1770,52.93682752709778
1772,52.93682752709778
1773,55.266777555149105
1774,55.84924067118794
1776,55.362477892338134
1778,55.362477892338134
1779,56.34572956705152
1780,56.34572956705152
1781,56.34572956705152
1782,56.345732812056355
1783,56.34573281205636
1784,56.34832202268725
1785,55.38858408899808
1786,54.644514147949295
1787,54.644514147949295
1788,54.644514147949295
1790,54.64391769027584
1791,54.64391769027584
1792,54.64391769027584
1795,54.64391769027584
1796,54.64391769027584
1798,54.64391769027584
1799,53.93849472719797
1801,53.93849472719797
1802,53.93849472719797
1803,53.68556212728521
1805,53.68556212728521
1806,53.77947197815846
1807,53.49471260012539
1808,53.49582830092463
1812,53.495828300924636
1813,53.496436492720214
1815,53.49643649272022
1816,53.49643649272022
1817,52.93488008442949
1818,52.934880084429494
1819,52.934880084429494
1820,52.934880084429494
1821,52.93885018774726
1824,52.93885018774726
1825,52.706021075919935
1826,52.706021075919935
1827,52.706021075919935
1828,52.706305715336555
1829,52.65636714451372
1830,52.65636714451372
1832,52.97453151476429
1833,52.9313112554549
1835,52.9313112554549
1836,53.01324452377197
1837,53.01324452377197
1839,53.01324452377197
1840,51.71854142624047
1842,51.02613347056554
1843,51.02613347056554
1844,50.88897644420858
1845,50.17183055434188
1846,50.46117654755002
1849,50.46117654755002
1850,50.46117654755002
1851,50.46118481598143
1852,50.46118481598144
1853,49.8548729485689
1854,49.85487294856889
1856,51.042405861511355
1857,50.00789230250624
1859,50.35546416628599
1862,50.35639318291218
1865,51.66936026424417
1867,51.893416309700335
1869,51.893416309700335
1870,51.932826929323454
1871,51.932826929323454
1872,52.71341238734769
1873,52.74013114653711
1874,52.63582255764332
1875,52.63587430288062
1876,52.63587430288063
1877,52.63820791535859
1878,51.93012968119517
1879,51.695445719217915
1880,52.40308656887745
1881,52.21494453802412
1882,52.21494453802412
1885,52.21494453802412
1886,52.21621468678271
1889,52.21621468678271
1890,51.07096752617361
1891,51.07096752617361
1893,51.07096752617361
1894,50.65682841918868
1895,50.65682841918867
1896,50.65682841918867
1897,50.65858904354576
1898,50.70139740708111
1899,49.5057528013891
1900,49.353195865414584
1902,49.353195865414584
1903,49.354931313608446
1905,49.35493131360845
1906,48.9275843195194
1909,48.9275843195194
1910,48.9275843195194
1911,48.9275843195194
1913,49.01962038627787
1916,49.019766628996486
1917,49.10172571486692
1918,49.10172571486692
1920,49.47514402486436
1921,49.47514402486436
1922,49.102170878786275
1923,49.019303721230216
1926,48.9568455966724
1927,48.664152784650554
1930,48.55905626592696
1932,48.85988764653124
1933,48.13597172805019
1935,48.13597172805019
1936,48.135974515090176
1937,48.24999019052033
1938,48.371358495406604
1939,48.07193417250591
1942,48.07287238458919
1943,48.151003190835326
1947,48.151003190835326
1948,48.152141150136444
1951,48.02417440867869
1952,48.02417440867869
1953,48.02945445761061
1954,48.95048782776318
1955,48.79989807921142
1956,48.79989807921142
1957,48.79989807921142
1958,48.79989807921142
1960,48.79989807921142
1961,48.79989807921142
1963,48.278247711410174
1964,48.30572801958293
1965,48.30572801958293
1966,48.32011576064871
1967,48.34901140548357
1968,48.34901140548357
1969,48.34901140548357
1973,48.34901140548357
1975,48.59639563162243
1976,48.70456249597725
1978,48.619059482325724
1979,48.62583645377399
1980,48.62583645377399
1982,48.62583645377399
1983,48.62810555584577
1984,48.22366540554563
1985,48.22366203498781
1986,48.22365924794782
1987,48.354640879428416
1988,48.354195715509064
1989,48.354195715509064
1990,48.354195715509064
1991,48.298139522383224
1992,48.2981451386585
1993,48.2981451386585
1994,48.299217978669645
1995,48.30227855918409
1996,48.30227855918409
1997,48.30227855918409
1998,48.30227855918409
2000,47.86391308172712
2001,47.86391308172712
2002,49.57552243293025
2003,49.57552243293025
2004,49.58933028547118
2006,49.85017307784374
2008,49.21089012501541
2010,49.21089012501541
2011,49.97662496879938
2012,50.083051777953344
2013,50.083051777953344
2015,50.09106334721269
2019,49.95761795179621
2021,49.95766688542004
2022,51.0195678427024
2023,50.79406910197497
2024,50.7931980367089
2025,50.7931980367089
2026,50.7931980367089
2027,50.7931980367089
2028,50.7931980367089
2030,50.7931980367089
2031,50.7931980367089
2033,50.7931980367089
2034,50.964815509090386
2035,50.62935113746167
2036,51.11237159226505
2038,51.11237159226505
2039,51.11237159226505
2040,51.068215568115605
2042,51.068215568115605
2044,51.068215568115605
2045,51.068215568115605
2046,51.06821556811561
2048,51.048212705487984
2049,51.05253182786428
2050,51.05253182786428
2052,53.04084440627123
2054,52.70185452475316
2055,52.70426265671823
2056,52.70427813654919
2057,52.619612082196674
2058,52.61961208219668
2059,52.46560366267909
2061,52.46560366267909
2062,52.46560366267909
2065,53.332174788326654
2068,52.88743792262184
2070,52.86415871221205
2071,52.86425798058401
2072,52.865893164426495
2073,52.865893164426495
2074,52.83205957638419
2076,52.8320595763842
2077,52.86796993374601
2078,53.08836450792711
2079,52.999078446632154
2081,52.597304486236254
2082,52.597304486236254
2085,52.606948630994076
2086,52.60694863099408
2088,52.560921621548715
2089,52.560921621548715
2090,52.560921621548715
2091,52.51644602734763
2092,52.75515596721051
2093,52.75515596721051
2094,52.75550989928382
2095,52.16633059629872
2096,53.613095302106004
2097,53.613095302106004
2098,53.613095302106004
2099,54.29397226416549
2100,54.29397226416549
2101,55.306049111854804
2102,55.306049111854804
2103,55.42680271100359
2104,56.44088656078293
2105,56.32619865574378
2106,55.751254327582274
2107,55.751254327582274
2108,55.751254327582274
2109,55.76397126279419
2111,52.63387615185097
2112,52.63368897812811
2113,52.633688978128106
2116,52.85839790739314
2117,52.85855881487268
2119,52.85855881487268
2121,51.733835505616085
2123,50.514167313391056
2124,50.514167313391056
2125,50.41074001802485
2126,50.41074001802485
2127,50.810438623937486
2129,49.870513708738216
2130,49.870513708738216
2132,49.799717116619
2135,49.79971711661901
2136,49.8101390009106
2137,49.8101390009106
2138,48.84163118054468
2139,48.32326954390861
2141,48.312543796861696
2144,48.31165614703959
2146,48.64616066669687
2148,49.12816026968335
2151,49.145576984435905
2152,48.30822014569127
2155,47.4250302216988
2156,48.635377391026765
2157,47.818022131501664
2158,47.8183684652379
2159,48.14319213187285
2161,48.14319213187285
2162,49.9862160642447
2163,49.987803641432386
2164,49.54942087960055
2167,48.954471581888285
2170,48.95448447993406
2171,48.18893745704107
2172,47.88160471069474
2173,47.881604710694745
2174,47.881604710694745
2175,47.83274871051351
2177,47.83274871051351
2178,47.87995221020668
2179,47.89091429151896
2180,47.89091429151896
2183,47.89091429151896
2184,47.89091429151896
2185,47.89091429151896
2186,47.89091429151896
2187,47.90982323564241
2189,47.90982323564241
2190,47.913336189759
2192,47.92267404468315
2195,48.0317523934832
2196,49.17465170626149
2197,49.174305372525254
2200,49.174305372525254
2202,48.982531381978994
2203,49.127092188640894
2204,49.127092188640894
2206,49.127092188640894
2207,48.6619611251613
2209,48.217356709786586
2212,48.55709122302655
2214,48.450411363636405
2215,48.080011600216125
2216,47.62220148751418
2217,47.61453500089377
2218,47.61453500089376
2219,47.61462727578693
2220,47.61384647313704
2221,47.85371665919862
2222,47.85371665919862
2223,47.79836422752249
2224,47.79836422752249
2225,47.92284289453525
2229,48.65888869036705
2230,48.65888869036705
2231,48.65888869036705
2232,48.65889243138754
2233,48.65889243138755
2235,48.65923876512379
2240,47.381908838872825
2241,48.356081596006106
2242,49.062190418882345
2243,48.64050086354903
2245,48.64050086354903
2246,48.64315033522237
2249,48.64315033522237
2251,49.22446046652935
2252,49.22446046652935
2254,49.50265369287149
2255,49.498067049970544
2257,49.498067049970544
2258,49.498067049970544
2261,49.96192965572488
2262,49.96192965572488
2263,49.96192965572488
2264,49.94911194114034
2265,49.94911194114034
2266,50.60599620444187
2267,50.263547199525924
2269,49.34243574517472
2270,49.34243574517472
2272,49.34243574517472
2273,49.34295527637142
2274,49.34295527637142
2275,49.98578464164485
2276,49.98578464164485
2278,49.98578464164485
2279,49.309952411617644
2280,50.0537432616076
2281,50.0675924950811
2282,50.407039216994264
2283,51.158538631037274
2284,51.158538631037274
2285,51.158538631037274
2288,51.158538631037274
2290,51.15919594716653
2291,50.44227098591495
2292,51.828282117799084
2293,51.828282117799084
2294,52.319607332467925
2295,52.44321163510191
2296,52.44321163510191
2297,53.288645028262756
2298,53.288645028262756
2300,53.29033454234437
2303,53.29033454234437
2304,53.29033454234437
2305,53.29033454234437
2307,51.90432341046024
2308,51.90432341046025
2310,52.18372458368437
2311,52.067138852734196
2313,52.0929800717721
2314,52.092980071772104
2315,52.096660995811334
2317,52.096660995811334
2318,52.09595649096432
2319,52.480240457128936
2320,53.259124988682395
2321,53.663012873607634
2324,52.41986365081581
2326,51.80831921041676
2327,51.79577778847255
2328,51.79577778847255
2331,51.79577778847255
2332,51.92702518509251
2333,51.92702518509251
2334,50.98620001099776
2336,50.8786517477619
2337,50.8786517477619
2338,50.8786517477619
2339,51.452247820751055
2340,51.452247820751055
2341,51.45349604073466
2342,51.553369508241026
2344,51.45349604073466
2345,51.30830513376844
2346,51.30830513376844
2347,51.16893862977683
2348,51.17114893413727
2349,51.17114893413727
2350,51.17114893413727
2352,50.10802370494431
2354,50.10802370494431
2356,50.10802370494431
2359,49.71680880979464
2360,49.71680880979464
2361,49.72263325208929
2362,49.72264563410331
2363,49.57634335957784
2364,49.57634335957784
2365,49.32000713115177
2366,50.020667344689194
2367,50.020667344689194
2368,50.020667344689194
2369,50.00768225372732
2370,49.018457114753424
2372,49.025544498694785
2373,49.025544498694785
2374,47.93635565055499
2375,47.74545844605864
2377,47.747064485990805
2378,48.47635316008573
2379,48.47635316008573
2381,48.85369513050411
2383,49.45665815532327
2384,50.689288408254384
2385,50.23692459680167
2387,48.711544480683344
2389,48.71325741065699
2391,48.72009453985302
2393,48.72009453985302
2394,48.72103249052203
2395,48.72103249052203
2397,48.72103249052203
2398,47.79547233006363
2399,47.7886352008676
2400,47.7886352008676
2401,47.91105362389609
2402,47.362601389093015
2403,47.03593517795605
2404,47.69606189379039
2405,47.69606189379039
2406,48.14384288014428
2409,48.14384288014428
2411,48.14384288014428
2413,48.14384288014428
2415,48.33028010579886
2416,48.50044297744208
2417,48.504609517578416
2418,48.50961856194135
2419,48.50961856194136
2421,48.50961856194136
2423,47.985992879631425
2424,47.773051447307
2425,47.773051447307
2426,47.773051447307
2427,47.773051447307
2429,47.77337391005951
2430,46.63349079791403
2431,46.63725918832746
2432,46.69959947774835
2434,46.18343268904918
2436,46.986894766044735
2437,47.46083215211896
2438,47.46083215211896
2439,47.46083215211896
2440,47.512044407505776
2442,48.04375242011269
2444,48.10842018540891
2445,48.10842018540891
2446,48.10842018540891
2448,49.07421129752577
2449,49.07421129752577
2450,49.07421129752577
2451,49.07421129752577
2452,49.074291436608185
2453,49.074291436608185
2454,49.075305545006174
2455,49.85383557644533
2456,49.85383557644533
2458,49.87964170487724
2459,49.87964170487722
2460,49.890608233122144
2461,49.890608233122144
2462,49.890608233122144
2463,48.96023966133638
2464,48.96023966133638
2467,49.00429201244446
2468,48.52114811497252
2469,48.52114811497252
2470,48.52114811497252
2471,48.52114840625601
2475,48.122059522748835
2476,48.122059522748835
2478,48.122059522748835
2479,48.85471226923368
2481,48.85299933926003
2482,48.5856125161354
2484,49.4975050134674
2487,48.65212130572906
2488,50.3755837543583
2489,48.65132457323583
2491,48.910613453092004
2492,48.912653226778836
2493,48.6444057455293
2494,48.650769530563586
2495,49.22988189326817
2496,48.650769530563586
2498,48.88857355427332
2499,49.358383782834274
2500,49.358383782834274
2501,48.98478843233831
2503,49.16816337804216
2504,48.97834843742903
2508,49.47531550309863
2509,49.47531550309863
2510,49.90184846281098
2513,49.902479097723585
2514,50.00262050280254
2515,49.68189955455058
2516,49.68189955455058
2518,49.726283265098445
2519,49.726283265098445
2520,49.726283265098445
2522,49.726283265098445
2524,49.27639551227706
2530,49.27639551227706
2531,49.689951176976734
2533,49.689951176976734
2534,49.689951176976734
2535,49.69049793415812
2536,49.69290999004346
2537,49.69290999004346
2538,49.3995673432195
2539,49.3995673432195
2540,49.31551979811176
2541,49.46405034865278
2542,49.46405034865278
2544,49.46405034865278
2545,49.46405034865278
2548,49.469711533218394
2550,49.773264711782595
2552,49.77484216106814
2554,49.775324362590986
2555,49.67363880927109
2556,49.635393960504295
2557,49.76535048774979
2558,49.635393960504295
2559,49.635393960504295
2560,49.635393960504295
2563,49.83375644731186
2565,50.7378927802428
2566,50.6785504259042
2567,50.6785504259042
2569,50.665487462600815
2570,50.28715486404163
2571,51.086544126576776
2572,51.086544126576776
2574,51.086544126576776
2576,51.37686691737438
2577,51.37736575358932
2578,51.37736575358931
2579,51.37736575358931
2580,51.67563759051797
2581,51.62647788868085
2582,51.37736575358931
2583,51.37736575358931
2584,50.263989314686235
2585,50.263989314686235
2586,51.28556680639476
2587,50.674379573601655
2588,50.684954679534414
2589,50.684954679534414
2590,49.70476005661537
2591,49.70476005661536
2593,51.22629051567878
2595,51.22629051567878
2596,51.22629051567878
2598,51.22629051567878
2599,51.22629051567878
2600,51.13087787748029
2601,51.13087787748029
2602,51.60772344286754
2604,51.60772344286754
2607,51.59179441512875
2609,51.45890146818108
2610,51.46149855071503
2611,51.46149855071503
2612,51.46149855071503
2613,51.24899171158317
2614,50.57181741333981
2616,50.57181741333981
2617,50.347440563161186
2619,50.34741382576996
2620,50.34741382576996
2621,50.34741382576996
2622,50.43127110548738
2624,50.43127110548738
2625,50.43127110548738
2626,50.41753705586119
2629,50.41753705586119
2630,50.40147566857779
2632,50.40183305551121
2633,50.40879483649381
2635,50.31885214087196
2636,50.31885214087196
2639,50.31885214087196
2641,51.1003202986848
2642,51.1003202986848
2648,51.1003202986848
2650,51.172666790456674
2651,51.172666790456674
2653,51.175728054814016
2655,51.175728054814016
2657,51.0425853054908
2658,51.03676278432896
2660,51.03676278432896
2662,51.03676278432896
2663,50.91939322766537
2665,51.07122314138877
2666,51.07122314138878
2667,50.85804587659919
2669,50.87128123820594
2670,50.87128123820594
2671,50.87128123820594
2672,51.001617923824575
2673,51.180309249871925
2676,50.89388650054158
2677,50.89388650054158
2680,50.89388650054158
2681,51.96574173983774
2682,51.96574173983774
2683,51.96574173983774
2684,51.97420590063971
2685,50.59095734375656
2688,51.13993232315382
2691,51.142517624929255
2692,51.350867660839086
2693,51.350867660839086
2695,51.62651602130151
2696,51.57092461747293
2699,51.57092461747293
2700,51.57092461747293
2702,50.01375399018084
2703,50.01375399018084
2704,49.97271017737982
2706,49.974090104531115
2707,50.10729192721869
2708,50.10729192721869
2710,49.8547994834607
2712,49.00341007487312
2713,49.46177849807965
2714,49.464050188784924
2715,49.46780370163907
2716,48.70090947435916
2718,48.71276315851421
2719,47.94883434078383
2720,47.99472145204389
2721,47.53683808478857
2723,47.53683808478857
2725,47.53683808478857
2726,47.53683808478857
2728,47.53683808478857
2729,47.537747511514546
2731,47.56781882491881
2732,47.56315561514754
2735,47.55685229667389
2736,47.27938426347913
2737,47.27938426347912
2740,47.27938426347912
2741,48.02243363317893
2742,48.0225404022007
2744,47.99246908879643
2745,47.35035512014147
2746,47.35038235236701
2747,47.143394331121996
2748,47.143394331121996
2749,47.143394331121996
2750,47.143394331121996
2751,47.143394331121996
2753,47.12027698057706
2755,47.11764704684013
2757,47.117540277818364
2759,47.16451239366012
2762,47.18249394925425
2763,46.26743622267236
2764,46.117223099417295
2765,46.117223099417295
2769,46.127392115258836
2771,46.127392115258836
2772,46.02437948090662
2773,45.80450899695321
2775,45.89652370355207
2777,45.89652370355207
2778,45.89652370355207
2781,45.66828641644147
2782,45.29155859610588
2784,46.04006954934819
2785,46.04006954934819
2787,46.39262887538764
2788,46.39710919026626
2789,46.39710919026626
2790,46.59198163865927
2791,46.59198163865927
2792,46.59198163865927
2793,46.59198163865927
2794,46.59198163865927
2796,46.59198163865927
2799,46.59198163865927
2801,46.594817108596644
2802,46.594817108596644
2803,46.59302311138097
2804,47.65552625712477
2805,47.47191922507
2807,47.47191922507
2808,47.47191922507
2809,48.059128523375094
2810,48.06180222299692
2811,48.06180222299692
2812,48.06180222299692
2813,48.06180222299692
2814,47.3927141729618
2815,49.42246859869072
2816,49.42246859869072
2817,49.42246859869072
2818,49.42246859869072
2819,49.42246859869072
2820,49.42246859869072
2821,49.42247462048554
2822,49.42247462048554
2823,49.432682090999975
2824,49.43268209099998
2825,49.29598552549989
2826,49.35577083542986
2827,49.35577083542986
2828,48.41707203854218
2831,48.41707203854218
2832,48.41707203854218
2833,49.90394125171196
2835,49.90394125171196
2836,50.586509973645626
2837,50.586509973645626
2838,50.622330226441
2840,50.622330226441
2841,50.44011914417647
2842,50.44011914417647
2844,52.98754434389993
2846,52.98754434389993
2847,52.98744058026541
2848,53.08607126389453
2850,53.228199372641676
2852,53.39497961809447
2853,53.39497961809447
2854,51.982686776415186
2855,51.982686776415186
2858,53.06651609177829
2859,53.06651609177829
2860,53.115299483000165
2861,53.06651609177829
2862,53.06651609177829
2864,51.447742508375114
2865,51.447742508375114
2866,51.447742508375114
2867,51.447742508375114
2869,51.447742508375114
2871,51.635490761735305
2872,50.17440723159886
2873,51.0024681243671
2877,51.0024681243671
2878,51.0024681243671
2879,50.29053895991572
2881,50.29053895991572
2882,50.29054012396085
2885,49.836328528837775
2886,49.836328528837775
2887,50.88217051472091
2888,50.88217051472091
2889,51.178391066264666
2891,51.178391066264666
2892,50.76280742330017
2894,50.69668325629018
2897,50.69644766060572
2898,50.69644766060573
2899,50.69635174147372
2900,50.709734125502926
2901,50.709734125502926
2902,50.72508020716048
2903,50.65962680748985
2904,50.65962680748985
2905,50.616809335301376
2906,49.5772505142895
2908,49.5772505142895
2909,49.5772505142895
2910,49.86083084723366
2911,49.86083084723366
2912,49.86082968318853
2913,49.56644676315653
2914,49.56644676315652
2915,50.151158445219345
2917,51.5757475667741
2918,50.92191046877414
2920,51.32537949954797
2921,51.19561702420529
2924,53.593538380636694
2925,54.552141931949734
2926,53.104847836789766
2927,54.12987956881949
2928,54.12987956881949
2929,54.12987956881949
2931,53.99007863534307
2932,53.9874298645578
2933,53.50349370986569
2934,52.845246961762314
2935,52.845246961762314
2938,52.845246961762314
2939,52.84259257479212
2940,52.842716609604324
2941,52.854370451386714
2942,51.935013293500205
2944,53.388309385333045
2946,53.388309385333045
2947,53.46346326704221
2948,53.46346326704221
2951,53.842499658972564
2952,53.842499658972564
2954,53.84312851996945
2955,53.84312851996945
2957,53.84312851996945
2958,53.84312851996945
2959,53.87747278651228
2960,53.37584597437132
2961,53.59756801257246
2962,53.21840066429528
2965,53.21848107173425
2967,52.47403782905565
2969,53.12259767744906
2970,54.961179202409404
2971,54.961179202409404
2972,54.96117952540545
2973,54.961179525405456
2974,54.961179525405456
2976,55.00746290077775
2977,55.00876657937771
2980,55.00934600317066
2982,55.009346003170656
2983,53.8560522284189
2985,53.77721838754222
2986,53.977283700192416
2988,53.977283700192416
2991,53.97892588174461
2992,55.888595691298526
2993,55.888595691298526
2995,55.888274071358616
2997,56.41992682748215
2998,56.41992682748215
2999,55.665035253071665
3001,55.665035253071665
3002,55.665035253071665
3003,54.781461834633824
3006,54.781461834633824
3008,54.781461834633824
3010,55.18495213693452
3013,55.18495213693452
3014,55.188285217606825
3015,55.188285217606825
3017,55.188285217606825
3018,55.188285217606825
3019,54.19909572760668
3024,54.19909572760668
3025,54.19909572760668
3026,54.061290620260486
3027,54.061290620260486
3029,54.061290620260486
3030,52.765742976940075
3031,52.765742976940075
3033,52.56289945473759
3034,52.56289945473759
3035,52.56289945473759
3036,52.56289945473759
3037,52.56289945473759
3038,52.48282432091909
3039,52.48282432091909
3041,52.48282432091909
3043,52.48282432091909
3044,52.67982733147891
3045,52.660310373192715
3046,53.86340997465037
3047,53.864417778704265
3048,53.55477642450428
3049,53.55477642450428
3052,53.55477642450428
3054,53.55477642450428
3056,53.55477642450428
3058,53.55414756350741
3059,53.55414756350741
3062,53.55414756350741
3063,56.999364535736134
3065,57.00115726638684
3067,57.00115726638684
3069,55.589034486927915
3070,56.70069769157752
3072,56.70069769157752
3073,56.605581691315194
3075,56.6055816913152
3077,56.6055816913152
3078,56.589022374655606
3079,56.52178138715548
3080,56.52178138715548
3081,56.32254656006759
3082,56.32254656006759
3083,56.32254656006759
3084,56.32254656006759
3085,56.32254656006759
3086,56.32962601592498
3087,56.32823101090626
3088,56.39234446816698
3089,56.39234446816698
3090,56.39234446816698
3091,56.39234446816698
3093,56.39234446816698
3094,56.39234446816698
3095,56.88871138331522
3097,56.42944507414013
3098,56.42944507414013
3099,56.43480808463545
3100,56.44114750745952
3101,54.34022708178293
3102,54.14860252135405
3105,54.97931785899587
3107,55.11428593699382
3108,55.74217962389635
3110,55.74217962389635
3111,55.78496964500294
3112,55.78798204058684
3114,55.214342475209286
3115,55.2143424752093
3116,55.820834278049475
3117,55.820834278049475
3118,55.49811961935108
3119,52.19262237101296
3120,52.19317134129886
3121,52.374290385546175
3122,52.372503975785875
3124,52.33968531001675
3128,52.33968531001675
3130,52.33968531001675
3131,52.33913633973085
3132,52.339685310016755
3133,52.28690943268017
3135,52.28690943268017
3136,52.295230008927994
3140,52.03971316563756
3141,52.03971316563756
3142,52.03971316563756
3143,52.03971316563756
3144,52.076729354045796
3146,52.006424450986295
3147,51.78102041147302
3148,51.78102041147302
3153,51.92973831591079
3155,51.34419640233546
3156,51.34419640233546
3158,51.34419640233546
3163,51.0560066147064
3164,51.0560066147064
3165,50.534402341558945
3167,50.53440260241008
3168,50.63339452143284
3171,50.63339452143284
3172,50.54503303517244
3174,50.28765890463278
3175,51.257832698150516
3176,52.51901266182017
3177,52.68950724949531
3179,52.68950724949531
3180,53.02325372094258
3181,53.16334554434977
3183,53.71701537420418
3185,53.77842557875361
3186,53.581592615653115
3187,53.581592615653115
3190,53.592389458338076
3191,54.7367789873545
3192,54.7367789873545
3193,55.587019041106856
3194,55.591709542388415
3199,56.778620752311085
3200,56.778620752311085
3201,56.778620752311085
3202,56.778620752311085
3203,56.77910920746521
3206,56.38281474962945
3207,56.343813907915546
3209,56.35817200134093
3213,56.35817200134093
3214,56.35817200134093
3215,56.35817200134093
3216,55.9714558924877
3218,55.9714558924877
3222,55.97145589248769
3223,54.85579977735333
3225,54.85579977735333
3226,54.85579977735333
3227,54.85579977735333
3228,54.85579977735333
3229,54.85579977735333
3230,54.52064085423491
3231,54.52064085423491
3233,54.52064085423491
3235,54.52064085423491
3236,54.53045146843206
3240,54.53045146843206
3241,54.53045146843206
3242,54.53045146843206
3243,54.53045146843206
3244,53.55118956443142
3245,53.21197922719504
3246,54.57354835333649
3248,52.83422569562021
3250,52.83422569562021
3252,52.83422569562021
3253,52.83422569562021
3254,52.83940107791833
3256,52.880220799864034
3257,52.88022079986404
3258,52.89205795112153
3259,53.02442352028657
3261,53.02442352028657
3262,53.02442352028657
3265,53.30840550284153
3268,53.30840550284153
3270,53.30840550284153
3271,53.30840550284153
3272,53.05291051613592
3273,53.05291051613592
3275,53.05368531789054
3277,53.05368531789055
3278,53.05368531789055
3279,53.054029844486834
3281,53.05402984448683
3282,52.998373471334055
3283,52.95449756459488
3284,52.35608973153369
3289,52.30059481930524
3290,52.300918750361795
3293,52.300918750361795
3294,52.30098815620604
3297,52.30098815620604
3298,52.30098815620604
3299,51.60200835678061
3300,51.60200835678061
3302,51.17092294137603
3303,51.17092294137603
3304,51.17092294137603
3305,51.20220593648775
3306,50.545941758463336
3307,50.551394267330195
3308,50.5513942673302
3309,51.3862550712845
3310,51.3862550712845
3311,51.3862550712845
3312,51.3862550712845
3313,51.385931140227946
3314,49.878114253655376
3315,50.11808807882951
3316,50.11809185583398
3317,50.118091855833974
3319,50.118091855833974
3320,50.118091855833974
3322,50.11868362992131
3324,50.57215874411968
3327,50.57215874411968
3328,50.62230841975278
3329,50.62230841975278
3331,50.62230841975278
3333,50.62230841975278
3334,50.56710250547946
3335,50.567213088011
3336,49.76106026231134
3337,49.76106026231134
3338,49.76106026231134
3340,49.76106026231134
3341,49.74231752475037
3342,50.06150338837859
3344,50.06150338837859
3345,50.06150338837859
3346,50.06150338837859
3347,50.06150338837859
3350,50.60397729339211
3351,50.60397729339211
3353,49.93509024262157
3354,50.88986377345608
3355,50.88986377345608
3356,50.89679727883923
3357,50.89770841287701
3359,50.898231790981754
3360,50.89823179098175
3361,52.12834416642188
3362,52.039533230687326
3363,51.81225648720604
3365,51.9475769443864
3367,51.9475769443864
3368,50.98161329374857
3369,51.949288311210125
3371,52.222291164272
3372,52.222291164272
3373,51.50785822210484
3375,50.83158319548739
3377,50.83158319548739
3378,50.718514837188714
3379,51.44378232538822
3380,51.44378232538822
3381,51.44378232538822
3382,51.44157251685734
3384,52.590670290279995
3385,52.590670290279995
3386,52.65953147929817
3387,52.6477549903716
3388,52.6477549903716
3389,52.20289899481797
3393,52.4364725797291
3394,52.4364725797291
3395,52.4364725797291
3396,53.01597587036974
3397,53.01597587036974
3398,53.01597587036974
3399,53.01597587036974
3400,52.33760815183966
3401,52.184705526913405
3402,52.184705526913405
3403,52.18463612106916
3405,52.18463612106917
3406,52.18463612106917
3407,50.69616829130798
3408,50.69616829130798
3409,51.96349024656884
3411,52.08411402766118
3413,51.91366659678629
3414,50.57491684502912
3415,50.57491684502912
3418,50.75318854243997
3421,50.75318854243998
3422,49.96079380101453
3423,49.96079380101453
3424,49.96079380101453
3425,49.98368987088313
3426,50.885737717958946
3427,50.885737717958946
3428,51.0782352878203
3430,51.0782352878203
3431,51.0782352878203
3432,51.0782352878203
3433,51.0782352878203
3434,49.54521077125193
3435,49.54521077125193
3436,49.54521077125193
3437,49.19372165770845
3443,50.28025923094026
3444,50.32830048048574
3446,50.32830048048574
3447,50.32855841312749
3449,50.32855841312749
3450,50.32855841312749
3451,50.20018407692968
3453,50.20018407692968
3454,50.20018407692968
3455,50.20018407692968
3456,50.20018407692968
3460,49.981787641522764
3461,49.981787641522764
3462,49.31162105992692
3463,49.29936068735509
3464,49.29936068735509
3465,49.29947352513344
3468,49.299473525133436
3469,49.296108051756605
3472,49.296108051756605
3473,49.296108051756605
3474,49.296108051756605
3476,49.89317745597776
3477,49.893188441225256
3479,50.24806607418825
3480,50.24806607418825
3481,50.24806607418825
3482,50.24806607418825
3483,50.26093647839395
3484,50.26093647839396
3485,50.26093647839396
3486,50.220116756448256
3487,50.22011675644825
3489,50.220210146038376
3490,52.28672212535089
3491,52.11194819483751
3493,52.138304160202516
3494,51.14045317549021
3496,51.14045317549021
3497,51.14045317549021
3498,51.25262263318906
3499,51.25262263318906
3501,51.25262263318906
3502,51.25262263318906
3504,51.29125059712772
3505,51.55528222121692
3507,51.55528222121692
3508,51.55528222121692
3509,51.1359176277186
3512,51.25630417351484
3515,51.282996332520895
3517,51.10487727816478
3518,51.10487727816477
3521,51.187375763530476
3523,51.61341544515111
3524,51.61341544515111
3525,51.61341544515111
3528,52.137352309871055
3529,52.137352309871055
3530,50.177533951284175
3533,50.177533951284175
3535,50.177738608914666
3536,50.178983338744594
3537,50.178983338744594
3538,50.177738608914666
3539,49.74547445955488
3540,49.74547445955488
3541,49.74547445955488
3542,49.739576472807826
3543,48.16197667034708
3544,47.901248806918574
3545,47.901248806918574
3546,47.901248806918574
3547,47.90127389135817
3548,48.74019635635804
3549,48.75481726953162
3551,48.75481726953163
3552,48.75481726953163
3554,48.424533709730795
3556,48.48817022415449
3557,48.48817022415449
3559,48.48817022415449
3561,48.48817022415449
3562,46.714655040281684
3563,46.322255271985256
3566,46.322255271985256
3567,46.32225527198526
3568,46.32225527198526
3569,46.32225527198526
3570,46.32225527198526
3571,46.32225527198526
3572,46.32228649165815
3573,46.32228649165814
3574,46.32228649165814
3575,45.42092364234059
3576,45.42092364234059
3578,45.42092364234059
3579,45.42092364234059
3583,45.42092364234059
3584,45.42092364234059
3585,45.15493998361872
3586,45.15493998361872
3587,45.15493998361872
3588,45.5534727741559
3589,45.16019907124947
3590,45.16019907124947
3591,44.878025791811936
3595,47.02035299742972
3596,46.77492819722606
3598,46.77492819722606
3599,47.576381225132614
3600,47.704072962916605
3601,47.704072962916605
3602,47.42172232603106
3603,46.873283370455496
3604,45.9806932655383
3605,45.98659125228535
3606,45.98659125228536
3608,45.74235540227859
3609,45.54561142610414
3610,45.54561142610414
3612,46.40393873219554
3613,46.47932723945592
3618,46.45686665922009
3619,46.2456718941386
3621,46.71497235587671
3622,46.85045083532187
3623,46.62338553958091
3624,46.93548510845931
3625,46.974267308615424
3627,46.974267308615424
3631,47.169583819247165
3633,48.25618916746829
3634,48.25618916746829
3635,48.25618916746829
3636,48.25618916746829
3639,47.922478552397834
3640,47.641983001571354
3641,47.53258885398279
3642,47.53258885398279
3643,47.53258885398279
3646,49.08268100154853
3648,49.08268100154853
3649,49.08268100154853
3650,49.08268100154853
3651,49.02787922705591
3652,48.508948964056486
3653,48.75494576077245
3654,48.70597129580505
3655,48.706159167153274
3656,48.70615916715328
3657,48.70615916715328
3660,48.70615916715328
3662,48.70615916715328
3663,48.70615916715328
3664,47.67015978692355
3666,47.66952039293224
3667,48.38264070003268
3668,48.41770956840011
3669,48.41770956840011
3670,48.64509505492689
3671,48.89969296455507
3672,48.80057312309474
3675,48.80057312309474
3676,48.45524339905829
3677,48.51129018889215
3678,48.51129018889215
3679,48.51129018889215
3681,48.56428498693346
3682,48.61737016114198
3685,47.991669509780294
3686,49.057623821805706
3687,49.057623821805706
3689,49.06580398119909
3690,49.1200069870127
3691,49.06760887449915
3694,49.66737065160149
3695,49.06760887449914
3696,48.992405116486495
3697,49.15759286522582
3698,49.15759286522582
3699,48.167999801708355
3700,47.928407124081104
3701,49.21912755835216
3702,49.21912755835216
3703,49.560063443721766
3704,49.560185202974516
3705,48.566361661513675
3706,48.566361787485604
3707,48.567913031438266
3708,48.56791303143826
3710,48.56791303143826
3712,48.56791303143826
3714,49.98775621863219
3715,49.99146231770101
3716,48.94484990339694
3717,48.92551425374106
3718,48.82483751857432
3719,48.82483751857432
3720,49.45169020240106
3721,49.46488014478543
3722,49.6880992454049
3724,49.46488014478543
3725,49.46500176804583
3728,48.29214900512723
3729,48.29214900512723
3730,49.2558879786695
3731,49.05396653831054
3732,49.05472954667007
3733,49.05472954667005
3734,47.66544589326484
3735,47.10741571314562
3737,47.965495280936786
3740,47.965495280936786
3741,49.31584941939883
3742,49.31584941939883
3744,49.31584941939883
3745,49.31572766014608
3747,49.31572766014608
3748,49.31572766014608
3749,49.32611234565239
3750,49.32611234565238
3751,49.054856472640836
3753,48.998297685739466
3756,48.9983022357344
3757,48.99830223573441
3758,48.99936204525381
3760,48.64710269695868
3761,48.16866840855854
3762,48.17833859873141
3763,47.61920378336695
3764,47.5305222065204
3765,47.49235960750032
3766,48.22627895396242
3767,48.22627895396242
3768,48.22627895396242
3769,48.22627895396242
3770,48.22627895396242
3771,48.22627895396242
3772,48.23260348651377
3773,48.23260348651377
3775,48.43811269767961
3777,48.49840912089712
3778,48.49840912089713
3779,49.25751321929896
3782,49.25751321929896
3784,49.43057897588295
3785,49.43057897588295
3787,49.43057897588295
3788,50.14545006371283
3789,50.14545006371283
3790,50.14480666506849
3791,49.39981191385398
3792,49.40208769897131
3800,49.4020876989713
3801,49.4020876989713
3802,49.40240434634607
3804,49.402404346346074
3805,49.47555987708742
3806,49.51422034412911
3807,49.51422034412911
3808,50.90750764124072
3809,50.90750764124072
3810,50.97611628223118
3811,50.97611628223118
3812,50.97611628223118
3813,50.79844822813974
3816,51.674122641063484
3818,51.674122641063484
3819,53.39479256591154
3820,53.39479256591154
3822,53.326183924921075
3823,53.36152060322336
3824,53.16010287818883
3825,53.12602841599931
3826,53.12602841599931
3827,53.12602841599931
3828,53.12602841599931
3829,52.56943665407449
3830,52.56943665407449
3831,53.354484286533214
3832,52.40769635903041
3833,52.051428480934916
3835,52.051428480934916
3837,52.051428480934916
3838,52.051428480934916
3839,52.86748214744387
3840,52.87379390033431
3841,52.28673736633581
3843,52.28673736633581
3844,50.71043469059273
3846,50.71043469059273
3847,51.27473710974404
3848,51.27578524063684
3853,51.275785240636836
3855,51.275785240636836
3857,51.27581610107838
3859,50.71079165125638
3861,50.307662409104736
3864,49.86464595180779
3865,51.20031803900028
3866,51.20031803900028
3867,50.0959258184693
3868,50.09592581846929
3870,50.529190089666606
3871,49.84957317544021
3876,49.84957317544021
3878,49.84954636614599
3880,49.84954636614599
3881,49.84913394794501
3883,49.74366418299907
3885,49.74366418299907
3886,49.91471110466139
3887,49.624030038934606
3889,50.1379372106551
3890,50.14839468201352
3891,50.27985451262128
3892,50.27985451262128
3894,50.27985451262128
3897,50.27985451262128
3898,49.51336214262903
3899,49.61806777812029
3900,49.64337585870552
3901,49.64337585870552
3902,49.471855064280206
3903,48.939330683646475
3905,49.35718371728803
3906,48.939330683646475
3907,48.84844629297702
3909,48.85050350315774
3911,48.85050350315773
3912,48.85050350315773
3913,50.21385406318127
3914,50.25182987694351
3915,50.25182987694351
3916,50.25182987694351
3917,50.25182987694351
3918,50.25182987694351
3919,50.25182987694351
3920,50.279053029638554
3921,50.279053029638554
3922,49.65068622361147
3923,49.65068622361147
3925,49.65068622361147
3932,50.53510895279824
3936,50.53510895279824
3937,50.53510895279824
3939,51.4049090794564
3940,51.4049090794564
3941,51.4049090794564
3944,51.405627011986645
3945,51.40562701198665
3946,50.0946278842098
3948,50.0946278842098
3949,49.984315900002166
3952,49.984315900002166
3953,49.984786806748
3955,49.48292313791219
3956,49.442070981887866
3959,49.44207098188786
3960,49.44207098188786
3962,49.44207098188786
3963,49.44207098188786
3964,49.44207098188786
3965,48.59057025678485
3967,48.59057025678485
3968,49.04926194591825
3969,48.59057025678485
3970,49.00677414578934
3971,49.14646923697348
3972,49.00677414578934
3974,49.00677414578934
3975,49.00677414578934
3976,49.138454643359076
3977,49.13891160193206
3980,49.14111147181508
3982,49.14111147181508
3983,49.11596199615571
3984,49.4697464252665
3985,49.4697464252665
3986,49.414980157504175
3987,49.414980157504175
3988,48.81186140668595
3989,50.07279108862899
3991,49.651249942078636
3992,49.71813584877475
3993,49.71813584877475
3995,50.85190117031606
3996,50.85190117031606
3997,50.85190117031606
3998,50.85190117031606
4000,50.85190117031606
4001,50.85190117031606
4004,50.8519019071772
4008,50.4273233780704
4009,50.42732936368355
4010,50.42738040714363
4011,50.42738040714362
4012,50.42738419264046
4013,48.8932836881914
4014,49.47218598530399
4015,49.47218598530399
4017,48.645352079736334
4019,48.64627702699828
4020,48.767132224037006
4021,48.80980872035358
4022,48.81929037904566
4023,48.81929037904566
4024,47.994576356421156
4025,47.99477075789273
4026,47.21270603101267
4027,46.96777124505356
4028,46.96777124505356
4030,46.96777124505356
4031,46.96777124505356
4032,47.881001411620424
4033,47.881001411620424
4034,47.881001411620424
4035,48.09709765494147
4036,48.42325014543141
4037,48.42325014543141
4038,49.12132132940605
4039,49.317466606617465
4041,47.82089428832886
4043,47.82089428832886
4044,47.82089428832886
4046,48.60753040001477
4047,48.60755106179036
4048,48.607551061790346
4049,49.0446118286998
4053,50.32145180396033
4054,50.331114439583956
4056,50.331114439583956
4057,50.331114439583956
4058,50.331114439583956
4059,50.331114439583956
4060,50.331114439583956
4061,49.31419129110608
4062,49.31419129110608
4063,49.31419129110608
4064,49.29829027455834
4067,48.588324993835684
4068,48.7476437910224
4069,48.868388253493464
4072,48.868388253493464
4073,48.59271197110633
4074,48.59271197110633
4075,49.18170937091239
4079,49.02760582685662
4080,49.02760582685662
4082,49.02760582685662
4083,49.02282752172307
4084,49.02282752172307
4085,49.024537909797615
4086,47.52105432025237
4087,47.587445541732215
4088,47.587445541732215
4089,47.93571932862949
4090,47.532033744384876
4091,47.532033744384876
4093,47.532033744384876
4094,47.62220297977159
4095,47.32595914349917
4096,47.32595914349917
4099,47.32595914349917
4100,47.3267769182483
4102,47.32689393862974
4103,47.48547282397639
4106,47.48547282397639
4107,47.48547567181598
4108,47.48548359913299
4109,47.42090657210645
4110,47.42169883971001
4111,46.561939389266364
4112,47.417342834961254
4113,47.26764533982053
4114,47.26764533982053
4115,47.26764533982053
4116,47.16227265245706
4117,48.64688691749162
4118,48.587792132940564
4119,48.587792132940564
4120,48.515045229394886
4121,48.515045229394886
4122,47.50788610800194
4123,47.50788610800194
4124,47.50788610800194
4125,47.78391200510059
4126,49.463359381295106
4127,49.78920073016968
4128,49.78920073016968
4130,49.463359381295106
4132,49.463359381295106
4134,49.11027743301757
4135,49.111701285775396
4136,49.111701285775396
4137,49.48809947303003
4138,49.73502822688601
4139,49.73502822688601
4142,49.73502822688601
4143,49.66799860476091
4145,49.66799860476092
4147,49.57745087825428
4148,49.57745087825428
4149,49.57745087825428
4150,50.47465942537803
4151,50.47465942537803
4153,50.47465942537803
4154,50.47465942537803
4155,50.25155767862779
4157,50.25155767862779
4158,50.25155767862779
4159,50.25342374247959
4162,50.2534237424796
4164,50.2534237424796
4165,50.417577370729276
4167,50.34085171729326
4169,50.340851717293255
4170,50.340851717293255
4172,50.340851717293255
4173,49.964095870143225
4174,49.964095870143225
4176,48.908575109206325
4178,48.90754023330005
4179,48.907540233300054
4180,48.79858493101456
4182,50.35458841938376
4183,49.16577967602633
4184,49.805489436306516
4185,49.16683157164127
4186,49.16683157164127
4187,48.77726218649053
4189,48.58065297350778
4190,48.60250619661184
4191,49.57058891889116
4192,49.57058891889116
4193,49.57058891889116
4196,49.117150419967366
4197,49.14130335896186
4198,49.14373937311149
4199,49.14373937311149
4200,49.14442697817447
4201,50.23375731636074
4202,50.23486185464143
4204,50.23486185464143
4206,50.240408702449706
4207,50.240408702449706
4209,50.240408702449706
4210,50.240408702449706
4211,50.240408702449706
4212,49.734460724648216
4213,49.72186588502196
4214,49.88252008074499
4215,49.88252008074499
4217,49.88252008074499
4218,50.69491325052241
4220,50.69491325052241
4221,49.746222184282566
4223,49.746222184282566
4225,49.77501166675378
4228,51.086387812788466
4229,51.26786028609364
4230,51.26786028609364
4231,51.26786028609364
4232,50.449942296579884
4233,50.433746395602654
4234,50.433746395602654
4235,50.40602267745536
4236,50.40602267745537
4237,50.40602267745537
4238,51.93897866032322
4240,51.93897866032322
4242,51.943779684743724
4243,51.94377968474372
4244,50.256621434607275
4247,50.299521465852365
4249,50.78215627798201
4250,50.78215627798201
4251,50.782516271580945
4253,50.30327537335155
4255,50.30327537335155
4256,49.82086353247709
4258,49.56922383841376
4259,49.56922383841377
4261,49.56922383841377
4263,49.56739103786624
4264,49.566031830191406
4265,49.13609510659082
4266,49.13609510659082
4267,49.15100651259636
4268,49.41255419490703
4270,49.158012779771724
4271,49.40191139021718
4272,49.39490512304181
4273,49.394905123041816
4274,49.400543893935996
4275,49.20741365824157
4276,48.88073568167191
4278,48.88145834565661
4279,47.44333431007637
4281,47.44333431007637
4282,47.233274130220856
4284,47.233274130220856
4286,47.233274130220856
4287,47.233274130220856
4289,47.05724770194482
4291,47.30016633437582
4292,47.05724770194482
4293,47.95593653994249
4294,47.95593653994249
4295,48.01992689242396
4297,48.01992689242396
4298,48.26380318168883
4299,48.263421495876386
4301,48.263421495876386
4302,48.263421495876386
4304,48.263421495876386
4305,47.13325863753198
4309,47.13325863753199
4313,47.25582502570035
4314,47.24800817578178
4315,47.248008175781784
4317,47.248008175781784
4318,47.34690324435106
4319,47.34690324435106
4320,47.35146601813924
4321,48.45390795951142
4323,47.67084688269009
4324,47.67084688269008
4325,47.67084688269008
4326,47.81385808474776
4327,47.82536868169554
4328,48.748085074797636
4329,48.764215229068355
4330,48.76421522906835
4331,48.69443783592995
4333,49.04354004236887
4334,49.04354004236887
4336,49.470062385867735
4337,49.470062385867735
4338,50.08270612407899
4339,50.083194803483146
4341,50.022863015846454
4344,50.022863015846454
4348,50.022863015846454
4349,50.023618311119755
4350,49.757603046948624
4351,49.757603046948624
4353,49.75863646036358
4354,49.90670175157448
4355,49.90670175157448
4356,50.64394192091145
4360,50.64394192091145
4361,50.64394192091145
4364,50.63896034709967
4365,50.63896034709967
4366,50.77584268527961
4368,50.77584268527961
4370,51.079810365062926
4371,51.079810365062926
4372,50.934409482831235
4373,50.79752714465129
4374,49.865985751653675
4375,49.865938816366544
4377,48.59867031846136
4379,48.3560985265838
4380,48.3560985265838
4381,48.3560985265838
4382,48.3560985265838
4383,48.37367114043165
4385,48.564262891595135
4386,48.57974236077529
4387,48.58447807855711
4388,48.58446971169116
4389,48.58446971169116
4390,48.58446971169116
4391,48.58446971169116
4392,48.58341247330392
4393,48.58341247330392
4395,48.58341247330392
4397,48.58341247330392
4399,47.942352951857146
4401,47.942352951857146
4402,47.942352951857146
4405,47.9247803380093
4406,47.52813343908889
4408,47.70748936557152
4409,47.65217236480255
4410,47.65217236480255
4411,47.75235815415968
4412,47.42494734376147
4414,47.44049990876775
4416,47.44049990876774
4418,47.20601213688141
4421,47.20601213688141
4424,47.20601213688141
4425,48.78152612145651
4426,48.78182154595149
4427,48.521812003096386
4428,47.20639660123167
4431,47.206396601231674
4432,47.206396601231674
4433,47.206396601231674
4435,47.206396601231674
4436,47.206396601231674
4438,47.77367734800863
4440,47.773625121892906
4441,47.773625121892906
4442,47.773625121892906
4444,48.91952601855284
4445,48.91952601855284
4446,48.91952601855284
4447,49.99279767352295
4448,49.890030457899286
4451,49.890030457899286
4452,49.890030457899286
4453,49.890030457899286
4454,49.890030457899286
4455,49.890030457899286
4456,49.91787619761316
4457,49.91787619761316
4458,49.91778022868348
4459,49.91778022868348
4460,49.91778022868348
4461,49.92010469085114
4462,49.79323442869173
4463,49.79323442869173
4464,49.79323442869173
4465,49.80020536665325
4466,49.56959738209019
4467,49.65345175552801
4470,49.65347164728832
4471,50.00553236482314
4473,50.00553236482314
4477,50.00665285359828
4479,50.00665285359829
4480,49.90896915303512
4481,49.48599104015282
4482,49.486007483773705
4483,50.2009493104488
4486,50.2009493104488
4488,50.2009493104488
4489,50.2009493104488
4491,50.20091785195935
4492,50.20159973007404
4496,50.20159973007404
4497,51.17750675839604
4498,50.53476791033482
4499,50.37872797986544
4500,50.06742522383276
4501,50.00789293588829
4502,49.52939986787556
4503,49.52939986787556
4504,50.06284564438868
4505,50.06284564438868
4506,50.06284564438868
4507,50.140634905346865
4509,49.9632999524227
4510,49.9632999524227
4511,50.90144197870671
4513,50.878393662924076
4514,50.45166443896112
4515,50.45166443896112
4516,50.45166443896112
4517,50.45166443896112
4519,50.45166443896112
4522,50.45166443896112
4523,50.57702744078333
4524,50.57702744078333
4525,50.57702744078333
4526,50.577042329056
4527,49.485444539488846
4528,49.16471351644452
4529,49.7277566578753
4530,49.7277566578753
4532,49.7277566578753
4533,50.37373760146706
4534,50.70778433943334
4535,50.71005254012842
4536,50.88204510384201
4537,50.849257704078774
4538,50.86323321555542
4539,50.781562357855925
4540,51.15581512897025
4544,51.161214343791315
4545,51.161214343791315
4546,51.161214343791315
4548,51.161214343791315
4549,51.16128907651067
4550,51.06386680376215
4551,51.06386680376215
4552,51.06386680376215
4554,51.06386680376215
4556,51.06386680376215
4557,51.23804189700127
4558,51.23804189700127
4560,51.23804189700127
4562,51.2387687260272
4563,50.332951074410104
4564,50.25772802137058
4565,50.25772802137058
4566,50.04971141596171
4567,50.04971141596171
4568,49.368738920298085
4569,48.322873428633656
4570,48.32534414301334
4571,48.32534414301334
4572,47.89288689350722
4575,47.89288689350721
4578,47.912952384271335
4580,47.88142173287471
4581,47.88142173287471
4582,47.88142173287471
4583,47.88142173287471
4584,47.88142173287471
4585,48.32739665185974
4586,47.9237467444714
4588,47.88179726755125
4589,47.88179726755125
4590,48.13293850635412
4591,48.13293850635412
4593,48.13293850635412
4594,47.93303523959666
4596,47.93304155096753
4599,47.93304155096753
4600,47.93304155096753
4602,47.93304155096753
4603,47.93304155096753
4605,47.93304155096753
4610,48.012601306914036
4612,48.01271582695427
4613,48.01271582695428
4614,49.15254299079007
4615,49.15257947764903
4616,49.13093995002356
4617,49.13093995002356
4618,49.132956604142336
4619,49.13295660414234
4620,49.13295660414234
4621,48.69079824437305
4622,48.63058836806205
4623,48.095829019784574
4625,48.08399520540591
4626,48.08613302274151
4627,47.954054135835946
4628,47.954054135835946
4630,47.954054135835946
4632,47.93223692429623
4633,47.93233178956657
4634,47.99248881653263
4635,47.99248881653263
4636,47.69376419326219
4637,47.73513445016688
4638,47.73513445016688
4639,48.651334614451045
4640,47.73513445016688
4643,49.05614867079407
4644,49.05614867079407
4645,49.05614867079407
4650,49.05614867079407
4653,49.05614867079407
4654,49.05614867079407
4655,48.380085098120844
4656,48.38008509812084
4657,47.970574065763294
4659,47.480138538279554
4663,47.495574924162376
4664,47.02881504368224
4667,47.02881504368224
4669,46.915315847918755
4673,46.915318993827405
4674,46.915318993827405
4675,47.777606542107556
4676,49.25975382043679
4677,48.48738467544704
4678,48.48757356383249
4679,48.48757356383249
4681,48.93131122457873
4682,48.93131122457873
4683,48.931380420504944
4685,48.93121460500538
4686,48.882584054155615
4687,48.89336809338709
4688,48.89336809338708
4689,48.89336809338708
4690,48.89336809338708
4691,48.89336809338708
4692,49.05991149392131
4693,49.05972260553587
4694,49.05972260553587
4695,49.06168685058804
4697,49.06398177633836
4698,49.06398177633835
4699,49.06398177633835
4700,49.06398177633835
4701,49.06398177633835
4702,49.064268631430295
4704,49.064268631430295
4705,49.064268631430295
4707,49.07041472528522
4708,49.07041472528522
4709,49.963218280783835
4710,49.963218280783835
4713,49.35274054860074
4716,49.360103934780454
4717,49.360103934780454
4719,49.360103934780454
4720,48.82949130942902
4722,48.38522736671777
4723,48.38522736671777
4724,48.38522736671777
4725,48.38522736671777
4727,47.770626253047126
4728,47.770626253047126
4729,47.520769642594885
4730,47.79746114790671
4731,47.79746114790671
4733,47.79746114790671
4734,48.56232327260171
4735,47.79931590508795
4736,47.005542098934775
4738,47.18777887743049
4739,47.6736460509518
4740,47.67378431088109
4741,48.36618525199143
4742,48.031871866406696
4743,48.031871866406696
4744,48.03349689427505
4747,48.03349689427505
4748,49.2752997226571
4749,48.195311811211425
4750,48.195311811211425
4751,48.101323923010064
4754,48.101323923010064
4756,48.101323923010064
4757,48.101323923010064
4758,48.45043084532371
4759,48.35355771614497
4762,48.03545691042698
4763,48.00944334386396
4765,48.00944334386396
4766,48.00944334386396
4767,47.63188039624366
4771,47.63188039624366
4775,47.63188039624366
4777,47.63188039624366
4778,47.46870191112523
4779,47.46870191112524
4782,47.46870191112524
4783,47.70141827800374
4784,48.54179290096351
4785,48.54179290096351
4786,48.57071799893998
4787,48.57071799893998
4788,48.57071799893998
4789,49.980827874899695
4791,48.46831555221901
4792,48.58146350917132
4793,48.58146350917132
4795,48.58146350917132
4797,48.56228705783929
4798,48.56228705783929
4799,48.77819531866199
4801,48.4256182849802
4802,49.13463568695045
4804,49.13463568695045
4805,49.13463568695045
4806,48.988943567713946
4807,48.988943567713946
4808,48.988943567713946
4809,48.988943567713946
4810,48.991885338113654
4812,47.803099379550915
4813,47.803099379550915
4815,47.803099379550915
4818,47.80559699943384
4819,47.51875977417008
4820,47.4703787244362
4823,47.4703787244362
4828,47.309330589307415
4829,47.069694374131515
4830,47.36849198682937
4831,47.36849198682937
4833,48.49194718828966
4834,49.238047260554175
4835,48.624557815252786
4836,49.3583633827653
4837,49.3583633827653
4838,49.3583633827653
4839,49.3583633827653
4840,49.357841622922486
4842,49.357841622922486
4843,49.90735011922543
4844,49.99301251923157
4845,49.845835906089626
4846,49.84583590608963
4849,49.84583590608963
4850,49.75740462917255
4853,49.76362302837589
4854,49.87600161277179
4855,49.88630227394358
4856,50.59770622162278
4858,50.59770622162278
4859,50.902549145839025
4860,50.902549145839025
4861,50.98153487585728
4862,50.98153487585728
4863,50.98153487585728
4865,51.29316312565558
4866,51.29316312565558
4867,51.29316312565558
4868,51.29316312565558
4871,51.29316312565558
4873,50.436003115467145
4874,50.41435512338732
4876,50.41435512338732
4877,50.41435512338732
4878,50.41435512338732
4879,50.41435512338732
4881,50.2831198056422
4883,50.2831198056422
4884,50.28316182947613
4888,50.22850925688943
4889,50.445369857461486
4890,50.445369857461486
4891,51.92327585211209
4892,50.41675302340903
4893,50.418204350377486
4894,50.418204350377486
4895,52.18825633703036
4896,52.26396309698892
4897,51.03511556772315
4898,51.03533362970231
4899,51.0349122272755
4900,51.778827544328955
4901,51.778827544328955
4902,51.792949017741684
4903,51.790850661828934
4904,51.29790230709595
4905,51.29790230709595
4906,50.35390055054109
4907,50.353900550541084
4910,50.353900550541084
4911,49.3291963440347
4912,49.822318787095085
4914,49.82234226531981
4920,49.82234226531982
4921,49.82234226531982
4923,49.55659772781842
4924,49.54354916899435
4925,49.54354916899435
4926,50.31368078114588
4927,49.68320285933455
4928,49.68320285933455
4931,50.701699861750676
4932,50.701699861750676
4934,49.93070844393259
4935,49.98686825017716
4936,49.98686825017716
4937,49.175167724672285
4938,49.175167724672285
4939,49.13104568875712
4942,49.13104568875712
4943,49.06539751771309
4946,50.501779724436055
4947,50.59225516528449
4948,50.59225516528449
4949,50.59225516528449
4950,48.93084153242164
4951,48.93084153242164
4954,48.93084153242164
4955,49.03440920382325
4959,49.03440920382326
4961,49.03440920382326
4963,49.01828142280343
4964,49.33635186254024
4965,49.33635186254024
4966,50.10889153448467
4967,49.39027688400784
4969,49.45817742693619
4970,50.67272625312867
4971,50.32849054542637
4972,50.68448522990031
4974,50.48233734943049
4975,50.483817969885784
4976,50.48381796988579
4977,50.48388797462321
4979,50.48388797462321
4981,50.48388797462321
4982,50.48388797462321
4983,50.48388797462321
4984,50.48388797462321
4986,50.48388797462321
4987,49.126406648524636
4988,49.20589267901929
4989,49.053836053316566
4990,49.053836053316566
4991,48.76643408237665
4992,48.77642048329705
4993,48.970938794622406
4994,49.25964674162257
4995,49.25964674162257
4996,49.25964674162257
4997,48.47571292867727
4998,48.479862608880474
4999,48.56697987960332
5000,48.479862608880474
5001,49.535953102004626
5002,50.6833434020225
5003,51.759767871696724
5006,50.10551529181689
5007,48.58778931861528
5009,48.58778931861528
5010,48.52796597060514
5011,48.52796597060514
5012,49.323884098293966
5013,49.51917206192081
5014,49.51917206192081
5015,48.975601758069466
5017,48.97560175806946
5018,48.97560175806946
5019,49.109454342731034
5020,49.109454342731034
5021,49.04155379980268
5022,49.04159387487489
5023,48.86019048100221
5024,47.984755610665516
5025,47.984755610665516
5026,47.4399471254671
5027,47.44199859403141
5028,48.77856704492846
5029,48.778322050778755
5030,48.91156905803967
5032,48.795793168189626
5034,49.34490921462672
5035,49.34490921462672
5036,49.34490921462672
5038,48.120050543616124
5039,50.97473154050871
5040,50.97473154050871
5041,51.27892421093792
5042,51.27892421093792
5043,51.27892421093792
5044,50.9477763405679
5045,50.947776340567906
5046,50.9686129496991
5047,50.77077534924587
5048,49.38344037101631
5049,50.03889869441414
5053,49.96683306810545
5054,49.96683306810545
5055,49.96683306810545
5056,49.9670103489056
5057,49.9670103489056
5058,49.9670103489056
5059,49.5061130028645
5062,50.671672213202115
5063,50.005102889342936
5065,50.0923097493476
5070,50.0923097493476
5071,50.567538187261185
5072,50.567538187261185
5073,50.567538187261185
5074,50.567538187261185
5075,50.567538187261185
5076,50.567538187261185
5077,50.46905891077025
5080,50.17698280456292
5081,50.17698280456292
5082,50.11717159156956
5083,50.117171591569566
5085,50.02850605961967
5086,50.02850605961968
5087,50.02850605961968
5088,50.02850605961968
5089,50.02850605961968
5092,50.02850605961968
5093,49.98467855407092
5094,50.17679355623854
5096,50.25467374573854
5097,50.25467374573855
5098,49.21355648830186
5099,49.213556488301855
5100,49.775002712330625
5102,49.775002712330625
5103,49.783924503350946
5105,49.78401244227936
5106,49.78401244227937
5107,49.98700771156617
5108,49.98700771156617
5109,50.148033752578115
5110,50.16019734839387
5113,49.95939135209975
5114,50.00223958008297
5117,50.512324253639434
5118,50.5204229505179
5120,51.216763245333546
5121,51.46646669365407
5124,51.466315710571315
5126,51.466315710571315
5127,51.466315710571315
5128,51.466315710571315
5129,51.468675261083106
5130,51.77513899289138
5131,51.77513899289138
5132,51.77513899289138
5133,51.77513899289137
5137,51.775282585685034
5139,52.238414240751155
5140,52.366511438021895
5141,52.07413349487237
5142,52.07413349487237
5143,51.75801877131187
5145,51.75801877131187
5146,51.911255708042255
5148,53.468584506272606
5149,52.8099203452138
5151,52.30119231984649
5154,52.30491326741467
5155,52.31076994430369
5156,52.3107699443037
5158,52.3107699443037
5160,51.496590192577614
5162,51.496590192577614
5163,52.22743874662765
5165,52.22787815265018
5166,52.22787815265018
5167,51.49651175196871
5168,51.496511751968704
5169,51.43903660685294
5173,51.44915616695008
5174,51.20970443324146
5175,51.20970443324146
5176,51.45667478341883
5177,51.33363337343156
5178,52.38920915684669
5179,52.35167724428393
5180,52.35167724428393
5183,52.37243415295779
5184,52.37717249070759
5185,52.376733084685064
5188,52.376733084685064
5189,52.045116813739504
5190,52.045116813739504
5192,52.045116813739504
5193,52.045116813739504
5194,51.84591994095406
5195,51.84591994095406
5196,51.84591994095406
5197,51.84633843862097
5198,50.64387140051027
5199,50.64387140051027
5201,50.64387140051027
5203,50.64387140051027
5204,49.47636108986023
5205,49.47636108986023
5206,48.961853606545226
5207,48.961853606545226
5212,49.14290654822662
5213,49.14290654822662
5215,48.436899325367754
5216,50.645555751652545
5218,49.62339787077919
5220,49.62339787077919
5221,49.18958467361685
5223,49.16372760798613
5224,49.488397962663406
5226,49.16372760798613
5228,49.163171025266
5230,49.26007829410447
5231,49.163171025266
5235,49.19798032743166
5236,49.19798032743166
5237,49.23806917101718
5238,49.23806917101718
5239,49.23815714396842
5242,50.22574632636558
5243,50.22574632636558
5244,50.094291991541816
5245,51.277922802211855
5246,50.72704467906552
5247,50.71878334952757
5248,50.71878334952757
5250,50.71878334952757
5252,50.71878334952757
5253,50.71878334952757
5254,50.71878334952757
5255,50.52604958261066
5257,50.41784718856501
5259,50.32828328258083
5262,50.07161782809117
5264,50.07161782809117
5266,49.91208202559732
5267,50.48342650632121
5268,50.48342650632121
5271,50.48342650632121
5272,50.39219931093069
5273,49.75236720431418
5278,50.18662393249485
5280,50.18668555325143
5281,49.752367204314176
5282,49.12638039355205
5283,48.95482339468634
5284,48.96049745845093
5285,49.94682292737697
5287,49.94682292737697
5288,49.94490713534151
5289,49.94490713534151
5290,49.94490713534151
5291,49.94491255637311
5293,48.99230134655046
5294,49.781142163071436
5295,49.781142163071436
5296,50.263489027589095
5297,50.47654150578415
5301,50.59723456968335
5302,50.59723456968335
5306,50.59723456968335
5307,50.3327151760775
5308,49.734216754010305
5309,49.734216754010305
5311,49.734216754010305
5313,49.73482840569116
5314,49.65149820049429
5315,49.99501574557405
5316,50.82612049531708
5317,50.44264052568804
5318,50.83053572290702
5319,51.35228217268004
5321,51.361636920844106
5322,51.3616369208441
5323,51.32803657761102
5324,51.32803657761102
5326,51.14973952416816
5327,50.88138268983458
5328,50.605581985360935
5330,50.605581985360935
5332,50.469193365765854
5333,50.31323647682442
5334,50.11304417816197
5336,49.6452920751604
5338,49.6452920751604
5339,49.6452920751604
5340,49.6452920751604
5344,49.629869275396274
5346,49.629869275396274
5347,49.629869275396274
5348,49.629869275396274
5352,49.629869275396274
5355,50.123474152538165
5358,50.123474152538165
5363,49.63851267398601
5364,49.638512673986
5366,49.796477716971594
5367,50.47535631819052
5369,50.78139391199534
5370,51.62536184777143
5371,50.54082664220033
5372,50.54082664220033
5373,50.542025200109606
5375,50.542025200109606
5376,50.542025200109606
5377,50.542025200109606
5378,50.15981911949347
5380,50.159826910243645
5382,50.15862835233436
5383,50.25570829576361
5385,50.25570829576361
5386,50.90738982145738
5387,50.90738982145738
5388,50.911200736810464
5391,50.836765733258815
5392,50.836765733258815
5393,50.836765733258815
5394,50.84565931538294
5395,50.84565931538294
5396,50.84565931538294
5397,51.11434833553535
5398,51.114629540655116
5399,50.89260515173547
5400,51.18353439614508
5401,51.1835428800867
5402,51.11825333852422
5403,51.10828613795784
5404,51.10828613795784
5407,50.79518444742605
5408,50.797007111891865
5409,50.797007111891865
5411,50.63703135874312
5412,50.84033104710703
5413,50.63703135874312
5414,50.63703135874312
5415,50.63703135874312
5416,50.6373821962287
5417,50.63738219622869
5418,50.279327217310026
5419,50.30162910464408
5422,49.62506988107978
5423,50.0621893932433
5424,50.0621893932433
5425,50.06218090930168
5426,50.06218090930168
5429,50.03987902196763
5430,49.088678402527435
5431,49.08867840252743
5432,49.08867840252743
5433,49.59802805614634
5434,49.23791631611704
5435,49.5383105770083
5436,49.301909525788126
5437,49.301909525788126
5439,49.301909525788126
5440,49.301909525788126
5442,49.3022592675825
5443,48.71466465182752
5445,48.845520333123105
5448,49.66327100064669
5449,48.78028297195024
5452,48.78028297195024
5453,48.18172561666638
5455,48.18172561666638
5456,48.20068504329068
5457,48.20068504329068
5458,47.37050878473019
5459,47.217564367904046
5460,48.29565417079798
5461,47.24076238075146
5462,47.42643961455115
5463,47.43185525315058
5464,47.43185525315058
5466,47.43185525315058
5467,47.448469595008056
5468,47.44846959500806
5469,46.935210653815304
5470,46.935210653815304
5471,46.935499814503096
5473,46.93741086898304
5474,47.32507151086744
5475,46.04131531453602
5477,46.04131531453602
5478,46.04131531453602
5479,46.06621471193972
5480,46.064303657459774
5482,46.37954450255984
5483,45.963186408375094
5484,45.96221657643883
5485,45.96221657643883
5486,45.963721977282795
5487,45.963721977282795
5491,45.442146970876244
5493,45.62770152201589
5496,45.804485071724066
5497,45.69205226549883
5499,45.641488473046486
5500,45.64156010600436
5501,45.740776828104906
5502,45.740776828104906
5504,44.923026160581315
5505,44.100932285683655
5506,43.832152244631615
5511,43.766144629629096
5513,43.766144629629096
5516,43.69347016562966
5517,43.66092073538579
5519,44.49113336760801
5521,44.49753016500738
5522,44.49753016500738
5523,44.49753016500738
5524,46.80649066726889
5525,46.611444752116334
5530,46.61144475211634
5531,46.61202893231721
5532,46.31634453054059
5534,46.31634453054059
5536,46.31634453054059
5537,46.31634453054059
5538,45.52095218379354
5539,45.52347021059402
5540,45.44928718529552
5541,44.95410851710755
5542,44.47717070345648
5543,44.47717070345648
5544,44.68199286570237
5545,44.68199286570237
5548,45.465661571010315
5549,45.453749942041355
5550,45.453749942041355
5552,46.739792020498456
5554,46.739792020498456
5555,46.742442795903315
5556,46.74780035760546
5557,45.93773762707496
5558,45.93773762707496
5560,46.36428797456101
5561,46.36428797456101
5562,46.36428797456101
5564,46.36428797456101
5565,46.36428797456101
5566,45.82905813757926
5567,45.82905813757926
5568,45.82905813757926
5569,45.84238245858019
5570,45.798017528033036
5572,45.631190227280946
5573,45.631190227280946
5574,45.233576859255976
5575,45.262655705938926
5576,44.70507349747584
5579,44.705073497475844
5580,44.705073497475844
5581,44.729966407913096
5583,44.73596652968468
5585,44.584302273443086
5587,44.584302273443086
5588,45.21704532828455
5590,45.89033723103152
5591,45.89033723103152
5592,45.89033723103152
5593,45.89033723103152
5594,45.89209273938976
5596,45.892570280523294
5598,45.01552392706506
5600,47.45900596560314
5602,46.494385723009486
5603,46.48838560123791
5606,45.56153035211348
5607,45.56153035211348
5608,45.673153293060686
5610,45.67315329306069
5614,45.67315329306069
5617,46.52254795925403
5618,46.52254795925403
5619,46.52254795925403
5620,46.52254795925403
5621,46.52254795925403
5622,46.521628760638905
5623,46.521628760638905
5624,46.521628760638905
5625,46.62351145237273
5627,46.62351145237273
5628,46.62351145237273
5630,47.71471481459263
5632,47.72997179688365
5633,47.72997179688365
5635,48.04319697530321
5637,48.04319697530321
5638,48.036339364435754
5640,48.036339364435754
5644,48.0501648946378
5646,48.12683505603915
5647,48.148247434703045
5648,47.133096788038515
5649,47.54740456232253
5650,47.54740456232253
5651,45.34951507310323
5652,45.354890915726806
5654,45.59421171515099
5655,45.59421171515099
5656,45.59421171515099
5657,45.59421171515099
5659,45.92358208888277
5661,45.92358208888277
5663,45.92358208888277
5665,45.92358208888277
5668,45.92358208888277
5670,45.92358208888277
5672,45.92358208888277
5673,46.51805591830251
5675,46.983481122814524
5676,46.983481122814524
5677,46.983481122814524
5680,46.22216331331212
5681,47.14506328748418
5683,47.14506328748418
5685,47.14506328748418
5686,47.24232737544135
5687,47.21955788107256
5688,47.163861082262066
5690,46.56149809420236
5694,46.25484874008879
5695,46.24453486445826
5696,46.24453486445826
5697,46.324619910392514
5699,46.6467234595112
5700,46.6467234595112
5701,46.76909444702806
5702,47.784392723461735
5703,47.784384995045016
5705,48.403129527496546
5706,48.403129527496546
5707,48.56273598104021
5708,48.43617219485173
5712,48.43617219485173
5713,48.405100973672454
5714,49.14546675517035
5715,49.67911077211916
5716,49.699943627787334
5718,49.699943627787334
5719,49.197157523763096
5720,49.224273221294226
5721,49.224273221294226
5722,49.224273221294226
5724,49.224273221294226
5729,48.51971004112909
5730,48.51971987719862
5731,48.519730407240786
5732,48.181702519515895
5733,48.181702519515895
5734,46.93276231536105
5735,46.346793346482286
5737,45.55056772776161
5738,45.26866426246034
5741,45.42620269519928
5742,45.42620269519928
5745,45.42620269519928
5748,45.42048239335599
5749,45.420519450441105
5750,45.420519450441105
5752,45.4205194504411
5753,45.4205194504411
5754,45.4205194504411
5757,45.4205194504411
5758,45.4205194504411
5760,45.42052088629371
5761,45.42052088629371
5763,45.57025098018868
5764,45.57840915068164
5766,45.566524921499656
5767,45.20143198497696
5769,45.201431984976956
5770,44.98800542703619
5773,45.52053882722879
5775,45.48335690022114
5778,44.98799337276106
5779,44.371685968918136
5781,44.37336913893342
5782,44.37336913893342
5783,44.37336913893342
5785,44.406982501419265
5786,44.406982501419265
5787,44.82360381327263
5788,44.82706785993547
5789,44.82706785993547
5790,44.77670147292556
5791,44.780439902735516
5793,44.059886247502746
5794,44.059886247502746
5795,44.3454344322883
5798,45.03093830148166
5799,45.0317330477064
5800,45.031733047706396
5802,46.32382098049804
5803,46.32382098049804
5804,49.03933264312256
5805,49.03933264312256
5807,49.03933264312256
5808,49.03933264312256
5809,49.03933264312256
5810,49.39585627655007
5811,49.39585627655007
5812,49.41858638535949
5813,48.7005951933146
5815,46.84980843172966
5816,46.84980843172966
5817,46.84980843172966
5818,46.84980843172966
5819,46.84980843172966
5820,46.126613208360276
5821,47.75577340500762
5823,47.755867421535676
5824,47.755867421535676
5825,47.755867421535676
5828,47.88066418243692
5830,47.823261089351455
5831,47.823261089351455
5832,47.01386880414619
5833,46.89894994150889
5834,46.90399050252863
5835,46.95521655103069
5836,46.66159909663723
5837,46.75342306116598
5838,46.75345077724279
5841,46.75345077724278
5842,46.82113612915462
5843,47.7176351015457
5844,48.74560679985922
5845,48.74560679985922
5848,48.74560679985922
5849,48.74560679985922
5850,48.74560679985922
5851,49.92885439024613
5853,49.92885439024613
5855,49.92885439024613
5857,48.94419188726058
5859,48.14179672605695
5860,48.61429750165945
5864,48.61429750165945
5866,47.94375692180268
5867,47.408521564109336
5868,47.408521564109336
5871,47.02187745574319
5873,47.02187745574319
5875,47.02293270274206
5876,47.10497107248201
5877,51.226623649534616
5878,51.226623649534616
5879,51.226623649534616
5881,51.226623649534616
5882,51.226623649534616
5884,50.16553271330202
5885,48.812827705803564
5887,48.28764720536649
5890,48.28764720536649
5891,48.31477107702164
5893,48.27127383054941
5897,48.27127383054941
5899,48.27127383054941
5901,48.718454615761
5902,49.377678129307064
5903,48.9010026714685
5904,48.9010026714685
5905,48.90182757351845
5908,48.95294760366292
5909,48.97200667838236
5911,48.07151091464026
5912,48.27888633778092
5913,48.07151091464026
5915,48.07402452063717
5916,47.464987787695286
5917,47.43041986069044
5919,47.4305479070211
5921,47.430547907021094
5925,47.27047750771831
5927,47.272014353480934
5928,47.272014353480934
5930,48.241466245240794
5931,47.272321592511986
5932,47.24959148370257
5933,47.07402801783762
5934,47.08660722122163
5935,47.08660722122163
5936,47.32359978622929
5937,47.32359978622929
5939,46.266663816331636
5940,46.266663816331636
5942,46.266663816331636
5943,46.268405048977066
5944,45.51395709774068
5945,45.51395709774068
5946,45.515809724440636
5948,45.515809724440636
5949,47.351174944145235
5951,47.40721558909474
5953,47.40932122655824
5954,47.175341552434844
5955,47.175341552434844
5959,47.17380470667223
5960,47.1744439178465
5961,47.190871246204296
5963,46.55864550604988
5966,46.52391904355703
5970,47.81113644142581
5971,47.81113644142581
5972,48.2916054593732
5974,48.2916054593732
5975,48.29141143870089
5976,48.29141143870089
5977,48.29141143870089
5978,48.29141143870089
5981,48.29141143870089
5982,48.29141143870089
5983,48.76585154241876
5984,48.76585154241876
5985,48.766067841937925
5986,48.728940165600285
5987,48.728940165600285
5988,48.728940165600285
5990,48.728940165600285
5993,48.70660954850175
5994,48.70660954850175
5998,48.70660954850175
6000,49.06119541591783
6001,48.89340912120687
6004,48.892859953583994
6005,48.892859953583994
6008,48.892859953583994
6009,48.892859953583994
6010,49.24332434872414
6011,49.24332434872414
6012,49.02728708607559
6013,49.027287086075596
6014,48.4574387094946
6016,48.04629458031857
6017,48.04629458031857
6019,47.822533169676184
6021,47.822533169676184
6022,47.822533169676184
6023,48.708716959582745
6024,48.708716959582745
6026,48.70888276687065
6027,48.715266077169346
6028,48.715266077169346
6030,48.715266077169346
6031,48.715266077169346
6032,48.88541764083557
6034,48.72646713188231
6035,48.72732846642732
6036,48.72732846642732
6037,48.72732846642732
6038,48.73137016162529
6039,50.00259382685889
6040,50.36920261087876
6041,50.36920261087876
6044,50.36920261087876
6047,50.369202612370515
6049,50.36920261237053
6050,50.36920261237053
6052,50.3754983436037
6053,50.37773215943586
6054,50.3695739889429
6055,50.34021405451165
6056,50.34021405451165
6057,51.77405940673208
6059,51.77405940673208
6060,51.78341565750263
6062,51.835229409954835
6063,51.835229409954835
6067,51.83534061366849
6068,51.855642632872076
6069,51.73656384113629
6070,51.229032911759305
6071,50.86980428508288
6072,50.86980428508288
6073,50.86980428508288
6074,50.27953870570494
6075,49.652899904579584
6076,49.78958830466487
6077,50.009636572003515
6078,49.7796928832956
6079,49.78279160515304
6081,49.78279160515304
6084,49.83227409207098
6085,49.35985530332793
6086,49.35985530332794
6091,49.88089308121957
6092,50.130989527893135
6093,51.49511725928051
6094,51.49511725928051
6095,51.196124800890324
6096,51.196124800890324
6097,51.196124800890324
6098,51.196124800890324
6099,51.196124800890324
6102,51.19768144023291
6103,53.945612648523635
6104,53.89007885542101
6106,53.71088452715926
6107,53.71088452715926
6108,53.71089635727197
6109,53.71089635727197
6110,53.87310770126702
6111,53.87310770126702
6113,54.078749025502745
6117,54.08028587126536
6118,54.08028587126536
6120,52.968962679770684
6121,52.968962679770684
6122,52.968962679770684
6123,52.968962679770684
6125,52.88950627515858
6126,52.89433114951771
6127,52.89433114951771
6128,52.8020732583397
6129,52.8020732583397
6133,52.703273842065684
6134,51.722200855205585
6135,52.0668812453044
6136,51.708213253774204
6137,51.708213253774204
6138,51.70821325377421
6139,51.70821325377421
6140,51.023101581531584
6142,51.701627792509456
6143,51.525866393557415
6144,50.62298750108051
6146,50.62298750108051
6149,50.62298750108051
6151,51.04553006062692
6152,51.013849813813266
6154,50.24690562482468
6155,50.24690562482468
6156,50.24690562482468
6157,50.192011719861206
6158,50.083687822758534
6159,50.139548150311434
6160,50.139548150311434
6161,50.70079504824828
6162,50.70079504824828
6164,51.36880712487142
6165,51.96516594504714
6166,52.469954289489635
6167,52.469954289489635
6168,52.39837139864169
6169,53.29958999934534
6171,53.53196579340738
6172,53.53196579340738
6174,53.98097444527792
6175,52.9519496077543
6176,52.9519496077543
6178,52.9519496077543
6180,52.95198250144023
6181,52.95198250144022
6182,52.95198250144022
6183,51.92853114228814
6184,51.92853114228814
6185,51.92853114228814
6187,51.71473281088086
6188,52.40014084328657
6189,52.33202398157781
6190,52.33202398157781
6191,52.78260689683888
6192,52.192950548759555
6193,52.192950548759555
6195,52.04028275114679
6196,52.04028275114679
6197,51.241103050105224
6198,51.441609084883986
6199,51.441609084883986
6200,51.441609084883986
6201,51.441609084883986
6202,51.71674766276242
6203,50.887109387941045
6204,50.011070282373396
6205,50.011070282373396
6206,50.011070282373396
6209,50.01163504858459
6210,50.01163504858459
6215,50.01166074992969
6216,50.0119053713014
6219,50.010181666144405
6220,50.32715352298757
6221,50.32715352298757
6222,50.336102181733054
6223,50.02970763307549
6224,50.92547633204433
6225,49.38016876984452
6227,49.38016876984452
6228,49.38016876984452
6230,49.40575235111145
6231,48.682699862152695
6233,48.6812972677353
6235,48.68819122950109
6237,47.95255703742489
6238,47.95432622115129
6240,47.954584798459734
6242,46.63038703832675
6243,46.68869983208885
6244,46.96900493991737
6246,46.748416419797266
6247,46.760052584326424
6249,46.760052584326424
6250,46.76158861923885
6251,46.76158861923885
6252,46.76158861923885
6253,47.51524735066178
6254,47.51524735066178
6255,47.51524735066178
6258,47.51524735066178
6259,47.51524735066178
6260,47.51524735066178
6263,47.02239198960797
6264,47.02239198960796
6265,47.02270755960437
6267,47.02270755960438
6268,47.02270755960438
6269,46.60774122411306
6271,46.75441422834359
6274,46.72847316646329
6276,46.73493346970514
6277,46.382418792682465
6278,46.389154690241284
6279,46.389154690241284
6281,47.67754539151509
6282,47.67754539151509
6283,47.67754539151509
6285,47.67759076620438
6286,47.67759076620438
6288,47.67759076620438
6289,47.67777330959382
6291,47.677773309593825
6292,47.677773309593825
6294,47.559297508756025
6295,47.559297508756025
6297,47.559297508756025
6298,47.495438041358156
6299,47.495438041358156
6300,47.36465569992158
6301,47.36465569992158
6302,48.40857143977098
6303,48.01422455363708
6308,48.133361324235516
6309,48.133361324235516
6310,48.133361324235516
6311,48.133361324235516
6312,47.3778601387275
6314,47.3778601387275
6315,47.3778601387275
6316,46.1501747724009
6317,46.78746056642133
6318,46.16941007483429
6320,46.1501747724009
6321,47.08967704616009
6322,47.08967704616009
6325,47.08967704616009
6326,46.98550168521724
6327,46.98550168521724
6329,46.98550168521724
6330,46.98550168521724
6334,46.94201744634805
6336,46.864734656676255
6341,46.864734656676255
6342,46.871033806625974
6343,46.871033806625974
6347,46.864037844140725
6348,46.864037844140725
6349,46.864037844140725
6352,46.86393713905218
6356,46.719170556216824
6357,46.71914489874526
6358,48.01931080820722
6359,47.781830996902194
6360,47.781830996902194
6361,48.29024669024496
6362,48.29024669024496
6363,48.29024669024496
6364,48.29024669024496
6365,48.57720310267453
6367,48.44022926225032
6368,49.40035090840749
6369,49.40035090840749
6370,49.40035090840749
6371,49.15193495892652
6372,49.15193495892653
6373,48.548098916788234
6374,48.548098916788234
6375,48.548098916788234
6378,48.43882371965516
6379,48.43882371965516
6380,48.034735113088445
6381,48.034735113088445
6382,47.90136586462683
6384,47.901374167003546
6386,47.895075017053834
6387,47.895075017053834
6389,47.895075017053834
6392,47.77655150034419
6393,47.77655150034419
6394,47.53105152994095
6396,47.08576957037317
6397,47.08576957037317
6399,47.13187918717038
6400,47.132851135856825
6402,47.132851135856825
6405,47.125635629055274
6406,47.125635629055274
6407,47.125635629055274
6409,47.125635629055274
6410,47.080169880987725
6412,47.9502462777611
6414,47.9502462777611
6415,48.29323605830027
6416,48.29323605830027
6417,48.29323605830027
6419,48.29357301078464
6421,47.76035305948538
6422,47.760353059485375
6423,47.760353059485375
6424,47.6494321595945
6425,47.72178933930893
6428,47.72346627230721
6430,47.723466272307206
6431,47.723466272307206
6433,47.723466272307206
6434,47.77283658878294
6435,47.928717823891546
6437,47.928717823891546
6438,47.928717823891546
6439,48.06393750251694
6440,48.139190318282516
6442,48.139190318282516
6443,47.071679610084914
6444,46.9980638242879
6445,46.9980638242879
6446,46.9980638242879
6447,47.331790652261176
6448,47.33180106352244
6449,47.354483174166766
6451,47.35448317416676
6452,47.35448317416676
6454,47.3745567792178
6461,47.3745567792178
6463,47.331786518831734
6464,46.91776350203548
6466,46.94968447629712
6467,45.919162521058716
6468,45.91916252105871
6470,45.91916252105871
6471,45.63618249610068
6472,45.906386436742274
6473,47.15175110111245
6475,47.15193957763968
6476,47.25387474193093
6477,47.151945531813524
6478,46.4385173141141
6480,46.68937848352512
6482,46.68987702285209
6483,46.9636753451523
6484,47.35437095579677
6485,47.35437095579677
6487,47.35437095579677
6488,47.35437095579677
6489,47.35782754047211
6491,47.18719497668604
6492,47.18719497668603
6494,47.18719497668603
6495,47.18719497668603
6497,47.19334998774695
6499,47.82239227876536
6502,47.82239227876536
6503,47.82239227876536
6504,47.82239227876536
6506,47.82264199047482
6508,47.82264199047482
6509,47.82264199047482
6510,47.80335806754948
6511,47.80335806754948
6512,47.80335806754948
6514,47.80454678716622
6516,47.781864676521906
6521,47.775544608320985
6523,47.775544608320985
6524,47.622433848187924
6525,47.622433848187924
6526,47.62698369374395
6529,47.626983693743945
6530,47.59334206595472
6531,47.59334206595472
6532,47.35446554639019
6533,47.54808101462454
6535,48.265459492511326
6536,49.41731831477543
6537,49.419046139630225
6538,49.419046139630225
6540,49.419046139630225
6541,49.419046139630225
6543,49.41904788375548
6544,49.42130040113335
6545,49.421300401133365
6546,49.80787167439826
6547,49.80787167439826
6548,49.57535158023853
6550,49.70374019717069
6552,49.70374019717069
6554,49.7599627691796
6557,50.221108583925144
6558,49.92952507334991
6559,49.92952507334991
6560,49.92952507334991
6561,49.92952507334991
6562,49.80678439254283
6563,49.80679265135613
6567,49.80679265135613
6568,49.80886876676869
6570,49.81599052325737
6572,50.226623373243015
6576,50.226623373243015
6577,50.483931014712304
6579,50.483931014712304
6580,50.483931014712304
6582,50.483931014712304
6583,50.483931014712304
6585,50.483931014712304
6586,50.48313284850129
6587,50.48313284850129
6588,51.07554545610395
6589,51.075835591564804
6590,51.09610269249486
6592,51.09610269249486
6597,51.09610269249486
6598,51.09610269249486
6600,50.346804371628764
6601,50.3567360576759
6602,51.792827176804806
6603,51.82048296082346
6604,51.82048296082346
6605,51.82048296082346
6608,51.88897049013453
6609,51.88897049013453
6612,51.88905685148614
6613,51.88897049013453
6614,52.43279702933953
6615,52.1520447055543
6617,52.15226855124948
6618,53.05998624541459
6620,52.97309774158795
6622,52.97465297623361
6624,52.97465306560922
6625,52.97465306560922
6628,52.878937158691244
6631,52.878937158691244
6633,52.87975798892085
6634,52.99582074450565
6636,52.99582074450565
6640,52.99582074450565
6643,52.99582074450565
6644,52.24344458693133
6646,51.75705065334448
6647,52.04704216428277
6648,52.04704216428277
6650,52.17686996042572
6651,52.04704216428277
6652,52.04704216428277
6653,52.17284687906684
6654,52.17284687906684
6656,52.44267031243355
6658,52.3675192753091
6659,52.27134999319865
6660,51.9809616320764
6662,51.9809616320764
6663,53.451882564135445
6664,53.183367724220446
6667,53.183367724220446
6668,53.183367724220446
6669,52.54563707596554
6671,51.77548104226168
6672,51.775481042261674
6673,51.775481042261674
6674,51.775481042261674
6677,51.775481042261674
6678,51.775481042261674
6680,51.82299779850269
6681,51.82299779850269
6682,51.55009687456389
6684,51.552662828044
6686,50.85353372109674
6687,49.31685102066817
6688,49.317793712836455
6690,49.30380493353819
6692,49.54444568966967
6693,49.361206512509085
6696,49.361206512509085
6697,50.57128947189009
6699,50.731483065904406
6700,50.731483065904406
6701,50.36200799627983
6703,48.68990014646492
6706,48.68990014646492
6707,49.378082679037966
6708,49.378964818983235
6709,49.37896481898323
6710,49.37896481898323
6711,49.54698870422075
6712,49.21295655437416
6713,49.21488030940187
6714,49.19551903901597
6715,49.19551903901597
6718,48.95507111742407
6719,48.95507111742407
6720,49.04406843567715
6721,49.50458788754991
6722,49.18544586387204
6723,50.663284796754326
6724,50.38934197517314
6725,49.96258682174877
6726,49.96258682174877
6729,49.0474906096124
6730,51.13604002691582
6732,50.36070927519686
6733,49.843102708817106
6737,49.843102708817106
6738,49.843102708817106
6739,49.85799854750964
6740,49.85799854750963
6743,49.85799854750963
6744,49.85799854750963
6745,49.85800134940263
6747,48.85505592271976
6751,48.42875637271448
6752,49.563585827785516
6753,49.563585827785516
6754,49.563585827785516
6755,49.563585827785516
6756,49.1981954542364
6759,49.1981954542364
6760,50.687129324586984
6761,50.6867775468897
6763,50.6867775468897
6764,50.7021559512675
6766,50.51872355051545
6767,50.51872355051545
6769,50.51872355051545
6771,50.51872355051545
6777,50.33998897092128
6778,50.34335262321396
6779,50.75676321046398
6780,51.23413391835503
6781,51.23413391835503
6782,51.4512763568036
6783,51.45502775926855
6784,51.45502775926855
6785,51.45502775926855
6787,51.853421706346744
6788,51.853421706346744
6789,51.853421706346744
6793,51.853421706346744
6797,51.83181511083941
6799,51.765708891007954
6800,53.253495460551854
6801,53.253495460551854
6802,53.253495460551854
6803,52.9001006762173
6804,52.900101742822365
6805,52.14935918358321
6806,52.14935918358321
6807,52.14935918358321
6808,52.14935918358321
6811,52.14935918358321
6812,52.16378553741592
6813,52.017172819587906
6815,51.79967797984116
6819,51.92866001203821
6820,51.92866001203821
6821,52.21539197262682
6822,52.21539197262682
6823,52.21539197262682
6824,52.21539197262682
6825,52.21539197262682
6826,52.216022910854576
6827,52.216022910854576
6828,52.216022910854576
6829,52.21724120383248
6830,52.21712278015929
6832,52.2171227801593
6833,52.2171227801593
6834,52.21742718443621
6835,51.85391117696206
6836,51.85391117696204
6837,51.681262389061516
6838,51.681262389061516
6839,52.12775974307351
6840,52.157888565158174
6842,51.66035168846129
6844,51.50888947624696
6845,51.184002000651304
6846,49.45750261916302
6847,49.45750261916302
6848,49.511182433006994
6850,49.67884028463925
6852,49.67884028463925
6855,49.67884028463925
6858,49.58532984382657
6859,49.39576200918309
6860,49.21492735169619
6861,49.22853691887387
6863,49.22853691887387
6864,48.93372874331657
6865,49.775638616797806
6866,50.809534914626724
6867,50.809534914626724
6868,50.55677353769637
6869,51.159971602506175
6870,51.23821867250123
6873,51.07756413625025
6874,51.077564136250245
6876,50.79046771077529
6877,50.79046771077529
6878,50.7567607337742
6880,50.7567607337742
6881,50.7567607337742
6883,50.650561709046684
6884,50.650561709046684
6885,50.650561709046684
6886,50.16459850189443
6887,50.90357462878269
6888,50.90357462878269
6889,50.90357462878269
6890,50.90357462878269
6892,50.90357462878269
6893,51.657577744693185
6894,51.657577744693185
6897,50.63846975347525
6898,50.04793219837413
6900,49.36278975681802
6902,49.36278975681802
6903,49.4069869265672
6905,49.4069869265672
6907,49.4069869265672
6908,49.4069869265672
6909,49.40875241642572
6910,49.58772245466042
6911,49.58772245466042
6913,49.58772245466042
6914,49.587819429075836
6916,49.587819429075836
6917,49.56115017785933
6918,49.566340509554344
6920,48.51210818610208
6921,48.51210818610208
6922,48.44708004314792
6923,48.44708004314792
6924,48.31360537235475
6925,48.28351711123702
6926,48.29641017680354
6928,49.12557436438145
6931,49.09544554229679
6932,49.09544554229679
6933,49.09544554229679
6934,49.095933203930755
6935,48.138567323135504
6936,48.151199834270344
6937,48.38171924026647
6938,48.38171924026647
6940,48.461269300533
6941,48.46229312783285
6942,48.46229312783285
6943,48.46229312783285
6944,48.018648491951474
6948,48.01864849195147
6949,48.81393333453731
6950,48.818893284403856
6951,48.818893284403856
6952,48.027794451434076
6953,48.41631162137202
6954,48.41631162137202
6956,48.41631162137202
6958,48.41631162137202
6959,49.113607680038825
6961,48.417671541620116
6962,48.417671541620116
6963,48.417671541620116
6965,48.3715338852878
6966,48.35756684426034
6967,47.526076958530865
6970,47.5111574344186
6971,47.51115743441861
6972,47.51661681125723
6973,47.61883120065857
6974,47.65883853608878
6976,47.65883957567828
6978,47.4368443656413
6979,47.43807571252828
6980,47.73611975005355
6981,47.73611975005355
6983,47.699145317344616
6984,48.337497789387044
6985,48.431738890240084
6987,48.431738890240084
6989,48.80551511421055
6990,49.133939634980344
6991,50.04798690270596
6992,51.16923140491406
6993,50.35397858988872
6994,50.35397858988871
6995,50.35397858988871
6997,50.28822146485235
6998,51.66092544067861
6999,51.66092544067861
7000,50.32207736179732
7002,50.32207736179732
7003,50.327525713646224
7004,50.089124409741096
7005,49.18273773880127
7006,49.182737738801265
7007,49.224790435225145
7008,48.942961361819144
7011,48.942961361819144
7012,48.942961361819144
7013,48.9071346607828
7014,48.907147217285974
7015,48.90714721728597
7016,48.912194425824985
7018,48.30112545316734
7020,49.955897201811595
7022,49.955897201811595
7023,49.95580022739618
7024,49.95580022739618
7025,49.95580022739618
7026,49.95580022739618
7028,50.80172644768018
7029,50.79462912941295
7030,50.83658806555292
7032,50.83658806555292
7033,50.83658806555292
7034,50.05077744696122
7035,50.05077744696122
7036,48.94989759104151
7038,48.94989759104152
7040,48.94989759104152
7041,48.94989759104153
7042,48.94989759104153
7043,49.04142232717745
7045,49.04142232717746
7046,49.039795896021985
7047,48.97693256541569
7048,48.94989759104152
7052,48.90824190200167
7053,48.7955717015895
7054,48.22031845758044
7056,48.44172649358204
7057,48.44172649358204
7058,48.994486639276865
7059,48.994486639276865
7060,48.994486639276865
7061,48.994486639276865
7063,49.05240472528472
7064,49.054413016821066
7066,49.05441301682107
7067,49.05467558932934
7068,49.41634767231403
7069,49.41634767231403
7070,49.41634767231403
7072,49.81621476419482
7075,49.81621476419482
7079,48.62720142940009
7081,48.62722820396872
7084,48.75842086148951
7085,49.498660776940575
7086,49.31387491805518
7087,48.75842086148951
7088,48.75842086148951
7089,47.80131631622716
7094,47.80131631622716
7095,47.80131631622716
7097,48.30551274541796
7098,48.30551274541796
7099,48.30551274541796
7101,48.30551282395372
7104,48.31810723073595
7106,48.31810723073595
7108,48.31810723073595
7109,48.31810723073595
7110,48.31810723073595
7111,49.15803861263938
7112,49.31386014660414
7113,49.31674384073071
7114,49.08069211776684
7115,48.95619298240669
7116,48.95619298240669
7117,48.75734102594383
7118,48.75734102594383
7119,48.5796224908988
7122,48.40009230855182
7124,48.244537012719285
7125,48.24453701271929
7126,48.38229768705547
7128,48.38393236363715
7129,48.47645089647231
7130,48.5728305991385
7133,48.5728305991385
7134,48.5728305991385
7136,48.5728305991385
7137,48.68215421804319
7138,48.68215421804319
7139,48.68467817320667
7140,48.59043913660457
7141,48.60134015042134
7142,49.87564573507943
7143,49.87564573507943
7144,49.27693786096203
7145,47.49724455280204
7147,48.20040572867073
7148,48.20040572867073
7149,48.20050181018859
7150,47.433722943345686
7151,47.39747852467116
7152,47.39747852467116
7153,47.40446320663972
7154,47.40446320663972
7155,47.40285411678408
7157,47.399872515403096
7158,47.938486740998016
7162,47.938486740998016
7163,47.938486740998016
7164,47.941225480766676
7166,47.58535759712353
7167,47.54515699309201
7168,47.54515699309201
7169,47.561649552378626
7170,47.54252787489881
7171,47.542527874898816
7175,47.542527874898816
7177,47.542527874898816
7178,47.40852572787195
7179,47.47534119041869
7180,47.72092655017647
7182,47.475997155000016
7183,47.475997155000016
7184,47.375060502190344
7185,47.375060502190344
7189,47.36777850523347
7190,47.36777850523347
7192,47.334437856888805
7193,47.334437856888805
7195,47.3247931217532
7197,47.32707502158316
7199,47.32762548546088
7202,47.29663074978612
7205,47.6623866283991
7206,47.66523954125472
7207,47.58730060365709
7209,47.58730060365709
7211,47.58730060365709
7213,47.58730060365709
7214,47.58730060365709
7215,47.243772795417854
7216,47.533282285589756
7217,47.73407789706182
7218,47.73407789706182
7220,47.73407789706182
7221,47.7795650490977
7222,47.798172828381325
7224,47.755043313602584
7225,46.872980727638264
7229,46.87321073143724
7232,46.83150359474278
7233,47.13810449692473
7234,48.295572940620396
7237,48.295572940620396
7238,48.15396112764097
7239,48.15441788834588
7240,48.28213630411837
7241,48.56133686956092
7242,48.56139074972091
7243,48.561390749720914
7246,48.561390749720914
7247,48.561390749720914
7248,48.75505514631407
7249,48.75505514631407
7250,48.561390749720914
7253,48.561390749720914
7255,48.561390749720914
7258,48.55301721250747
7260,48.282598091433236
7261,48.282598091433236
7264,48.282598091433236
7265,48.28175786950923
7266,48.28182656988042
7267,48.28182656988042
7268,48.203686066797175
7269,48.203686066797175
7270,48.203686066797175
7271,48.203686066797175
7272,48.203686066797175
7274,48.203686066797175
7275,48.20539405296074
7276,48.21662412050143
7277,48.2160219329274
7279,48.21767348523542
7280,48.06938894852819
7284,48.06938894852819
7287,48.06938894852819
7290,48.73544533797959
7291,48.73791004872171
7292,48.73520495527633
7294,48.101151474025706
7299,48.143600114849846
7302,48.135188077559505
7304,48.280346091323075
7306,48.28432604256074
7308,48.101151474025706
7310,48.101151474025706
7312,48.101151474025706
7314,48.827272710842465
7315,49.021440381266096
7317,49.021440381266096
7318,48.926274389454214
7319,48.9494544762792
7324,48.488955893964466
7325,48.10313442788119
7326,48.68527451534131
7327,48.68527451534131
7328,48.68527451534131
7330,48.68527451534131
7332,48.685380855230335
7333,48.685380855230335
7334,49.43268976072893
7335,49.43268976072893
7336,49.70326596401794
7337,49.7033194069841
7340,49.43268976072893
7341,51.81976036654879
7342,51.860348651219674
7343,51.860348651219674
7344,52.094041868818636
7345,52.094041868818636
7347,52.120803236258844
7349,52.120803236258844
7352,52.120803236258844
7353,52.120803236258844
7354,52.120803236258844
7358,52.120803236258844
7361,52.55198853703454
7363,52.55198853703454
7364,51.26394293987563
7366,51.158307788525875
7369,51.392672879335606
7370,54.44668014476487
7372,54.44668014476487
7373,54.45036379605131
7375,54.461887642843145
7376,53.71459387651106
7377,53.71499458628672
7378,54.00853401890731
7380,54.0085649632868
7381,54.008564963286794
7383,53.12898273246511
7384,53.12898273246512
7385,53.12898273246512
7386,53.12898273246512
7387,53.12898273246512
7388,53.40558156962982
7390,52.30706011771991
7391,52.03905989081997
7394,52.97840256354188
7397,52.97840256354188
7398,52.97840256354188
7399,52.966021974321144
7401,52.96602197432115
7402,51.26092026925592
7403,51.26106923694291
7404,51.33919596640064
7408,52.11946604674933
7410,50.80077871027954
7412,50.80077871027954
7413,50.80077871027954
7414,50.620951078895125
7415,50.620951078895125
7416,50.620951078895125
7418,51.747719304561556
7419,51.747719304561556
7420,53.455089578896576
7422,53.460546831349845
7423,53.43298709228188
7424,53.42925487905057
7425,53.429254879050575
7426,53.429254879050575
7429,53.429254879050575
7431,53.429254879050575
7432,53.429254879050575
7433,53.44577544234635
7434,53.44577544234635
7435,53.449681959623206
7443,53.449681959623206
7444,53.449681959623206
7447,53.45000800458658
7449,53.45000800458658
7451,53.13837497573464
7453,53.0773758097838
7455,53.491552394976445
7459,53.49228797474659
7460,53.49228797474659
7463,53.4923119331241
7464,53.4923119331241
7465,52.9823227385115
7466,52.9546018157142
7467,52.954601815714206
7469,52.812222407157144
7470,51.88101258126851
7471,51.88101258126851
7472,51.8835605980238
7473,51.88101258126851
7474,51.88101258126851
7476,51.91497412811262
7477,51.91497412811262
7480,51.91498032305873
7481,51.88401159540294
7482,51.88401159540293
7483,51.88401159540293
7484,51.88401159540293
7486,50.80405030568053
7487,50.83166206326652
7488,50.832326165313816
7489,50.832258966209515
7490,51.096574781235276
7492,51.096574781235276
7493,51.096574781235276
7494,51.096574781235276
7501,51.096574781235276
7502,51.096574781235276
7503,50.97723215574417
7504,50.97723215574417
7505,51.38826638433489
7507,51.38826638433489
7508,51.38826638433489
7509,51.34369638415529
7510,51.577369763297504
7511,51.578584167014306
7512,51.578584167014306
7513,51.58575350007996
7514,51.58453909636315
7515,51.584539096363166
7516,51.962805888472474
7517,51.7620972266936
7521,52.266084172584506
7523,52.266084172584506
7524,52.50058308254794
7525,53.622930981969866
7527,53.622930981969866
7528,53.624426280416046
7529,53.62417367413732
7530,53.62417367413732
7531,53.62417367413732
7532,53.62417367413732
7533,53.62417367413732
7534,53.62417367413732
7536,53.62417367413732
7537,54.4204367018906
7539,54.49328986676003
7542,55.69961542570456
7543,55.69961542570456
7545,55.813144981618
7546,55.53357921134024
7547,55.53357921134024
7548,55.580624184731235
7549,55.209364908361025
7550,54.54751850974412
7553,55.99620944068525
7554,55.99620944068525
7555,55.62690515700727
7556,55.626905157007265
7557,55.626905157007265
7558,55.62704133049951
7559,55.64156945742527
7561,55.64152723318507
7562,55.67287370911876
7563,55.67287370911877
7565,55.57417268728722
7567,55.57417268728722
7568,55.50282816702523
7569,55.4940542345694
7570,55.49391806107715
7572,55.40618406111559
7573,55.40618406111559
7574,55.40618406111559
7575,55.29940531243388
7577,54.754966031423365
7579,55.02507707485346
7580,55.47974475581347
7581,55.49133591422051
7582,55.20397180532772
7583,55.204041573864096
7585,55.2040415738641
7587,54.38180687036596
7589,54.38861503056445
7592,54.45965953418941
7593,54.43795745787691
7594,54.42601660478844
7595,54.38861503056445
7596,54.38861503056445
7597,54.256253819547155
7599,54.3396908448612
7600,54.3396908448612
7602,54.640567635362025
7603,54.640567635362025
7605,53.32805987184926
7606,53.32805987184926
7607,53.41837448322371
7608,53.471297469586226
7610,53.42306922096031
7611,54.18450856879144
7612,55.759300802967665
7613,55.759300802967665
7614,55.73983912084242
7615,55.71035501526875
7617,55.710355015268746
7620,55.05423356833862
7621,55.22521700588503
7622,55.32515369961379
7623,55.32515369961379
7625,55.32515369961379
7627,55.32515369961379
7628,56.04698673798595
7629,56.04698673798595
7630,56.04698673798595
7631,56.332473218313126
7632,56.33269349506175
7633,57.93009988443044
7635,57.93009988443044
7636,57.935454131635616
7637,57.353308400192894
7639,57.3533084001929
7642,57.76512572396978
7643,57.76525205550403
7645,57.76525205550403
7647,57.76525205550403
7649,57.76525205550403
7650,57.76525205550403
7651,57.76525205550403
7654,57.389651954778515
7656,56.92795746522353
7658,58.15909019783456
7660,57.19704645268454
7662,57.19704645268454
7664,56.669168257290025
7665,56.68702537950465
7666,56.45371531189116
7667,56.45371531189116
7669,56.45371531189116
7670,56.45395255519501
7671,56.453952555195
7672,56.42367786434117
7673,56.42367786434117
7674,56.42367786434117
7675,56.42367786434117
7676,56.423963846311565
7677,56.423963846311565
7678,56.423963846311565
7679,56.423963846311565
7681,56.423963846311565
7682,56.423963846311565
7683,56.423963846311565
7684,56.06636462344534
7685,56.066573479084035
7686,56.33267531706488
7687,56.33267531706488
7688,56.33267531706488
7689,55.961146542047636
7690,54.2518683741321
7691,54.2518683741321
7692,54.2518683741321
7693,54.2518683741321
7694,54.19453500038528
7695,52.19772861422488
7697,52.19772861422487
7698,51.73120955736686
7700,51.73120955736685
7703,50.83119607839809
7705,49.656107721162414
7706,49.49136930257453
7709,51.19042721485306
7710,51.19042721485306
7713,51.19042721485306
7717,50.98316647138637
7718,50.98316647138637
7719,50.98316647138637
7720,50.98435129204681
7722,50.98435129204681
7723,50.98435129204681
7724,50.98451449105877
7727,50.984514491058775
7728,50.93405447307524
7730,50.934054473075236
7732,51.74850584506302
7735,51.93101628718871
7738,51.93101628718871
7739,51.853440707431155
7740,51.50088010238474
7741,51.867963016839155
7742,51.327968891968005
7746,51.327968891968005
7747,51.327968891968005
7748,51.327978910193075
7749,51.327978910193075
7751,51.327978910193075
7752,51.695418449637955
7753,52.25669424618627
7754,52.0522194509407
7755,52.018678492172384
7756,52.66656955138547
7757,51.986904156416635
7758,51.98690415641665
7759,51.98691167862998
7761,51.98691167862999
7762,51.98691167862999
7763,51.66490872636866
7764,51.66490872636866
7766,51.66490872636866
7768,51.66490872636866
7769,51.66490872636866
7770,51.66490872636866
7771,51.66490872636866
7772,51.66490872636866
7773,51.66490872636866
7774,51.91927452376316
7775,51.91966323840562
7776,51.919663238405626
7779,51.919663238405626
7780,51.08466714293431
7781,51.00648977758147
7784,51.00610106293901
7785,51.006101062939
7786,51.43332953956736
7787,51.90079893570317
7789,51.90079893570317
7790,51.90079893570317
7791,51.90079893570317
7795,51.90079893570317
7796,52.22849423392778
7797,51.9213630488829
7798,51.98462194228039
7799,52.86129341339488
7800,52.86129341339488
7801,52.86129341339488
7802,52.715614433495624
7803,52.425897087793814
7806,52.42589708779382
7807,52.42589708779382
7808,52.42589708779382
7810,50.29510074928394
7812,50.29510074928394
7813,50.29510074928394
7814,50.29510074928394
7815,50.264532975270164
7817,50.309204737513475
7818,51.71022931660453
7820,51.71022931660453
7821,51.71022931660453
7822,51.52562749739429
7823,50.965974243060764
7824,50.96597424306075
7825,50.96597424306075
7827,50.96597424306075
7828,50.96597424306075
7829,50.970664260566444
7830,50.970664260566444
7831,50.895609606359024
7832,50.895609606359024
7833,50.89561397393035
7835,50.89767261576121
7836,50.89767261576121
7837,50.90492364449224
7839,50.24765801886271
7840,49.15440174228539
7842,49.15440174228537
7843,48.2035421260164
7844,47.82454885757061
7847,47.82454885757061
7848,48.185316875345094
7851,47.82454885757061
7852,47.82454885757061
7854,47.823481614250184
7857,47.82370018370291
7859,47.823700183702904
7860,47.338358274606996
7863,47.338358274606996
7864,47.338358274606996
7866,47.581104694958206
7867,47.581104694958206
7868,47.50075073062932
7869,47.50075073062932
7870,47.28108351729604
7874,47.28108351729604
7875,47.32901135325534
7876,47.32901135325534
7877,47.28108351729604
7878,47.28108351729604
7880,47.28108351729604
7881,47.28108351729604
7882,48.0103468749619
7883,48.0103468749619
7885,48.0103468749619
7886,48.01205088699014
7887,48.01318690940968
7889,48.01318690940968
7890,48.01318690940968
7891,48.00431213953159
7894,48.00431213953159
7895,47.44181477338397
7896,46.042251564915254
7897,46.04225156491525
7900,46.04225156491525
7901,46.27102654910026
7902,46.65199201909111
7904,46.65199201909111
7905,46.65200502878021
7906,47.734025867725116
7908,47.9740657531248
7909,47.9740657531248
7910,48.02858115304832
7911,48.02858115304832
7912,47.90804132667531
7913,47.50799103526714
7914,47.50959210892249
7915,47.110371732339864
7916,47.110371732339864
7917,47.110371732339864
7919,47.110371732339864
7920,47.110371732339864
7921,47.28444505300444
7922,47.28444505300444
7923,47.28444505300444
7924,49.25302508929644
7925,48.85902161902369
7926,48.85902161902369
7928,48.85902161902369
7929,48.97534751849531
7930,48.97534751849531
7931,49.020548463987396
7932,49.020548463987396
7934,49.020548463987396
7938,48.88763023105742
7939,48.88763023105742
7940,48.88763023105742
7942,49.012288121636075
7943,47.794370434183534
7946,47.80341197153286
7947,47.564497329753564
7948,48.90769126001172
7949,48.7161905901634
7950,48.7161905901634
7952,49.4667158384813
7953,49.4667158384813
7955,49.4667158384813
7956,49.4667158384813
7957,48.6137242674428
7958,48.98461826345357
7959,48.68775752210053
7961,48.68775752210053
7963,48.49460050745859
7964,48.41239083822262
7965,48.33704860679514
7966,48.44958880462994
7967,48.38574743286688
7969,48.38574743286688
7970,48.38574743286688
7972,48.51028142661108
7975,47.90800717411132
7977,47.90800717411132
7979,47.72602109967461
7980,47.10656288349095
7981,47.10656288349095
7982,47.106606359031915
7985,47.106606359031915
7986,47.106606359031915
7987,47.2139097803327
7988,48.80514578125338
7990,48.80604782126268
7992,48.80604782126268
7993,48.80604782126268
7995,48.80604782126268
7996,48.74697004569379
7997,48.74697004569379
7998,50.023719341764064
7999,50.023719341764064
8000,53.18919584820382
8001,53.18919584820382
8002,55.88195917361668
8003,55.88195917361668
8004,55.88205906926326
8005,55.88205906926326
8006,55.88205906926326
8007,56.455244525815985
8008,56.455244525815985
8010,56.455244525815985
8011,56.461707158723904
8012,56.462281854729696
8013,56.275003995258814
8014,56.27500399525882
8015,56.501057970864245
8016,56.501059766553816
8017,56.49294893985948
8018,56.49294893985948
8019,56.51838649877938
8021,56.591273968621266
8022,56.61563253907319
8023,56.6159088708042
8024,57.068626491148564
8025,56.26672743351596
8026,56.26672743351595
8027,57.256303666529064
8028,57.25540656076166
8029,57.25540656076166
8031,55.70213182191314
8032,55.702287583534726
8034,55.70228758353471
8035,55.70228758353471
8036,55.70344527575496
8037,55.70733449368525
8038,55.68288175895837
8040,55.68288175895837
8042,55.6827259973368
8043,55.6827259973368
8044,55.682449665605795
8045,55.68244966560579
8046,55.31000888897819
8048,55.31363201781288
8050,55.19507732466057
8051,55.19507732466058
8053,55.19507732466058
8054,54.958269229236286
8056,55.00028573199423
8057,55.8232663790228
8058,55.8232663790228
8060,55.46076918724188
8061,55.46076918724188
8063,55.525746723999006
8065,54.58427350775512
8066,54.58427350775512
8067,54.67871586309222
8068,54.67871586309222
8070,54.674137576260144
8071,54.674137576260144
8072,55.95232669260228
8073,56.002897137536195
8074,56.002897137536195
8075,54.128493821537724
8079,54.128493821537724
8080,54.26927421797215
8081,54.43850303885328
8082,55.33942600550505
8083,55.00180908619292
8085,53.94490186817528
8086,53.94490186817528
8087,53.8395017785936
8088,53.46242517116379
8089,53.46242517116379
8090,53.46242517116379
8092,54.38955066868242
8093,54.38955066868242
8095,54.401827187222615
8096,54.401827187222615
8098,53.68547525218825
8099,53.69070314770844
8100,53.68681392977814
8102,53.68681392977814
8103,53.68681392977814
8104,53.68681392977814
8106,54.02149657658877
8107,54.02396177536821
8108,54.02396177536821
8109,54.0239617753682
8110,54.0239617753682
8111,54.162814371310766
8112,53.96128904147542
8114,53.96128904147542
8115,53.96128904147542
8118,53.45930347808196
8119,53.12613366648238
8120,52.64127041246853
8121,53.52664392308703
8122,53.52672808925085
8123,52.77021233188149
8126,51.868928627146055
8128,52.65245944339905
8131,52.65245944339905
8133,51.81604087075827
8134,51.81171425567021
8135,51.70421407792491
8137,51.44897534937145
8138,51.46460943244077
8139,51.06789099509415
8140,50.92271535607828
8141,50.92271535607828
8142,50.92271535607828
8144,50.92271535607828
8145,50.460302177108744
8146,50.460302177108744
8148,50.95761448146485
8149,50.606283582482035
8150,50.07377949696269
8151,49.8233288689956
8152,49.701658435976086
8153,49.70165843597609
8154,50.35331732726888
8155,50.35390649718529
8156,50.54252063430441
8157,50.54252063430441
8158,50.54252063430441
8160,50.01845920177217
8161,49.89623824212002
8162,49.83777372677943
8164,49.528566814123515
8166,51.6729017999026
8167,51.6729017999026
8168,51.6729017999026
8169,51.673574636938625
8171,51.1929951032766
8173,51.1929951032766
8174,51.1929951032766
8175,51.3085384085424
8176,51.3085384085424
8177,51.48562966889437
8178,51.179428260281604
8179,51.17942826028161
8181,51.19067675549235
8183,51.190676755492355
8185,51.190676755492355
8186,51.19576430138122
8187,51.19576430138122
8188,51.198897888432526
8190,51.227666540335775
8191,51.09826364784466
8193,51.099257991049285
8194,50.593058469685026
8195,51.8828356352164
8199,51.8828356352164
8200,51.8828356352164
8203,50.40210000947021
8204,50.41525259885709
8206,50.40210000947021
8210,50.40210000947021
8212,49.89206959825513
8213,49.89442547370777
8214,51.84240972553158
8215,51.84240972553158
8217,50.927714086825794
8218,51.0097525574252
8219,51.0097525574252
8220,51.01172814055258
8221,51.01172814055258
8223,50.44032965398778
8224,50.43846068937448
8225,50.43846068937448
8226,52.431263683608314
8228,51.638639429112196
8229,51.77080951177136
8230,51.42385534051941
8231,51.42385534051941
8232,51.65867004661075
8234,51.65924821090527
8235,50.62580674117466
8236,50.164700589441246
8237,50.164700589441246
8238,50.039753526828626
8239,50.03990887738559
8241,50.03990887738559
8243,50.03990887738559
8244,50.064436311137854
8246,50.064436311137854
8247,49.12665299092157
8250,49.01808282360053
8251,49.45266182850525
8252,49.45266182850525
8253,49.45696786493675
8254,49.456999067617154
8256,49.45699906761715
8257,49.037631147395594
8259,48.7700207941212
8260,48.7700207941212
8263,48.39940155757448
8264,48.50976664013591
8265,48.27673937958682
8266,48.31380648295073
8267,48.31380648295073
8268,48.45305548149053
8269,48.45305548149053
8270,48.217990582618256
8271,48.217990582618256
8272,48.217990582618256
8276,48.217990582618256
8277,48.43294378326815
8278,47.76426823704509
8280,47.76426823704509
8281,47.77936690812703
8282,47.588834513341595
8283,47.588834513341595
8284,47.588834513341595
8285,48.52495512158148
8286,48.52495512158148
8288,48.52495512158148
8289,48.52495512158148
8290,47.88398991591778
8291,47.88398991591778
8292,47.88398991591778
8293,47.88398991591778
8296,47.61019636934723
8302,48.744836702609284
8303,48.45714886428074
8304,48.45714886428074
8305,48.45714886428074
8308,48.471310451755016
8309,48.006230661486626
8310,48.006230661486626
8312,48.88504292515378
8314,48.88504292515378
8315,48.88504292515378
8316,48.891680685568026
8318,48.891680685568026
8320,49.26812810691382
8321,48.89168068556802
8322,49.25766514127987
8323,49.257677009099716
8324,48.97562793564622
8325,48.97562793564622
8326,48.97562793564622
8328,49.173524028998386
8329,49.103313917321636
8331,49.103313917321636
8332,48.42823967520159
8333,48.42823967520159
8335,48.42823967520159
8336,48.42862338218636
8337,48.35681437737158
8338,48.35681437737157
8339,48.35681437737157
8340,48.76334757638907
8342,49.793984191499504
8343,49.66933968700279
8345,49.66933968700279
8346,49.669523570380015
8347,49.138980782747375
8348,49.29439142946309
8349,49.29439142946309
8350,49.41726254373226
8351,48.46563815835439
8352,48.43998595809521
8353,48.41790123278623
8355,48.126628576357206
8356,48.126628576357206
8357,48.12257251829399
8358,47.380190904525634
8360,47.38051586354645
8361,47.57553510996663
8363,47.87608575345087
8364,47.81868888925904
8365,47.81868888925904
8369,47.92232588803671
8371,47.92232588803671
8374,47.54679515563471
8375,47.54679515563471
8376,47.97598531968122
8378,48.26813299952885
8379,48.131544206886915
8380,48.13159479036603
8381,48.148259573002186
8382,48.23770062945197
8383,48.23770062945197
8385,48.38602681549747
8386,48.38602681549747
8388,48.38602681549747
8390,48.31341878418932
8392,48.31341878418932
8393,48.31341878418932
8395,48.31341878418932
8399,48.31341878418932
8401,50.92866288568879
8402,50.9248130128379
8404,50.9387007357959
8405,52.257349885968985
8406,52.22654022866195
8407,52.21348294369617
8408,52.21348294369617
8409,52.074417838841704
8411,52.074417838841704
8412,52.07441798828866
8415,52.07441798828866
8416,52.07441798828866
8417,52.074417988288666
8419,52.074417988288666
8420,52.12518425553234
8421,52.12765123480358
8423,51.89133455017179
8424,51.876146252951884
8428,50.65778529841271
8429,51.2083468936257
8430,51.38661859103655
8431,51.38661859103655
8432,51.20007881727003
8433,51.20007881727003
8434,51.20007881727003
8437,52.10404494407918
8438,52.15057012928618
8439,52.64500088377852
8442,51.492835801051285
8444,50.65854935440077
8445,50.68098235107431
8446,50.68098235107431
8447,49.909497566522894
8449,51.307276409413284
8450,49.79134353694184
8451,49.79134353694184
8452,49.79134353694184
8454,49.79134353694184
8455,49.79134353694184
8458,48.61486897144506
8459,48.61486897144506
8460,48.61486897144506
8461,48.61494461328591
8462,48.6149446132859
8464,48.38334997138458
8465,48.38334997138459
8466,48.27948822494453
8467,47.33246284195936
8468,47.42462364143468
8470,46.8269344918001
8471,46.8269344918001
8472,46.998834823763104
8477,47.40181053282682
8478,47.182934321470434
8480,47.182934321470434
8481,47.18349117975818
8482,47.07101417531237
8483,47.07101417531237
8485,46.26138364828845
8491,46.261383648288444
8492,46.261383648288444
8494,46.23896605436506
8496,46.238966054365065
8497,46.24022169077644
8499,45.88244614183419
8500,45.847742768739295
8501,45.847901666207854
8505,46.24831062466246
8506,46.24831062466246
8507,46.24831062466246
8509,46.24831062466246
8510,46.473443179093344
8511,46.473443179093344
8514,47.12651071937748
8515,47.12668214085696
8517,47.12668214085696
8518,47.26682530280374
8520,47.26682530280374
8521,47.26682530280374
8525,47.26682530280374
8526,47.17705825241746
8527,47.17705825241746
8532,47.37112143633592
8533,49.175209799561856
8534,49.175209799561856
8536,49.175209799561856
8537,50.772324416800174
8539,50.772324416800174
8540,50.772324416800174
8542,50.76521511597592
8543,50.76521511597592
8545,50.86196700647678
8546,50.76521511597592
8549,50.76521511597592
8550,50.76521511597592
8551,49.92662161642104
8552,49.663423638428405
8553,50.50782052869108
8554,50.50782052869108
8555,50.50782052869108
8556,50.47534529601578
8557,50.475345296015774
8558,49.67521126055742
8559,50.29026712357709
8560,50.31660586906989
8561,50.31660586906989
8562,50.93693929516207
8563,50.93693929516207
8564,51.14074816479447
8565,51.14074816479447
8568,51.057679940025004
8571,51.74346033042832
8572,51.418462714990454
8573,51.41908289611558
8574,51.41908289611559
8575,51.38524103330542
8576,50.6715433721071
8577,50.67154337210711
8580,50.46624614552732
8581,50.46591060964786
8585,51.27582040688427
8586,51.27582040688427
8587,51.27582040688427
8589,51.2797027715405
8590,51.27970277154051
8591,51.228093304886556
8593,51.228093304886556
8594,50.182842647097594
8595,50.182842647097594
8596,50.182842647097594
8598,49.90238853938964
8600,49.90238853938964
8601,49.90238853938964
8602,49.90238853938964
8604,49.90238853938963
8605,49.988427733568315
8606,49.991255632120314
8608,50.17158666170257
8610,50.17166540898624
8612,49.7105522255683
8613,50.049564005609284
8614,50.049564005609284
8615,50.04976742320883
8621,50.04976742320883
8622,49.73730814874426
8624,49.73730814874426
8625,49.73730814874426
8626,49.73730814874426
8628,49.73730814874426
8634,49.007937640560684
8635,49.007937640560684
8636,49.01337059825816
8638,49.30832410131976
8639,49.31171825099449
8641,49.306285293297016
8642,49.30628529329702
8643,49.30829685330909
8645,49.063126202970686
8646,49.063126202970686
8648,49.063126202970686
8649,49.063126202970686
8650,49.063126202970686
8651,48.61041408332313
8652,48.11337087944008
8653,48.11337087944008
8657,48.45492725248222
8660,50.35485209738232
8661,50.35485209738232
8662,50.35485209738232
8664,50.301738387249166
8665,50.30176091843146
8666,50.30176091843146
8668,50.30176091843146
8669,50.30176091843146
8670,50.301760613629945
8671,50.30176061362995
8672,50.30176061362995
8674,50.30176061362995
8675,50.30176061362995
8676,48.70701916844001
8677,48.96347697091132
8678,48.96347697091132
8680,48.96347697091132
8681,48.96664865874285
8682,48.93892522981521
8684,48.939800757325216
8685,49.64166229641849
8687,48.69573740403951
8688,48.935852043001525
8689,50.38859122899759
8691,50.38859122899759
8692,50.2410882769824
8695,50.2410882769824
8696,50.2410882769824
8697,50.2410882769824
8698,50.2410882769824
8700,50.244770404614115
8702,50.24477040461411
8703,50.24477040461411
8705,50.24477040461411
8706,50.24477040461411
8707,50.30744555330564
8708,50.30744555330564
8709,50.30744555330564
8711,50.30657002579564
8712,50.307479464601
8713,50.05567834839247
8714,49.83453629204056
8715,49.83453629204055
8716,49.83453629204055
8718,49.83453629204055
8719,49.83453629204055
8721,49.83453629204055
8723,49.810814520206335
8724,49.810814520206335
8725,49.69358499815567
8727,49.15585151212992
8729,49.33847618013916
8731,49.46333832180086
8732,49.12766166567746
8736,49.12766166567746
8737,49.12766166567746
8739,49.11388485058401
8740,49.11388485058401
8741,49.11388485058401
8743,49.07317160660664
8747,49.06224823820886
8748,49.06224823820886
8749,49.57671460417043
8750,49.57671460417043
8751,49.57671460417043
8752,49.836304657646544
8753,49.836101240047
8754,49.80187512814364
8755,49.80187512814364
8756,49.34428058629953
8757,49.57363496532856
8759,49.57366852022307
8762,49.57366852022307
8763,49.568592607852246
8764,49.568592607852246
8765,49.568592607852246
8766,49.568592607852246
8767,49.568592607852246
8768,49.568592607852246
8769,49.68242287040651
8770,49.55932371311118
8772,48.95536818096087
8773,48.95536818096087
8774,48.95536818096087
8775,48.95536818096087
8777,48.95536818096087
8778,47.6083419850413
8779,47.398437940784525
8780,47.39843794078453
8782,47.11259885838131
8783,47.11261017958895
8784,47.08247374948597
8785,48.950523190516726
8787,48.950523190516726
8788,48.950523190516726
8789,48.950523190516726
8791,48.950523190516726
8794,48.66606882910688
8795,48.640031340279705
8796,48.61070726876015
8797,48.61071941281345
8798,47.620643530504076
8799,47.47071149604422
8800,47.55750944920524
8801,46.303212451816215
8802,46.303212451816215
8804,46.34530701889629
8805,46.34530701889629
8806,46.34530701889629
8808,46.34530701889629
8809,46.30348166426741
8810,46.81475424052523
8811,46.81475424052523
8812,47.095321520181066
8813,47.71996368781603
8814,47.71996368781603
8815,47.51841118690679
8816,47.42801052022309
8817,47.42801052022309
8818,47.42801052022309
8819,47.92445509554817
8820,47.92445509554817
8822,48.069722818815904
8823,48.069722818815904
8824,48.521064947497045
8825,48.521064947497045
8826,48.521064947497045
8828,48.521064947497045
8829,48.49345808431296
8830,48.42337118080537
8832,48.561358328236295
8833,48.57233119824588
8836,48.57233119824587
8837,47.78132204942684
8838,48.12822432377004
8840,48.12822432943682
8841,48.12822432943682
8843,48.12822432943682
8844,48.12822432943682
8845,48.128191990169604
8846,48.130191750945706
8849,49.218859413948536
8851,49.220319998950366
8852,49.22058627916552
8854,49.22058627916552
8857,49.22058627916552
8858,48.76297838790267
8859,48.76231670205664
8861,48.76231670205664
8863,48.76231670205664
8864,48.76231707315888
8865,48.51735048300352
8866,48.51758272686256
8867,48.51758272686256
8868,48.7307734200831
8869,48.7307734200831
8871,49.85146794157519
8873,50.34863472465531
8874,50.34863472465531
8875,50.34863472465531
8877,50.34863472465531
8880,50.34992426745013
8883,50.34992426745013
8884,50.27022616858183
8885,50.27022616858183
8888,50.20997023242729
8890,50.290713180048876
8893,50.29071318004887
8894,50.20829626223461
8897,49.996134710371585
8898,49.996134710371585
8899,49.996134710371585
8900,49.996134710371585
8902,49.996134710371585
8903,49.996134710371585
8904,50.27224347932376
8905,50.27224347932376
8907,49.93443709202933
8910,49.93443709202933
8911,49.93443709202933
8912,49.93443709202933
8913,49.93443709202933
8915,49.40552859035255
8918,49.40552859035255
8919,49.2277342332255
8920,49.22932137249939
8922,49.229321722171534
8924,49.2228844732772
8926,49.2228844732772
8927,49.22331198695401
8928,49.22331198695401
8930,49.23340670558929
8931,48.98236900637784
8932,48.47230821946689
8933,49.15711217734864
8934,49.15711217734864
8936,49.15711217734864
8939,49.15711217734864
8940,49.15711217734864
8941,49.20190824878056
8942,49.04048282017042
8943,49.04048282017042
8946,48.17401937135036
8947,47.94902515867252
8949,48.02968276577638
8951,48.02968276577638
8952,47.7553043902428
8955,47.7553043902428
8956,47.7553043902428
8958,47.75868962384234
8959,48.491670911993566
8960,48.491670911993566
8962,48.491670911993566
8963,48.491670911993566
8965,48.491670911993566
8967,48.491670911993566
8968,48.491670911993566
8969,48.491670911993566
8970,48.49510231388943
8971,48.08693807176741
8972,48.086491150582376
8973,47.23498325743943
8977,47.33006543949254
8978,47.33006543949255
8983,47.33006543949255
8984,47.33006543949255
8985,47.34037370156793
8986,47.34037370156793
8987,47.34037370156793
8988,47.34216052151761
8990,47.34216052151761
8991,47.44567756496982
8994,47.446686779517734
8995,47.36144438216208
8996,47.36144438216206
8997,47.36144438216206
8998,47.31945005367609
9003,47.32105244422928
9004,46.4980407588358
9006,46.4980407588358
9010,46.4980407588358
9011,46.719126523413465
9012,46.591899924069416
9013,46.079842781740325
9014,46.239887463681654
9015,46.239887463681654
9017,46.225695541758824
9018,46.376004970643564
9019,46.42215549766208
9021,46.639992277010826
9022,46.42829490125706
9024,46.42829490125706
9025,46.1359065172887
9028,46.09163360770641
9032,46.09201018783534
9033,46.940947281600685
9034,46.940947281600685
9035,46.41890712582073
9037,46.501897906350784
9038,47.3203543646403
9039,47.3203543646403
9040,47.24657915568224
9041,47.246579155682234
9042,47.058921783397345
9043,47.058921783397345
9044,47.058921783397345
9045,47.068450589485465
9046,47.058921783397345
9047,47.058921783397345
9048,47.298643119327735
9052,47.25143871875352
9053,47.299778254811244
9054,47.26348813394942
9057,47.77816209812016
9058,47.77816209812016
9059,47.77816209812016
9060,47.77816209812016
9061,46.73840182623602
9062,48.4536944737124
9063,49.08823061822652
9064,48.960110226304714
9068,48.960110226304714
9070,48.960110226304714
9071,49.20593512006319
9074,49.20593512006319
9075,48.791926027282535
9076,49.37795147056735
9077,49.15464881590617
9078,49.15464881590617
9079,48.70394333562805
9080,50.212197266261555
9082,50.213141015710114
9084,50.21314101571011
9085,50.21314101571011
9086,50.21314101571011
9087,50.271392212609456
9088,50.77309497275632
9090,50.77309707678607
9091,50.625856293810685
9092,51.13451988739962
9093,51.13451988739962
9094,51.13451988739962
9095,50.35476512859408
9096,50.35476512859408
9097,50.216681044695704
9099,50.216681044695704
9100,52.31131240508668
9101,52.24864808677887
9102,52.24864808677887
9103,51.438168223502984
9106,51.558633802295105
9107,52.42827134021172
9108,52.561068051504606
9109,53.47633881773245
9110,53.47633881773245
9112,53.47633881773245
9113,53.47633881773245
9114,53.47673459764497
9116,53.47700715314602
9117,53.47700715314602
9119,53.47700715314602
9120,53.47700715314602
9121,52.81304864206906
9122,52.815783275183
9123,52.81578327518301
9124,52.99258911853249
9125,52.43080698084108
9126,52.168223547345804
9127,51.65253780995903
9129,52.1303158796502
9131,52.13356680691822
9133,52.13356680691822
9135,51.68881121295151
9136,51.68900397303142
9137,51.90561659768231
9138,51.689003973031404
9139,51.689003973031404
9140,51.689003973031404
9141,51.346691754125956
9143,51.374673534175486
9147,51.37467353417548
9149,51.29249255372008
9150,51.2575510437038
9152,50.97898408958734
9153,50.95769847322055
9154,50.52449123004498
9155,50.77948410608707
9156,50.77948410608707
9157,50.77948410608707
9158,50.77948410608707
9159,50.77948410608707
9160,50.77948410608707
9162,50.77948410608707
9163,50.786922409000795
9165,50.76993369298192
9168,50.79614669790075
9169,50.79818252907356
9171,50.865670201745694
9172,51.53242877497522
9173,51.53242877865587
9174,51.53248557684241
9175,51.53248557684241
9176,51.53248557684241
9177,51.53248557684241
9179,51.53248557684241
9180,51.53248557684241
9181,51.44648893663288
9183,51.44648893663288
9184,51.07441695737713
9185,50.90572903541935
9186,51.34899779166819
9187,51.34899779166819
9189,51.348453526387985
9190,51.95194342954979
9191,51.95194342954979
9193,51.95194342954979
9195,51.95194342954979
9196,51.91234604149439
9199,51.91234604149438
9201,51.91234604149438
9203,51.91234604149438
9204,51.91234604149438
9205,51.402311247183604
9207,51.45950795920611
9208,51.4595079592061
9211,52.159064973349345
9212,52.159064973349345
9213,52.159077249068964
9214,52.159077249068964
9215,52.159077249068964
9216,52.159077249068964
9217,51.71474038499365
9219,51.71586722803328
9220,51.716613355511974
9222,51.420077660653185
9223,51.42007766065318
9224,51.41895081761354
9225,51.41895081761355
9226,51.03476784794763
9228,51.03476784794763
9229,50.63525090614776
9230,50.63525090614776
9231,50.6843257328982
9232,50.64323888393589
9235,51.25188092673938
9236,51.93821542046125
9237,51.556024764559766
9239,51.556024764559766
9241,51.556024764559766
9243,51.556024764559766
9244,51.556024764559766
9245,51.537127578053095
9246,51.5777783953759
9249,52.15726853831485
9250,52.382716524556486
9251,52.382716524556486
9252,52.44116384251696
9253,53.42904168608344
9255,53.42904168608344
9257,53.42904168608344
9258,53.42904168608344
9259,53.42904168608344
9260,53.42904168608344
9261,53.97767767197287
9263,53.97767767197287
9264,53.97767767197287
9265,54.00179068883486
9266,52.74185034957589
9268,51.958415864764014
9269,51.97166063363628
9270,51.97166063363628
9271,51.97166063363628
9272,51.97166063363628
9273,51.97166063363628
9274,51.97166063363628
9275,53.13140422743974
9276,53.1316610459436
9278,51.94942178234716
9279,51.87849410896458
9281,51.87849410896458
9282,50.65554606075223
9283,49.70153169183604
9286,49.70153169183604
9288,49.70153169183604
9289,49.749046175032426
9290,49.749046175032426
9291,49.749046175032426
9292,49.749046175032426
9293,49.749046175032426
9298,49.749046175032426
9299,49.52837417585446
9302,49.9924467876901
9303,49.9924467876901
9304,49.9924467876901
9305,49.9924467876901
9307,49.4911123124676
9308,49.264649648597526
9309,49.31674177892981
9310,49.31674177892981
9313,49.31883256509474
9314,49.319398061532034
9315,49.41576265235892
9317,49.524279777348426
9318,49.319398061532034
9319,49.14675923199447
9320,49.27136128595372
9322,49.15186176706235
9323,49.89534628266407
9324,49.89904832405563
9325,49.89904832405563
9326,49.89904832405563
9327,49.89904832405563
9328,49.78840924571593
9329,49.78840924571593
9330,50.83512716108479
9334,50.8351273047733
9335,51.200421826321666
9337,51.200421826321666
9339,50.75743383601595
9340,50.75743383601595
9343,50.75743383601595
9344,50.75763435920511
9345,48.82795422305137
9348,48.827954223051364
9350,48.559443355838496
9351,48.35626854346944
9353,48.355277378496965
9354,48.355277378496965
9356,48.35554011726398
9357,48.35554011726398
9359,49.04408475465104
9360,48.35554011726398
9361,48.27474523481542
9362,48.29069897762129
9363,48.29069897762129
9364,48.29069897762129
9365,47.82987466611832
9366,47.829874666118315
9367,47.361756676256384
9368,47.361756676256384
9370,47.361756676256384
9373,47.361756676256384
9374,46.80979400798428
9377,47.209735918034475
9378,47.72534446202865
9379,47.72534446202865
9380,48.15514288622986
9381,47.76609910391744
9382,47.76626815552522
9384,47.76626815552522
9386,48.76263179392384
9389,48.83949181853
9390,48.86940480013954
9392,48.923586801026254
9393,48.41012854657808
9398,48.41012854657808
9400,48.47827915474487
9401,48.57188362470825
9402,48.57188362470825
9403,48.57188362470825
9404,47.68462263323481
9407,47.61169640282433
9408,47.51580737992389
9410,47.64488484552069
9412,47.6503564870893
9415,47.650356487089304
9416,47.54395684510978
9422,47.46953779183904
9423,47.46953779183904
9424,47.61662116173316
9425,47.61662116173316
9426,47.6170998723399
9427,46.8737214752036
9428,46.851327840479996
9429,46.8507623440427
9430,46.8507623440427
9431,46.8507623440427
9433,46.62487653708278
9438,47.70472120875292
9439,47.70472120875292
9440,48.13542066746622
9444,48.13542066746622
9445,48.23579746892596
9446,48.75570961930205
9447,48.75584061952821
9448,48.75584061952821
9449,48.75584061952821
9450,47.829463178196555
9451,47.936296831310244
9452,49.06728307910261
9454,49.068587682618634
9457,49.068587682618634
9459,49.068587682618634
9460,49.068587682618634
9461,49.068587682618634
9465,49.068587682618634
9466,49.068587682618634
9467,49.42703524763042
9468,49.42703524763042
9472,50.86712012773097
9473,50.60189696407302
9475,50.60189696407302
9477,50.73190559958238
9478,50.732085200267065
9479,50.36628532590827
9480,50.3645656716347
9481,49.87136580746374
9483,49.87211009104591
9484,48.16023984783334
9485,48.16159970949898
9486,48.161899594612336
9487,48.161899594612336
9488,48.0428949835717
9489,48.0428949835717
9490,47.41942490622192
9491,47.41942490622192
9493,47.420032545150626
9494,47.081401431030685
9495,47.27106407229245
9496,47.27106407229245
9498,48.40083652367188
9499,48.40083652367188
9500,48.989142637908415
9501,48.26518310347434
9502,48.4435296400669
9503,48.248960241571126
9505,48.24363287493933
9506,48.24363287493933
9508,48.24363287493933
9509,48.45681733677902
9510,48.243899257262704
9514,48.24415856636864
9520,48.24415725736153
9521,48.11388426887729
9522,48.11388426887729
9523,48.11388426887729
9524,48.40449889561327
9527,48.157503754705736
9529,47.98432057971668
9531,47.985592701432736
9532,47.87532128917437
9534,47.87532128917437
9535,47.875328468163566
9537,47.875328468163566
9538,48.24426469173032
9540,48.022462234287026
9541,47.717717089412275
9543,47.717717089412275
9544,47.717717089412275
9546,47.717717089412275
9547,47.860337417612605
9548,47.860337417612605
9549,47.860337417612605
9554,47.691618737420335
9555,47.26587586103785
9556,47.01059563633255
9557,48.0680870111386
9558,48.0680870111386
9559,48.0680870111386
9560,48.06821121441457
9562,48.068211214414575
9563,48.068211214414575
9564,48.090824257917895
9565,48.09082425791789
9567,48.07729322620378
9570,48.179267970547116
9573,48.179267970547116
9576,48.179267970547116
9577,48.179267970547116
9579,48.28003353980189
9581,47.99290763146933
9583,47.99290763146933
9588,47.99304553383935
9589,47.99304553383934
9594,47.99304553383934
9595,48.01546191796702
9596,48.05112476235256
9599,48.660660033635175
9600,48.660660033635175
9602,48.660660033635175
9603,48.660660033635175
9604,48.660660033635175
9605,48.660660033635175
9606,48.66082956897166
9607,48.63895935473384
9608,48.63294869033335
9609,48.63294869033336
9611,48.63294869033336
9612,48.63351385538513
9614,48.654778900097305
9616,49.99783117138396
9617,50.0734766675266
9618,50.0734766675266
9620,50.0734766675266
9621,49.57976324503961
9624,49.57976324503961
9625,49.84926796427599
9628,49.84926796427599
9629,50.88307136682916
9631,50.88307136682916
9632,50.86436841069884
9633,51.01128650949321
9634,50.86436841069884
9635,50.91133381517331
9636,50.871327196774835
9637,50.871327196774835
9638,50.871327196774835
9639,50.883223883189515
9640,50.883223883189515
9641,51.89072981276794
9642,51.89072981276794
9643,51.14811983436219
9644,50.71859405664232
9646,50.708763150736836
9648,50.585113011912426
9653,49.69870267375742
9656,50.299733105801614
9657,50.299733105801614
9658,50.30980411438614
9659,49.77626792434918
9662,49.807255507915556
9664,49.268512109443925
9665,47.85983538276479
9666,48.76368742513027
9668,48.45598143341331
9669,48.341094240530644
9671,48.34109424053064
9672,48.34109424053064
9673,48.34109688355085
9675,48.34109688355085
9676,48.34109688355085
9677,48.64559839786537
9679,48.64559839786537
9680,48.63032863971006
9681,48.63032863971006
9682,48.63032863971006
9683,48.63037366749281
9684,48.63037366749281
9687,48.63037366749281
9688,48.63135181285358
9690,48.63466177429266
9691,48.63466177429266
9692,48.63466177429266
9693,48.500631268475125
9694,49.44564835600589
9696,49.808559819258626
9697,49.808559819258626
9698,49.80876034244779
9699,49.80876034244778
9701,49.80875967749698
9702,49.813183726827944
9704,49.813183726827944
9705,50.24318344807214
9706,50.02146631806753
9709,50.021466318067525
9710,50.03005629494453
9711,50.030056294944536
9712,50.0171491112735
9713,50.54019487736006
9715,50.54019487736006
9716,50.54019487736006
9718,51.95854346342818
9719,52.36748314614882
9720,52.36748314614882
9722,52.27199999519981
9723,52.308923233785514
9724,52.308923233785514
9725,52.70173134695517
9726,51.63638150596843
9729,51.73050748858506
9732,51.74435651096366
9733,51.74435651096366
9736,51.46462155173618
9738,50.15715961826169
9739,50.15715961826169
9741,50.30976933914013
9742,50.31281061920139
9743,50.368577499130126
9745,50.36274191876755
9746,50.36274191876755
9748,50.348892896388946
9749,50.53985283699298
9750,50.55817864719312
9751,50.558178647193124
9752,50.558178647193124
9754,50.33111837002762
9755,49.57958099774511
9756,49.4045017703733
9759,49.37367403598901
9760,49.37367403598901
9761,48.755083229677446
9762,48.755083229677446
9763,48.755083229677446
9764,48.755083229677446
9766,48.75573708611444
9768,48.75573708611444
9769,49.798019533577175
9770,49.798019533577175
9771,49.87641614998384
9774,49.962766306928486
9775,49.962766306928486
9776,50.157777246478574
9777,50.157777246478574
9779,49.91001086025441
9780,50.66841179815164
9781,51.41246112219572
9782,51.4655218078974
9783,51.41246112219572
9784,51.41246112219572
9786,51.13722753448946
9787,51.13722753448946
9789,51.13722753448946
9791,51.13722753448946
9793,51.137227543436026
9794,51.137227543436026
9797,51.150580237403275
9798,51.088725970198986
9799,51.088725970198986
9800,50.80915848886589
9803,50.80915848886589
9804,50.80915848886589
9805,50.80915852148583
9806,50.91022328384854
9807,50.91022328384854
9809,50.252851209001136
9810,50.252851209001136
9812,50.252851209001136
9813,50.252851209001136
9816,50.252851209001136
9817,50.08141596654153
9818,50.252851209001136
9820,50.252851209001136
9821,50.252851209001136
9822,50.24852373783788
9823,50.255139080241136
9825,50.255139080241136
9826,50.255139080241136
9827,49.98909438340483
9831,49.30868035817616
9832,49.30868035817616
9834,49.30915084892493
9837,49.31428386144113
9838,49.31428386144113
9839,50.290474069654344
9840,49.84138460075165
9843,50.016193813345474
9845,50.016193813345474
9846,50.06019753293575
9848,50.06019753293575
9849,49.87597593894134
9851,50.35080173194376
9853,49.87597593894134
9854,50.07067444457077
9856,49.77240210703631
9857,49.77240210703631
9858,49.77240210703631
9859,49.77240210703631
9864,49.698097100227194
9868,49.511065456776784
9870,51.10846441216782
9872,51.109568448003905
9873,51.1095684480039
9874,51.1095684480039
9876,51.1095684480039
9878,51.1095684480039
9879,51.1095684480039
9884,51.1095684480039
9887,51.1095684480039
9890,51.1095684480039
9891,51.1095684480039
9892,51.1095684480039
9893,51.1095684480039
9894,51.11021254554143
9895,50.81836061299642
9896,50.81836061299642
9897,50.54004976805421
9899,50.54004976805421
9900,50.54004976805421
9901,50.54123191551227
9902,50.54123191551227
9904,50.54123191551227
9905,50.54378366074386
9906,51.1358478969077
9907,51.1358478969077
9908,51.1358478969077
9909,51.13655417155783
9910,51.13655417155784
9911,51.13655417155784
9912,49.29664058984902
9913,49.105424270929554
9914,47.97648971641925
9915,48.34170238282788
9916,48.342064200378516
9917,48.34206420037851
9921,48.34206420037851
9922,48.58206732473922
9924,48.58206732473922
9925,48.58206732473922
9926,48.58206732473922
9927,48.58206732473922
9929,49.134166045214435
9930,48.58206732473922
9933,48.58206732473922
9936,48.787630896114806
9937,48.58213989708693
9941,48.20642545217358
9944,48.20642545217358
9945,48.212543145323274
9946,48.458987975213546
9947,47.598737447640154
9948,47.59763341180407
9949,47.0043836070055
9950,47.004502336139616
9951,47.00450233613962
9952,47.380114568827395
9954,47.380114568827395
9957,47.48939897910313
9958,47.543523330636
9959,47.974264890596935
9960,47.97542782431567
9964,48.013302153663105
9966,48.01322958131539
9968,48.01322958131539
9972,47.78200771431366
9975,47.78200771431367
9976,47.78200771431367
9977,47.7321844218716
9978,47.71899628223004
9979,47.71899628223003
9981,47.71899628223003
9983,47.90475268724328
9984,47.90475268724328
9986,48.495910723099705
9987,50.485533159247844
9988,50.485533159247844
9990,50.485533159247844
9991,49.45126271199397
9992,49.45126271199397
9993,49.45126271199397
9995,49.45126271199397
9999,48.949507675157015
10000,49.51949924124669
10001,49.51949924124669
10003,49.51949924124669
10005,49.57741295738371
10007,49.58398228881105
10008,49.58398228881105
10010,48.17185085683705
10011,50.22537657419695
10012,50.22537657419695
10013,50.22537657419698
10014,48.01259094031268
10015,47.60595103035111
10018,47.88212236212617
10019,47.20504200788916
10022,47.20504200788916
10023,47.2074754813315
10024,48.00737972319975
10025,48.00737972319975
10026,48.00737972319975
10030,47.79141187020972
10031,47.79141187020972
10032,48.26205574156643
10033,48.66366556368745
10035,48.66366556368745
10036,47.16524666653946
10037,47.16954603183264
10038,47.12311033353118
10039,49.56572382990903
10041,47.528509167425696
10044,47.53251789404557
10045,47.528509167425696
10046,47.148542691457585
10047,47.257594725388394
10048,47.257594725388394
10049,47.257594725388394
10054,47.21169888599823
10057,47.21169888599823
10058,47.21169888599823
10061,47.21199143100971
10063,47.21199143100971
10066,48.12606214851374
10067,47.46498285005308
10068,46.605423412506866
10069,46.605423412506866
10070,47.86599202768914
10074,47.81771043794088
10075,47.81771043794088
10076,47.815985469907524
10079,47.81598546990753
10080,47.81598546990753
10081,48.110765684365816
10082,48.11757873863328
10085,48.11757873863328
10086,47.59324561633466
10088,47.59324561633466
10089,47.021134269230934
10090,47.02530507203314
10091,48.00436577613655
10092,48.53198849038678
10093,48.53198849038678
10095,48.57046024515774
10097,48.57046024515775
10098,48.98111702858249
10100,50.488018381725716
10101,50.066890512705335
10102,50.06743511323987
10103,50.06743511323986
10107,50.06743511323986
10108,50.06743511323986
10109,50.06743511323986
10112,50.09139947761655
10113,50.09139947761655
10114,50.09139947761655
10115,50.09139947761655
10116,50.09139947761655
10117,50.09139947761655
10118,50.09139947761655
10121,50.09139947761655
10122,50.09139947761655
10124,50.06693468279624
10125,50.072541355302285
10126,50.07366922190673
10129,50.086261964461194
10130,49.63683671887928
10131,49.82288938712918
10132,49.82288938712918
10136,49.82288938712918
10137,49.73892569060428
10138,49.73892569060428
10140,49.828695032566685
10142,49.828695032566685
10145,49.828704831096445
10146,49.95944038376785
10147,49.964493468225704
10149,49.82870483109645
10150,49.82144256575166
10151,49.82144256575166
10153,49.96952000500057
10154,49.96952000500057
10155,49.990511028339256
10156,49.990511028339256
10157,49.54841946565134
10158,49.484668422805
10160,49.484668422805
10162,49.48491053154235
10163,49.48491053154234
10164,49.24350849158936
10166,49.24350849158936
10169,49.24350849158936
10170,49.28728029509972
10172,49.21797478840632
10173,48.793752815124726
10175,48.793752815124726
10177,48.793752815124726
10178,48.48188232846989
10179,48.272589196443185
10181,48.27456217740897
10182,48.89334525695712
10183,48.646222934001614
10184,47.8125190475142
10185,48.40939290250618
10186,48.41099106579992
10188,48.297205478589845
10189,48.08113708459728
10190,48.27887281380697
10191,48.27887281380697
10192,48.27894632976077
10194,47.926119897648384
10195,48.1332176851867
10196,48.23380144389659
10198,48.39750307065979
10199,48.39750307065979
10200,48.29436254139219
10207,48.087095943502035
10208,48.004413313435
10210,48.004413313435
10211,47.961636748002284
10212,47.961636748002284
10213,47.960473814283546
10215,47.87070447232114
10216,48.40401050058639
10218,47.72523203053376
10219,47.72523203053376
10221,47.72523203053376
10222,47.72521764801231
10223,48.8289129007693
10224,48.853700651746195
10226,48.85774748446763
10227,48.90622954551146
10229,49.06839984790306
10230,49.07433288698004
10231,49.535828649922614
10233,49.535828649922614
10234,49.535828649922614
10236,49.535828649922614
10238,49.54803790793608
10239,49.54803790793608
10241,49.53269693071931
10244,50.03606130580839
10245,49.97649605966567
10246,49.53269693071931
10248,49.53269693071931
10250,49.83640141817994
10251,49.836570039173914
10254,49.856362851207244
10256,49.85636285120726
10257,49.85619423021328
10258,49.35112952893616
10259,49.35112952893616
10262,49.397654714143165
10264,49.397654714143165
10265,49.397654714143165
10266,49.397654714143165
10267,49.397654714143165
10268,49.397654714143165
10271,49.397654714143165
10272,48.66688323870973
10273,48.66688323870974
10274,49.74525759154198
10275,49.74525759154198
10278,49.61381661793375
10279,49.61381661793375
10280,49.61405738632213
10281,49.61405738632214
10283,49.61488346742676
10284,49.69007579434067
10285,49.647745283064395
10286,49.64774528306439
10289,49.32470565415586
10291,49.32470565415586
10292,49.32470565415586
10293,49.32470565415586
10294,50.53194564387924
10296,50.439301808667196
10297,50.43952152961443
10298,50.439521529614424
10299,50.439521529614424
10300,51.39154322922376
10301,51.39154322922376
10302,51.48386677095926
10303,50.40824345233961
10304,50.40824345233961
10308,50.40824345233961
10309,50.40824345233961
10310,49.16217908047321
10311,49.16283074739157
10312,49.16283074739157
10314,49.10277512220976
10315,49.10277512220976
10316,48.92264033881928
10317,47.60696441002712
10318,46.89090653759052
10319,47.007621005339665
10320,46.89090653759052
10322,46.89090653759052
10323,46.89090653759052
10325,46.89090653759052
10326,46.89090653759052
10329,46.89090653759052
10331,46.89090653759052
10332,46.89090653759052
10333,46.89090653759052
10336,46.780803205634804
10338,46.780803205634804
10340,47.545065675412616
10341,48.659466827257475
10342,48.659466827257475
10344,48.66780464711827
10345,48.66780685766778
10347,48.667806857667784
10348,49.56350521205557
10350,48.342421308181656
10352,48.91580452737447
10354,48.91580681986535
10355,48.91580681986535
10356,48.91580681986535
10357,48.256708915527895
10358,48.25554949267708
10359,48.47674165228989
10360,48.47674165228989
10361,48.49888947341517
10363,48.3532428774244
10364,48.37831243619882
10365,48.37831243619882
10366,48.41533620062839
10368,48.41533620062839
10369,48.41639227707501
10370,48.41639227707502
10372,48.41644552261724
10373,47.799207878688094
10374,47.799207878688094
10377,47.76598595780151
10378,47.76576623685427
10380,47.81619045103802
10381,47.81619045103802
10382,47.81619045103802
10387,47.78910206086048
10390,47.78359703033634
10391,47.78359703033633
10392,47.655911688922856
10393,47.655911688922856
10395,45.85773484173022
10396,45.85773484173022
10397,46.58697101559087
10398,47.0860412119179
10399,47.0860412119179
10400,46.63320551860063
10401,46.63328881717688
10402,46.6333402070485
10403,47.46828536811905
10404,46.40370205478402
10406,47.9595793115386
10408,47.92104765494627
10409,47.36939572810165
10410,47.36939572810165
10411,47.659341073513296
10412,47.65942719445517
10413,47.789899004336476
10414,48.26573279125872
10415,48.19696366499206
10416,48.19696366499206
10418,47.97326446432303
10419,49.25311676638929
10420,49.2800977208465
10421,49.2800977208465
10425,49.479521637696635
10427,49.415444471314245
10428,48.85287433809107
10430,48.85287433809107
10431,48.85287433809107
10434,48.72876795120911
10435,50.001234215940954
10436,50.001234215940954
10437,49.772334838321804
10438,49.79987929049892
10441,48.81409637236653
10442,48.81409637236653
10443,48.81415755641729
10445,48.81415755641729
10448,47.639777228940346
10449,47.639777228940346
10451,48.18114356972508
10452,47.647995732144146
10453,46.644239360625576
10455,46.84941800961972
10456,47.18169093965899
10458,47.18169093965899
10461,47.18169093965899
10462,47.30997047696429
10463,47.30997047696429
10464,47.32088402841758
10465,47.32678022743096
10468,47.371411842266966
10469,47.37141184226696
10470,47.503099557583646
10473,47.503099557583646
10474,48.98225941277244
10475,48.50696911811442
10476,47.5026779550569
10478,48.02267513004185
10479,47.99199057946916
10480,47.99199057946916
10481,49.97869894745631
10483,50.41824834198322
10484,50.41824834198322
10485,49.75501261711478
10486,49.75501261711478
10487,49.75501261711478
10489,49.47101841748147
10490,49.47101841748147
10491,50.17031174039545
10492,50.17031174039545
10493,50.21563591751452
10495,50.21563591751452
10496,49.882343910335486
10497,50.137584153469135
10498,50.137584153469135
10499,50.137584153469135
10500,50.137584153469135
10501,50.137584153469135
10502,50.15863454013557
10504,50.492102236144476
10506,50.50846659851337
10507,50.50846659851337
10508,50.50846659851337
10510,50.17777087760909
10512,50.68076583781233
10513,49.98605569339959
10515,49.98605569339959
10517,49.18901986669949
10518,49.5972482551702
10520,49.8829398110731
10521,49.640646645795535
10522,49.5974094758702
10523,49.59231993783428
10524,49.59082279972417
10525,49.59082279972418
10526,49.59082279972418
10528,49.59082279972418
10529,49.590504627478516
10531,49.590504627478516
10532,49.590504627478516
10533,49.57414026510962
10534,49.57414026510963
10535,49.510213433815046
10536,49.80779283368505
10539,49.80779283368505
10540,49.8626821665851
10541,50.62731470727918
10542,50.62736325279244
10544,50.58092348093207
10546,49.988766392351685
10547,49.98876639235168
10549,49.98876639235168
10550,50.051826827242635
10551,49.79713190566705
10552,49.79713190566706
10553,49.79713190566706
10554,49.79713190566706
10556,49.797679771200734
10557,49.79825661745786
10558,50.28832074915129
10560,50.28832074915129
10561,50.28832074915129
10562,50.20212618104182
10564,50.20212618104182
10567,50.20212618104182
10568,50.20212618104182
10571,50.20212618104182
10573,50.987316311258404
10574,50.987387905370746
10575,50.987387905370746
10577,50.99151287418028
10579,50.99151287418028
10580,50.99151287418028
10581,50.99151287418028
10582,50.99151287418028
10583,50.99151287418028
10586,50.99151287418028
10587,51.02398754747173
10588,51.02398754747173
10590,51.02398754747173
10591,51.43294541737928
10592,51.43294541737928
10593,51.43294541737928
10594,51.43294541737928
10595,51.43294541737928
10598,51.43294541737928
10599,51.43294541737928
10601,49.52854441288551
10602,49.5285444128855
10604,49.5285444128855
10605,49.5285444128855
10606,49.507157712911955
10609,49.40664207270966
10610,49.406642072709666
10611,49.06905655424988
10615,48.91516900713555
10616,48.91516900713555
10617,48.948661776374145
10618,48.94866177637414
10619,48.94794020525342
10620,48.94794020525342
10622,48.94785408431155
10623,48.94785408431155
10627,48.563353914067264
10628,48.563353914067264
10629,48.563353914067264
10630,48.563353914067264
10632,48.556552363252266
10633,48.55320044275492
10635,48.553200442754914
10636,49.34303309820826
10637,49.34303309820826
10638,49.30814423681608
10639,49.30814423681608
10640,49.30814423681608
10641,49.31382881255534
10642,49.31382881255534
10643,49.31382881255534
10644,49.31382881255534
10645,49.31382881255534
10647,49.31382881255534
10648,49.31382881255534
10651,49.31382881255534
10654,49.31382881255534
10655,49.313832800430774
10656,49.28034003119218
10657,49.28034003119219
10658,48.58616673283852
10659,48.58616673283852
10661,48.58616673283852
10663,48.58657294795797
10664,48.04465077545243
10665,48.04465077545243
10666,48.04465077545243
10667,48.04465077545243
10669,48.04465077545243
10671,48.04465077545243
10672,48.04465077545243
10673,48.04465077545243
10674,48.04465077545243
10675,48.32025769192582
10676,48.32025769192582
10677,48.320257691925804
10678,48.79966162470839
10679,48.736122416460674
10680,49.633653421347645
10681,50.25193202659837
10682,50.25193202659837
10683,50.25193202659837
10685,50.25193202659837
10686,50.25193202659837
10687,48.89197048359454
10688,48.89197048359454
10689,48.29136225431864
10693,48.29136225431864
10694,48.29136225431864
10695,48.29136225431864
10696,47.82108420178291
10698,47.82108420178291
10699,47.82108420178291
10703,47.82108420178291
10704,47.83539319834149
10705,47.8353931983415
10706,47.8353931983415
10707,48.307199664532334
10708,48.306793449412886
10709,48.306793449412886
10711,48.306793449412886
10712,48.306793449412886
10714,47.76349769462558
10719,47.76349769462558
10720,47.83210772164874
10721,47.56571780110716
10722,47.6398395786245
10725,47.76045864173821
10726,47.64880523970123
10727,47.6398395786245
10728,47.6398395786245
10729,47.653650013225395
10730,47.850573943340166
10733,47.850573943340166
10734,47.850573943340166
10735,47.850573943340166
10736,47.850573943340166
10737,47.850573943340166
10738,47.850573943340166
10739,47.65378226899429
10740,47.65378226899429
10742,47.53817091789178
10743,47.48968843175574
10746,48.30010792377244
10748,48.61491015171622
10749,48.61491015171622
10753,48.30353758648022
10754,49.32564436524146
10755,48.63523028666087
10756,48.63523028666087
10757,48.2814506090319
10759,48.116643632780736
10760,48.116643632780736
10761,48.116643632780736
10762,48.08092578236105
10763,48.385422952786016
10764,48.385422952786016
10765,48.385422952786016
10769,48.38542664867595
10771,48.385426648675946
10772,48.385426648675946
10774,48.22747819941103
10775,48.22766148752646
10776,47.8534339247537
10777,47.8534339247537
10779,47.85772599313336
10785,47.857725993133364
10788,47.857725993133364
10789,47.857725993133364
10790,47.857725993133364
10791,47.857725993133364
10792,47.857725993133364
10794,48.29971942821483
10795,48.579240206291516
10796,48.579240206291516
10797,48.579240206291516
10798,48.4804828607372
10799,48.4804828607372
10800,48.4804828607372
10801,48.48218623960165
10802,48.48218623960165
10803,48.48218623960165
10804,48.34356525562898
10805,47.87842449626182
10806,47.8793983022322
10807,47.50303502372575
10809,47.50303502372575
10810,47.43471600192624
10812,47.43471600192624
10813,47.43471600192624
10814,47.43471600192624
10815,47.43471600192624
10816,47.43471600192624
10817,47.43471600192624
10818,46.93349328996706
10820,46.93349328996706
10821,46.912207559597995
10823,46.922477428333394
10825,47.04735902968935
10826,48.12493714231103
10827,48.12623463636616
10830,48.12653340778859
10832,48.12653340778859
10833,48.12653340778859
10835,48.131211384326015
10836,48.14084703975048
10837,48.14084703975048
10841,48.14084703975048
10842,48.90605296160833
10843,48.90605296160833
10846,48.90605296160833
10847,47.37942056042072
10850,48.13047432375769
10853,48.13111235974596
10854,48.13111235974596
10855,48.22150483469686
10856,48.221504834696866
10857,48.221504834696866
10858,46.76826735013802
10859,46.75758947804835
10860,46.75758947804835
10861,46.761030724889515
10862,46.761030724889515
10864,46.761030724889515
10865,47.378171753923546
10866,47.37821815519721
10868,47.37821815519721
10869,47.01947015499693
10870,46.93117432148248
10872,46.93117432148248
10873,46.93129307077721
10874,46.46880027453067
10875,46.46880027453068
10877,46.46587236548221
10878,46.46587236548221
10879,46.46587236548221
10880,46.36753349333128
10881,46.367533493331266
10883,46.367533493331266
10885,46.367533493331266
10886,46.367533493331266
10887,45.779550478064834
10889,45.779550478064834
10890,45.7827665610093
10891,45.80807816509437
10892,46.6926051543111
10893,46.6926051543111
10897,46.6926051543111
10898,46.6926051543111
10901,46.69354856516863
10903,46.69354856516863
10905,46.69354856516863
10906,45.64044131133541
10908,45.71029181944156
10909,45.68298443189018
10911,45.57046039000798
10912,45.57046039000798
10914,44.90015406016238
10917,46.313313254522015
10920,47.16846505541339
10921,47.16964272646798
10922,47.16964272646797
10923,47.172413415665275
10924,47.203815330796864
10925,47.23067045294201
10927,47.23067045294201
10928,47.23067045294201
10929,47.23067045294201
10930,47.419080054400666
10931,47.31055728631779
10932,47.3021003948768
10935,47.3021003948768
10937,47.644375257962515
10938,47.644375257962515
10939,48.39621162429463
10940,48.39621162429463
10941,48.39621162429463
10942,47.939279021876054
10943,47.71718451590195
10944,47.717184515901955
10946,47.717184515901955
10947,47.91281394632785
10949,47.91281394632785
10950,48.021909486798435
10951,48.021909486798435
10952,48.021909486798435
10953,47.946245296969536
10954,47.95104515901731
10955,47.898237717162985
10956,47.898237717162985
10957,47.898237717162985
10958,47.33277071891426
10959,47.33277071891426
10961,48.73245253599095
10963,48.20603794212493
10964,48.21939301614498
10965,48.08310726568005
10967,48.24629201879973
10968,48.24629201879973
10970,48.24629201879973
10971,49.124671817563176
10972,50.00667120898517
10973,50.00667120898517
10974,50.00667120898517
10976,50.016981393633216
10978,50.03070387304407
10980,50.043814566331335
10981,50.04419599335945
10982,50.0304735139486
10983,50.034524885215696
10985,50.034524885215696
10988,50.512028404061276
10989,50.512028404061276
10991,50.60461549118577
10992,49.285298074250974
10993,49.285298074250974
10994,49.285298074250974
10996,49.285298074250974
10997,49.285298074250974
10999,49.20580080157749
11000,49.20580080157748
11001,48.01853850931584
11004,47.9165508643446
11008,47.9165508643446
11009,47.87641206341253
11010,47.92434711718616
11011,47.92434711718616
11012,47.92434711718616
11013,48.230997847261534
11014,48.230997847261534
11016,48.230997847261534
11017,48.866122406953345
11018,48.5505223026289
11019,48.24982157183522
11020,48.24982157183522
11022,48.24982157183522
11024,48.249825371736236
11025,48.24982537173624
11026,48.25562836243671
11029,48.2556283624367
11031,48.2556283624367
11032,48.25562998222784
11035,48.25562998222784
11037,48.25562998222784
11039,49.35341942599104
11040,49.353513323883675
11041,49.86063926519483
11042,47.97505193878277
11044,47.97505193878276
11045,47.433672210787954
11046,47.433672210787954
11047,47.42786922008749
11048,47.200858301968324
11051,47.22525953477361
11052,46.898540040690634
11053,46.742286699189535
11054,46.12638169037494
11056,46.098941647259515
11057,46.09894164725951
11058,45.759513299764336
11061,45.37528084596899
11062,45.39167103280944
11063,46.49343771215901
11064,46.49343771215901
11065,46.9549998883696
11066,46.9549998883696
11068,46.9549998883696
11069,46.619589146413446
11070,46.59081627560272
11071,46.59081627560272
11074,46.270786058852465
11075,46.270786058852465
11076,46.270786058852465
11079,46.270786058852465
11080,46.2707396575788
11081,46.47542634980331
11082,47.376542193892334
11084,47.3765421948707
11085,47.2858421955437
11086,46.45177990982103
11089,46.30019588458145
11090,45.956921608106796
11092,45.962187197575695
11093,45.96232169386178
11095,45.96232169386178
11096,45.96232169386178
11098,45.96232169386178
11099,46.051016476335704
11100,44.819697728546146
11101,44.83739923467093
11103,44.83739923467093
11104,44.83739923467093
11105,44.83287599096361
11106,44.83287599096361
11107,44.83287599096361
11109,44.73989984947992
11110,44.739899849479926
11111,44.739899849479926
11112,44.739899849479926
11113,44.739899849479926
11114,44.981652212154835
11117,45.011010458349745
11120,44.981652212154835
11122,44.981652212154835
11123,44.981652212154835
11124,44.981652212154835
11125,44.98249149400605
11127,45.346139180050876
11128,45.34613929372521
11129,45.3461392937252
11130,45.3461392937252
11131,45.3461392937252
11133,44.85018732671548
11137,44.85018732671548
11141,45.720572417627736
11142,45.720572417627736
11143,45.822207629022074
11144,45.822207629022074
11145,45.870866404067776
11146,45.164186139440744
11150,45.19659179634999
11152,45.301839286953694
11155,45.291110961830306
11156,45.29624779023559
11157,45.21690172670018
11159,45.216901726700186
11161,45.952692462220114
11166,45.952692462220114
11168,46.460081080487285
11170,45.99724737995188
11171,45.99724737995187
11172,45.99724737995187
11174,45.88915148186994
11175,45.952434481800836
11178,45.952440317916874
11179,47.101300034982074
11180,45.95244031791688
11184,45.95244031791688
11186,45.52928599539473
11188,46.415872658186785
11191,46.53180416266892
11193,46.516161015736756
11194,46.51616101573676
11197,46.51616101573676
11199,46.47378518734218
11200,46.47378518734218
11201,46.47378518734218
11204,46.166384117370455
11205,46.166384117370455
11206,46.0580958776064
11207,46.71857659461753
11209,46.003044623061655
11212,46.00300137812189
11213,46.06393646782357
11215,46.06393646782357
11217,46.06393646782357
11218,46.0647981797752
11219,45.90895932922421
11220,45.90895932922422
11221,45.90895932922422
11222,45.51874724105039
11223,45.51874724105039
11224,47.135972023530876
11229,47.135972023530876
11230,46.7740528850659
11231,47.02020791130526
11233,47.029924469553585
11234,47.02992446955358
11235,46.79900542268759
11236,46.52333023380446
11237,46.52333023380446
11238,46.52333237323461
11239,46.70042967006238
11243,46.79159160157943
11244,46.60134125342339
11245,46.18284616597946
11246,46.18284616597946
11249,46.18284616597946
11250,46.18284616597946
11252,46.18284616597946
11253,47.07131181707559
11255,46.41070676575937
11256,45.537795615837815
11257,45.537795615837815
11258,45.537795615837815
11259,45.537795615837815
11262,45.53771200273288
11265,47.33210907389587
11266,47.33211095274343
11267,47.33211095274343
11268,47.33211095274343
11270,47.33211095274343
11273,47.353497012793774
11274,47.35349701279378
11275,47.35349701279378
11277,47.35349713129482
11279,47.28059902660749
11280,47.56938221584666
11281,47.605685992333605
11282,47.36273309989547
11283,48.105253527764006
11284,48.105253527764006
11285,48.105253527764006
11287,48.105253527764006
11288,48.105253527764006
11289,47.82624278365084
11291,47.269201409247586
11295,47.28686844915673
11296,47.94950072400745
11297,48.288662241919354
11298,48.288662241919354
11299,48.822508729862264
11300,48.822508729862264
11301,48.822508729862264
11302,48.52142597024233
11303,48.52142597024233
11304,48.40111547930097
11305,48.40111547930097
11306,48.38151033491747
11307,48.381510334917465
11310,48.381510334917465
11311,48.58827119529575
11312,48.058584220618464
11313,48.058584220618464
11314,47.45474682656936
11315,47.41192250085635
11316,47.41192250085635
11317,47.25154041391717
11318,47.49392727531279
11319,46.85105814103415
11321,46.37736434531521
11322,46.3773643453152
11326,46.3773643453152
11327,45.99445173034601
11328,45.99445173034601
11329,45.994524238985704
11330,45.99465237640252
11331,45.54115517291192
11332,45.701938785758365
11333,45.36155859610876
11334,45.36155859610876
11335,45.36958007524663
11336,45.36958007524664
11337,45.36958007524664
11338,45.36958007524664
11340,45.36968258598728
11341,45.36968258598727
11343,45.36968258598727
11347,45.37080708015497
11348,45.38875805575114
11349,45.38875805575114
11351,45.283700446408105
11352,45.283700446408105
11354,47.13737506441701
11355,47.13788831572805
11357,47.13788831572805
11358,46.95685188222283
11359,46.94539790618705
11361,45.47035971623904
11362,45.382282791336294
11364,45.382282791336294
11365,44.98558675696342
11368,44.985514248323724
11372,45.54056305740344
11373,45.54056305740344
11374,46.65316424392092
11375,46.04748804295579
11376,46.0474880429558
11378,46.34833752351016
11380,46.34834886301103
11381,46.35468740327731
11382,46.35468740327731
11384,46.35468740327731
11385,46.35486942443385
11386,46.35486942443384
11387,46.797728341666385
11388,46.75861420399966
11389,46.75861420399967
11390,46.75861420399967
11392,46.75861420399967
11393,46.95162509629398
11394,47.17484614805487
11395,47.17484614805487
11396,46.769017438567225
11397,47.15482461941866
11398,47.433782432450585
11401,47.15482461941866
11402,47.15482461941866
11403,47.15482461941866
11405,47.17485673154699
11407,47.174856731546996
11408,47.1749458816932
11409,47.17120408664954
11410,47.17120408664954
11411,46.785932401159556
11412,46.785932401159556
11413,46.80461482208653
11414,46.80501949932652
11417,47.00750354426829
11418,47.00750354426829
11419,46.858051520860315
11420,47.075456595398435
11422,47.07935028900038
11424,47.07935028900039
11426,47.07935028900039
11427,47.07935028900039
11428,47.062837375961685
11430,47.062837375961685
11431,47.21036066527757
11433,46.17439600209402
11439,46.17439600209403
11440,46.17439600209403
11441,46.17439600209403
11442,46.943379612224675
11443,46.9435025335192
11449,47.49209937159196
11451,47.094109202380736
11452,47.09493526224913
11454,47.09493526224914
11455,47.09493526224914
11458,47.09493526224914
11460,47.094939019520986
11463,47.09493901952099
11464,46.64063515864514
11466,46.97313626185248
11468,46.97313626185248
11469,47.52521590941101
11471,47.52521590941101
11472,47.99908051744297
11473,48.71098007129312
11475,48.28484942279428
11476,48.286021467150064
11477,48.286021467150064
11479,48.28925367519993
11480,48.28925367519993
11482,48.28925367519993
11483,48.13480594724652
11485,49.03618119879995
11486,49.078522203438034
11487,49.77896665203398
11488,49.77896665203398
11491,50.07988402505788
11494,50.03572736357751
11495,50.036968785758084
11496,50.03696878575808
11498,50.03696878575808
11499,50.03696878575808
11501,50.13540866128053
11503,50.13598998949274
11504,50.13598998949273
11505,50.13598998949273
11506,49.899724944089684
11508,49.24901663983566
11509,49.24901663983566
11510,49.24901663983566
11511,49.66860253140413
11512,49.66860253140415
11513,49.848396359949334
11515,51.412561071491254
11516,51.412561071491254
11517,51.412561071491254
11519,51.412561071491254
11520,51.437546598763674
11521,51.4725329626165
11522,51.472532962616484
11523,51.81688113580526
11525,51.81688113580526
11526,51.81688113580526
11527,51.86936748845268
11528,52.061183710214806
11529,52.061183710214806
11530,52.061183710214806
11531,52.061183710214806
11532,52.35317288869939
11533,52.35317288869939
11534,52.35317288869939
11535,52.31773777689557
11536,52.31773777689557
11537,52.319551661439235
11539,52.319551661439235
11541,52.29730022308863
11544,52.29730022308863
11546,52.29730022308863
11547,52.29730022308863
11548,51.9793652876953
11549,51.9793652876953
11551,51.9793652876953
11552,52.31517411283228
11555,52.316428227570455
11556,52.31644430404265
11557,52.31644430404265
11558,52.31644430404265
11559,51.223639387933545
11564,51.22271824579928
11566,51.093202006884454
11568,51.57178329310209
11570,51.57178329310209
11572,51.57178329310209
11573,51.241788948576186
11574,51.241788948576186
11579,50.65584741737203
11580,50.75280834414258
11583,50.75280834414258
11584,50.53673364948167
11586,50.53673364948167
11588,50.53673364948167
11589,50.53673364948167
11590,49.67417442768023
11592,49.67417442768023
11595,49.67417442768023
11596,49.67417442768023
11598,49.67435151079589
11599,49.67435151079589
11601,49.68064269652302
11603,49.68064269652302
11605,49.68064269652302
11606,49.847867566806485
11608,50.13492293801495
11613,50.350374366761834
11614,50.35037436676183
11616,50.43425803845521
11617,50.43425803845521
11618,50.43425803845521
11619,50.43425803845521
11621,50.2627005088569
11622,50.250129110630404
11623,50.250129110630404
11625,49.68534705900833
11626,49.68534705900833
11627,49.746724649324406
11628,49.746724649324406
11629,49.904644784481626
11630,49.90464478448163
11633,50.03624362010624
11635,50.08352411259858
11636,50.63343656131006
11637,50.57385036751693
11639,50.573740861486726
11640,50.573740861486726
11641,50.73822997878426
11642,50.85287524851047
11644,50.85287524851047
11645,50.85276589892169
11646,50.889663475982594
11647,50.88966347598259
11649,50.32019654941946
11650,50.827277435101465
11651,50.827277435101465
11652,50.827277435101465
11657,50.827277435101465
11658,50.02603439297997
11660,50.04202508106469
11661,50.8138217757457
11662,50.53090046776099
11665,50.53090046776099
11666,50.53090046776099
11667,50.53090046776099
11668,50.53090046776099
11669,50.53090046776099
11670,50.53090046776099
11671,50.53090046776099
11672,50.53090046776099
11673,51.01873905739031
11675,51.01873905739031
11676,50.831526499346054
11677,50.16930216103337
11678,49.980962762564005
11680,49.980962762564005
11681,50.05716765947331
11683,50.05716765947331
11684,50.05716765947331
11685,50.15855795566944
11686,50.68764873024715
11687,49.326149310376856
11689,48.49157665880549
11690,48.49157665880549
11693,48.49157665880549
11696,48.49157665880549
11697,48.70567597562481
11698,48.70567597562481
11699,48.70567597562481
11701,48.46850389155571
11703,48.46850389155571
11704,48.46850389155571
11705,48.46872991915886
11707,48.46872991915886
11708,48.46872991915886
11709,48.145787257249886
11710,48.14593219377711
11711,47.17982399762732
11713,46.54097384909609
11715,46.54323291547279
11718,46.57749061772893
11719,47.3990120040894
11720,47.3990120040894
11721,47.3990120040894
11724,47.3990120040894
11726,47.4168512764125
11727,47.458885778644785
11729,48.28201645787446
11730,48.28201645787446
11731,48.28201645787446
11733,48.28201645787446
11734,48.28201645787446
11736,47.83823095276016
11737,47.516039622949066
11738,46.837096631708306
11739,45.74860455527238
11741,45.84118822552326
11742,46.41402760524652
11743,46.41402760524652
11744,46.41402760524652
11745,46.41402760524652
11746,47.16168167984373
11748,47.18332384598067
11749,47.18332384598067
11750,47.24799497749381
11751,47.55961564980693
11752,47.371053074518976
11754,47.38378844387248
11756,47.38378844387249
11758,47.43856579425326
11759,47.367661218389145
11760,47.36766121838912
11761,47.36766121838912
11762,47.36766121838912
11763,46.814871882638165
11764,46.12883128782721
11765,46.12883128782721
11766,46.12883128782721
11767,45.49204505218261
11768,45.16562140208929
11769,45.16542176933201
11771,45.51535902795219
11773,44.91557917398954
11774,44.91557917398954
11775,44.91604659881886
11776,44.916046598818866
11777,44.916046598818866
11778,44.916046598818866
11782,44.916046598818866
11783,44.916046598818866
11785,44.11037104559511
11786,44.78055497941019
11787,44.89447788421845
11788,46.24752385896758
11789,46.24752385896758
11790,45.20845739737431
11791,45.20845739737432
11793,45.20845739737432
11796,45.18482299932176
11797,45.18482299932175
11798,45.142355100441904
11799,45.823680607437254
11800,45.823680607437254
11801,45.823680607437254
11802,45.82532570540902
11803,45.61574004517184
11804,45.61574004517184
11805,45.61574004517184
11807,45.61574004517184
11808,45.19667562293196
11809,45.204826736267634
11811,45.204958324633516
11813,45.20495832463351
11814,46.82869841231788
11815,46.16688845242685
11817,46.16688845242685
11818,46.78707535176919
11819,50.566081170153915
11820,50.566081170153915
11823,49.862915097360336
11824,49.908836197556525
11825,50.09721445532327
11828,50.09721445532327
11829,50.09721445532327
11830,50.09721445532327
11831,50.09721445532327
11832,50.09721445532327
11833,50.09721445532327
11834,50.09721445532327
11835,50.09721445532327
11836,50.14767700560763
11837,50.14767700560763
11839,50.14767700560763
11840,50.14767780664481
11841,50.14767780664481
11842,50.15473592625625
11843,50.14809816584201
11845,50.14809604270725
11846,50.13900185298233
11849,50.13900185298233
11850,50.13903751495794
11852,50.0529366929994
11854,50.0529366929994
11855,49.214219009887735
11856,49.214219009887735
11858,49.214435637572734
11859,49.21445818139641
11860,49.21445818139642
11862,49.08373473707952
11864,49.66862034744469
11867,49.66862034744469
11868,49.061059276680815
11871,49.025948274227076
11872,49.02594827422707
11873,49.02670250599064
11874,49.01776816526484
11875,49.71512424086724
11876,49.71512424086724
11878,48.93604613423996
11879,48.93604613423996
11880,48.93686489093671
11881,48.936864890936704
11882,48.936864890936704
11883,48.957014993385854
11885,48.035048396512956
11890,48.035048396512956
11891,47.97711594724047
11893,47.41735687479211
11894,47.53665969534873
11896,47.61521495282688
11898,47.61521495282688
11901,48.629579715812696
11903,48.630763016746364
11904,48.63076301674637
11908,48.63076301674637
11909,48.63076301674637
11910,48.114548870642494
11911,48.114548870642494
11912,48.211546616038866
11915,48.211546616038866
11919,48.114548870642494
11921,48.114548870642494
11923,48.108135208176506
11924,48.108135208176506
11925,48.108135208176506
11926,48.13735972995731
11931,47.70849741017069
11932,47.99202943020387
11933,49.231975294294
11936,49.23208265114603
11939,49.232082651146044
11940,49.232082651146044
11941,49.232082651146044
11943,49.232082651146044
11944,49.232082651146044
11946,49.08223389390854
11948,49.8357111649251
11950,49.83012398042295
11952,49.83012398042292
11954,49.83012398042292
11956,49.83012398042292
11959,49.83072616799694
11960,49.83072616799695
11962,49.80379436592816
11963,49.902036280453196
11964,49.902036280453196
11965,49.734922313621894
11966,49.734922313621894
11968,49.734922313621894
11971,49.6812497511591
11972,49.69243001575196
11974,49.69243001575195
11975,49.704771537175105
11976,49.704771537175105
11978,49.704771537175105
11979,49.7425615793339
11980,49.74256157933391
11981,49.76363339961732
11982,49.16498977985964
11984,49.16498977985964
11986,49.16531536442335
11987,49.165315364423364
11989,49.165315364423364
11991,48.037589677285595
11996,48.0413624196138
11998,48.04136241961379
11999,48.04136241961379
12000,48.00957919249772
12001,48.000806874317824
12002,48.02244204550701
12004,48.02249507866739
12005,48.02249507866739
12007,48.02249507866739
12008,47.744182239734016
12009,47.744182239734016
12010,47.74988537576056
12011,48.31536417755995
12012,46.40777521701152
12014,46.40777521701152
12017,46.40777521701152
12018,46.40777521701152
12019,46.93314674503375
12020,47.14067776084535
12023,48.17554144262276
12024,48.17613994036643
12025,48.355089536525924
12029,47.88171548835343
12031,48.12906206396939
12034,48.12906206396939
12035,47.979641132910494
12036,47.979641132910494
12037,47.97479011866741
12039,48.04724381863663
12040,47.97479011866741
12042,47.992222280374925
12043,48.053802037534496
12048,48.053802037534496
12052,48.053802037534496
12053,48.356378809826495
12055,48.40878259659673
12058,48.40878259659674
12059,48.40878259659674
12060,47.49815277077569
12061,48.12773611732149
12062,48.13026007248497
12063,48.41398775595218
12065,48.41398775595218
12066,48.41398775595218
12067,48.41398775595218
12068,48.56745663841342
12071,48.41398775595218
12074,49.0968546788215
12075,48.61449956795771
12076,48.614499567957694
12077,48.614499567957694
12078,48.2942078491539
12079,48.29420784915389
12080,48.12510016356431
12081,48.12510016356431
12082,48.90129608947173
12083,48.90129608947173
12084,48.90129608947173
12085,48.90129608947173
12086,48.91065503329509
12088,48.91065503329509
12097,48.91065503329509
12100,49.0867680208331
12102,48.15472037003485
12104,48.434827721313745
12106,48.47474525192716
12107,48.47474525192716
12110,49.43342462659946
12111,49.43342462659946
12115,49.43790429968044
12116,49.437904299680426
12117,49.437904299680426
12118,49.437904299680426
12121,49.437904299680426
12122,49.437904299680426
12124,49.03597182176442
12125,49.03667916033316
12126,48.00485347394575
12129,48.871683689262944
12130,48.871683689262944
12131,48.871683689262944
12133,48.55829928487534
12135,48.55829928487535
12136,48.505304051050466
12138,48.505304051050466
12141,48.505304051050466
12145,48.27404435970685
12147,48.78673732790536
12149,48.9583566402137
12150,49.66338330134447
12151,49.36631613761489
12152,49.37841276631603
12153,49.37841276631604
12155,49.37841276631604
12156,49.37841276631604
12157,49.37841276631604
12158,49.37841276631604
12159,49.37841276631604
12163,49.38792758743204
12165,49.38792758743203
12166,49.00836612874223
12167,49.008366128742225
12168,49.008366128742225
12169,48.995978679576396
12171,48.995978679576396
12173,49.77041890522744
12175,49.77041890522744
12177,49.778682211864215
12178,49.77941807926642
12179,49.33677513699735
12180,49.170200936963816
12181,49.170200936963816
12183,49.170200936963816
12185,49.15178799360839
12187,49.15178799360839
12188,48.425051526362864
12190,48.727504221510905
12191,48.727504221510905
12192,48.93360491833753
12194,48.9357785130118
12200,48.827172607640584
12201,48.727559250600315
12205,48.72755925060032
12206,48.64578672741169
12208,48.64578672741169
12209,48.648588618869
12210,48.64858861886899
12211,48.64858861886899
12213,48.64858861886899
12214,48.64858861886899
12215,48.64858861886899
12217,48.65536851790537
12218,48.65536851790537
12219,48.81299944216331
12220,49.2664004002756
12221,49.21619784215887
12222,49.20893322237483
12223,49.20893322237483
12224,49.163580738447216
12225,49.013896149846055
12226,49.16277896094602
12227,49.16277896094602
12229,49.16217005754265
12231,49.16420945101668
12232,49.16420945101668
12234,49.16420945101668
12235,49.16420945101668
12236,49.16420945101668
12237,49.16420945101668
12238,49.21562982138585
12239,49.21562982138585
12246,49.30034644938512
12250,50.096375538717915
12251,50.09094543215459
12253,50.49651057976528
12255,49.64476074425087
12257,49.64476074425087
12258,49.657755798069054
12259,49.72235688777969
12261,48.919208285939874
12264,50.247352619887025
12266,50.247352619887025
12267,50.02894897911616
12269,49.04040722567643
12272,49.04040722567643
12273,49.04040722567643
12274,49.0407962539163
12275,49.051961351543305
12276,49.09651337404128
12277,49.09651337404128
12281,48.93340334167968
12284,48.93340334167968
12285,48.62218295900851
12287,48.62218295900851
12288,48.737223877027255
12289,48.73722387702725
12290,48.737654325385876
12291,48.195968464487976
12292,48.2004811171155
12293,47.77392581063825
12295,47.77392581063825
12296,47.7787676452111
12301,47.7787676452111
12305,47.69397033424185
12311,47.909451150596304
12312,47.909451150596304
12314,47.91098937634361
12315,47.91098937634361
12316,47.91098937634361
12317,47.91098937634361
12319,47.909951941253745
12320,47.909951941253745
12321,47.78684124428192
12323,47.78684124428192
12324,47.78684124428192
12325,47.78684124428192
12327,47.78684124428192
12328,48.38665772217844
12329,48.38665772217844
12330,48.79656303783987
12331,48.82620390815704
12332,48.86161106659186
12333,48.7137044737663
12335,48.92957163761244
12340,48.92977605499531
12341,48.05481635674579
12342,47.987393027266656
12343,47.98832023219463
12344,47.993123334874426
12345,47.993123334874426
12347,47.99457177391589
12349,47.99457177391589
12352,48.00298443412605
12353,46.7808939870472
12354,47.20036208792585
12356,47.20036208792585
12358,47.20036208792585
12359,46.47090276741355
12360,46.3265377817503
12362,46.3265377817503
12363,46.3265377817503
12366,47.43041498447901
12368,47.43041498447901
12370,47.43041498447901
12371,47.43041498447901
12372,47.43041498447901
12374,47.43041498447901
12375,47.43041498447901
12376,46.732725430559555
12377,46.73817160387901
12379,46.655537175257514
12380,46.655537175257514
12384,46.655537175257514
12385,46.655537175257514
12386,46.66410101999676
12388,46.66410101999676
12389,46.66410101999676
12392,45.95172175539406
12393,45.95172175539406
12395,45.95172175539406
12396,45.95172175539406
12397,45.65881193437131
12401,45.65642801373136
12402,45.65642801373136
12403,46.064646683182325
12404,46.064646683182325
12406,46.064646683182325
12408,45.79672577709718
12412,46.19125403813859
12415,46.217163452437525
12416,46.1493791364022
12417,46.1493791364022
12420,46.332165871147126
12421,45.70809633630221
12424,45.68226925222022
12425,45.87019565799296
12426,45.68226925222022
12427,47.1813847308818
12428,47.48094826071459
12429,47.508978398796174
12430,47.508978398796174
12431,47.508978398796174
12432,47.56481711923784
12433,48.2403515925028
12434,48.23439758418099
12435,48.235212999692756
12437,48.235212999692756
12438,48.23967827686426
12439,48.23967827686426
12440,48.23967827686426
12441,48.23967827686426
12444,48.0671109480323
12445,48.0671109480323
12446,48.0671109480323
12447,46.81772681246654
12448,46.61033316700323
12449,46.61033316700323
12451,46.61033316700323
12452,46.60586788983173
12455,45.98235414711515
12457,45.98235414711515
12458,45.15002303318419
12459,44.62584696708924
12460,44.357828549589094
12464,44.175198284092616
12465,44.175198284092616
12466,44.41515664317109
12468,44.41515664317109
12471,44.41623722745404
12472,44.43567663196102
12475,45.247459810572174
12476,45.247459810572174
12479,45.247459810572174
12480,44.36685530665865
12483,44.32409039389905
12484,44.32409039389905
12486,44.32491195078556
12488,44.19699732993502
12490,44.23055358019044
12491,44.23055358019044
12493,44.14839586046865
12494,44.15170804223162
12495,42.66544281613782
12498,42.66544281613782
12499,42.574574823794876
12500,42.55945971518646
12501,42.55945971518647
12502,42.55945971518647
12505,42.553612486993856
12507,42.55361248699385
12512,42.55361248699385
12513,42.523550607669584
12514,42.796572570806596
12515,42.796572570806596
12516,42.796572570806596
12517,42.81401164329167
12518,42.81401164329167
12520,42.81401164329167
12521,42.82623995327487
12523,42.82623995327487
12525,43.87637226610517
12526,43.87637226610517
12528,44.53707852348234
12529,44.29632490100353
12530,44.14652793479176
12531,44.570057609004266
12532,44.569602229123674
12533,44.569602229123674
12534,44.711178331388204
12535,44.711178331388204
12536,45.475251634568906
12538,45.475251634568906
12539,45.475251634568906
12541,45.475251634568906
12542,45.475251634568906
12544,45.475251634568906
12546,45.475251634568906
12547,45.43543645809896
12548,45.192110535644076
12551,45.19502452910612
12554,45.032512866538816
12556,45.0895105896937
12557,45.01295163649038
12558,45.01295086519961
12559,45.01234601210419
12561,45.012346012104196
12563,44.374021769473664
12565,44.025801832942975
12567,44.025956036653554
12568,44.025956036653554
12569,43.81939798481952
12570,44.587045617786735
12571,44.587045617786735
12575,44.587045617786735
12576,44.587976577158656
12577,44.58797657715866
12579,44.58797657715866
12580,46.19780181536045
12581,46.19780181536045
12583,46.156213876812046
12586,45.92897708449863
12587,45.92897708449863
12589,46.01893519663362
12591,45.87757536530356
12592,45.88268188953638
12594,45.882681889536386
12595,45.882681889536386
12596,45.88286163966051
12597,45.88375894897237
12600,45.88375894897237
12603,45.88375894897237
12605,44.39717219216622
12607,44.397172192166224
12611,44.397278323922244
12612,44.36213739952723
12613,44.08499688902835
12616,43.92093964554614
12618,43.93592882320097
12619,43.121109317507624
12620,43.121109317507624
12623,43.55410268930602
12624,43.86894855803396
12625,43.86894855803396
12627,42.1874557296522
12628,42.187473561234135
12630,42.18747356123413
12631,42.58665377878175
12633,42.59586623088915
12634,42.59586623088915
12635,42.59586623088915
12636,42.70378657747708
12638,42.70378657747708
12639,42.708236529431474
12644,42.70720912085597
12646,43.28874932751268
12647,43.78262976047849
12649,43.78262976047849
12650,43.78262976047849
12651,43.78262976047849
12652,43.80411630473754
12655,43.55115234408085
12656,43.551152344080855
12657,43.55033078719435
12658,44.33945633651809
12663,44.89144545248693
12665,44.78489188037849
12667,45.26085463717239
12669,44.86719613512583
12670,44.86719613512583
12671,44.86719613512583
12672,44.86719613512583
12673,44.86719613512583
12674,44.86719613512583
12677,44.86719613512583
12678,44.86719613512583
12679,44.963944833325144
12680,44.963969534541675
12681,44.963969534541675
12682,44.49014037330378
12683,44.49352090759811
12685,45.441632095389174
12686,45.441632095389174
12687,45.441632095389174
12688,44.72773795861321
12689,44.72773795861321
12692,45.04371595498539
12695,45.04371595498539
12697,45.03819976795542
12700,45.349572128669664
12702,45.350032368318814
12703,45.350032368318814
12706,45.41445292916017
12708,45.41445292916017
12709,45.30586481878779
12710,45.305864818787796
12711,45.31119839668454
12712,45.31119839668453
12714,45.312024456552926
12716,45.31202445655293
12717,45.31202445655293
12718,45.31202445655293
12721,45.31202445655293
12722,45.4045392721365
12723,45.4055252392915
12724,43.90729209222536
12726,44.14152957845659
12727,44.14152957845659
12728,43.75853332592223
12729,43.54998047192936
12730,43.54998047192936
12731,43.54998047192936
12732,44.106764807508426
12735,44.106764807508426
12736,43.306893265896896
12737,43.30599179953737
12738,42.972143359994625
12739,41.738451984418255
12741,41.738451984418255
12742,41.738451984418255
12744,41.738451984418255
12747,41.738451984418255
12748,41.738451984418255
12751,41.738451984418255
12752,43.61328942120613
12753,43.61328942120613
12754,43.61328942120613
12755,43.61328942120613
12756,43.61328942120613
12758,43.54053770761714
12759,43.54053770761715
12762,44.394239726478254
12763,44.394239726478254
12766,44.394239726478254
12768,44.394229714020454
12770,44.780937796597776
12772,44.395817017418885
12773,44.140300587978395
12774,43.44959515097509
12776,44.426988811154025
12778,45.495670950725646
12779,45.18600908938831
12780,45.18600908938831
12782,45.18600908938831
12783,45.18600908938831
12784,45.18600908938831
12786,45.2727087387546
12787,45.275527483426664
12790,45.38153825917877
12794,45.38153825917877
12796,45.38153825917877
12798,45.38153825917877
12800,45.38153825917877
12801,45.38107801952962
12802,45.340535962683646
12805,45.34053596268365
12807,45.34053596268365
12808,45.26713045763692
12810,45.2832806827636
12812,45.83609596398064
12813,45.836560692284785
12814,44.894276766544905
12817,45.31243820018268
12818,45.250455354224385
12819,45.250455354224385
12821,45.613591737992806
12822,45.613591737992806
12823,45.61369458239391
12824,45.61369458239391
12830,45.61369458239391
12831,45.81323354252689
12832,45.84696633484381
12834,45.84696633484381
12836,45.919132004584505
12837,45.919259159490466
12838,45.919259159490466
12840,46.585104110653894
12841,46.585104110653894
12842,47.81629923284848
12843,47.81629923284848
12844,47.81629923284848
12849,47.816314522289986
12851,47.816314522289986
12853,47.687901881360986
12854,47.85676176172414
12855,47.85676176172414
12856,48.22522982339219
12858,48.22522982339219
12859,48.22522982339219
12860,48.22522982339219
12862,47.35320898723844
12864,47.33574343271172
12865,47.19881613075843
12869,47.19881613075843
12871,47.44856397460559
12872,46.84114579935115
12873,46.84114579935115
12874,46.841154712653285
12875,46.45068522583707
12876,46.45068522583707
12880,46.62843465190698
12882,46.63861909749713
12883,47.70229959661255
12884,47.70229959661255
12886,47.70229959661255
12887,47.64972018596905
12888,47.6585091810328
12890,47.65762809834157
12891,47.65762809834157
12893,47.64744365275142
12894,46.87878255886422
12895,46.91880663841966
12899,46.91917020732368
12900,46.91038121225993
12901,46.910381212259935
12903,46.83949673940971
12904,46.83949673940971
12906,46.860623161091944
12907,46.851009722593744
12909,46.78155523165376
12910,45.389681195679344
12913,45.38968119567935
12915,45.31203972550361
12916,47.28816360414464
12919,47.28816360414464
12920,47.490764094628474
12921,46.83844157543174
12922,46.838460739867905
12924,47.121545499460986
12925,47.121545499460986
12926,47.98708615732124
12927,47.53829875752628
12928,47.53829875752628
12929,46.64479870515005
12930,46.40452248742146
12931,46.40452248742146
12932,46.40452248742146
12939,46.40452248742148
12940,46.49780662958886
12942,46.49780662958886
12946,48.435118944616725
12948,48.44574559973977
12949,47.722037966731435
12952,47.5162571350244
12953,47.53687502498692
12955,47.53687502498692
12956,47.53809106456238
12957,47.53809106456238
12958,47.8439286059959
12959,47.8439286059959
12960,47.800319148599485
12961,48.26140669270864
12962,48.26140669270864
12963,48.26140669270864
12964,47.865582372517274
12965,47.865582372517274
12966,47.865582372517274
12967,47.86291711012323
12970,47.86291956334177
12971,47.86291956334177
12972,47.86291956334177
12973,47.643284679786085
12976,47.66037934259744
12978,49.0242633017372
12979,49.18502762269718
12980,48.40399319692366
12982,48.413654850598775
12983,47.70298727663674
12985,47.70305017227711
12986,47.70305017227711
12987,47.67814723665288
12990,47.67814723665289
12991,47.67814723665289
12995,47.67814723665289
12996,47.67814723665289
12997,47.67814723665289
12999,47.67814723665289
13000,46.53931926572068
13001,46.556060797078736
13004,47.19250499154521
13005,47.19250499154521
13006,47.456389986984966
13007,46.57606125559508
13008,46.57680935141692
13010,47.929796229503424
13013,48.34302424969684
13015,48.34405583441274
13017,48.34405583441274
13018,48.34405583441274
13019,48.34405583441274
13021,48.34405583441274
13022,48.14490041605689
13023,48.14490041605689
13024,48.14490041605689
13025,48.145304460626654
13026,48.14530446062666
13027,48.14530446062666
13028,48.14530446062666
13030,48.14530446062666
13032,48.29531900770654
13033,48.29531900770654
13034,48.29531900770654
13036,48.310882275616954
13038,48.29531900770654
13039,48.29531900770654
13040,48.29531900770654
13041,48.29531900770654
13044,48.308054623425036
13045,48.73857763767177
13046,48.74046513349871
13047,48.74046513349871
13048,48.51780226363113
13049,48.51780226363113
13051,48.4797504244299
13052,48.48096789897829
13053,47.97251421385941
13054,47.70207927575089
13055,47.7020792757509
13056,48.200650700703406
13058,47.81223165530018
13059,47.816042337741074
13060,47.808627669061856
13061,47.808627669061856
13065,47.808627669061856
13066,47.808627669061856
13067,47.856839988660795
13068,46.04822330724105
13069,46.04822330724105
13070,46.076189093038
13071,46.076189093038
13072,46.266077509215414
13073,46.95895389748151
13076,46.634963026241905
13079,47.515610131854466
13084,47.55622266590077
13087,47.75906635325589
13088,47.75906635325589
13089,47.76051915213733
13093,47.760519152137334
13094,47.31234026486579
13095,47.31234026486579
13096,46.72940699124424
13098,46.729406991244225
13099,46.5366370073483
13102,46.78537535210802
13103,48.40569362474838
13104,48.40569362474838
13107,48.40315659367013
13108,48.40315659367013
13109,48.40315659367013
13111,48.40315659367013
13112,51.03653079233477
13115,51.03653079233477
13116,51.03653079233477
13117,51.03653079233477
13119,51.03653079233477
13121,49.91829829714578
13122,48.027745427616324
13124,48.027745427616324
13125,47.452079770028405
13128,47.45207975039669
13129,47.45207975039669
13130,47.45207975039669
13133,47.45207975039669
13136,47.6394375857938
13137,47.46110081228991
13138,47.85898374344635
13139,47.36041205372718
13140,47.28518037489644
13142,47.28518037489644
13143,47.114311146925075
13144,48.48984098106489
13145,48.48331842934856
13146,47.395272923073705
13148,46.85987815698057
13150,46.85987815698057
13152,46.296918246424624
13153,46.36468138165198
13155,46.875255121005104
13156,46.875255121005104
13157,46.36844918871819
13158,46.43080946656941
13161,46.43444685462687
13162,46.36844918871819
13163,46.07858381575407
13164,46.58042958799676
13165,46.58042958799676
13168,46.30899678833537
13170,46.30899678833537
13172,46.30900441600063
13173,46.30900441600063
13174,45.583332473875394
13175,45.583332473875394
13178,45.593872766692165
13180,45.593872766692165
13182,45.593872766692165
13184,45.67644189741385
13185,45.67644189741385
13189,45.67644189741385
13192,45.67644189741385
13193,45.56277246625199
13194,45.87416616726352
13195,45.866167786601544
13196,45.80015344880335
13198,45.80015344880335
13200,45.800213875457565
13202,45.800213875457565
13204,45.56277246625199
13206,45.2460306290325
13207,46.466052158363375
13208,46.466052158363375
13209,45.86612293903215
13210,45.109121961227764
13211,45.66833687377181
13212,45.14083461128046
13213,45.14083461128046
13215,45.14083461128046
13216,46.087756294001046
13217,46.07468797398865
13218,46.48440805502437
13223,46.48440805502437
13224,46.204535824288286
13226,46.20471804677119
13227,46.06687745844392
13229,46.37246317774429
13231,46.37246317774429
13234,46.37246317774429
13235,46.68095318446107
13237,47.176225039586704
13238,47.700344271679825
13239,47.700344271679825
13240,47.700344271679825
13242,47.497310886294905
13243,47.497310886294905
13244,47.497310886294905
13246,47.497310886294905
13247,47.53332547763893
13248,47.53332547763893
13250,49.393450399123715
13251,49.39399286524703
13252,49.393992865247036
13253,49.393992865247036
13254,50.02861567022775
13255,50.07909694238354
13257,50.07909694238354
13258,50.07909694238354
13259,50.07909694238354
13261,50.07917302892784
13262,50.07917302892784
13263,49.256405937566356
13264,49.256405937566356
13265,50.37176902635624
13266,49.538641247635105
13267,49.5386412476351
13268,49.344488596036975
13272,48.585597831064376
13274,48.585597831064376
13275,48.53202991152337
13276,48.53202991152336
13277,49.46810194089647
13278,49.53489962185015
13279,49.46810194089647
13280,49.36421222001159
13281,49.36421222001159
13283,49.36421222001159
13284,49.36421222001159
13285,49.36421222001159
13286,49.40999297312723
13287,49.4715764177725
13289,49.4715764177725
13292,47.993479427757315
13293,47.79516330352892
13294,47.79516330352892
13295,47.948497974772906
13296,47.948497974772906
13297,48.213915560645894
13298,48.213915560645894
13299,48.225173491186396
13300,48.691492184092915
13302,48.12868702841876
13303,48.12868702841877
13304,48.12939441539025
13309,48.129394415390244
13310,48.302097471745874
13311,48.302097471745874
13312,48.302097471745874
13316,49.585843805581526
13317,49.80066354770502
13318,49.807104008259515
13319,49.80735273990462
13322,48.95113243253865
13323,48.951880372816504
13324,48.951880372816504
13325,48.917039588724165
13326,48.4518441429932
13327,48.4518441429932
13328,48.4518441429932
13330,48.4518441429932
13331,48.4518441429932
13333,48.808746010723894
13336,48.81394749215369
13337,48.63119247745916
13338,48.63793181546838
13341,48.681558883260074
13342,48.681558883260074
13343,49.12160327264487
13344,49.632140275184135
13345,49.633299918785035
13346,49.13776943855595
13348,49.13479548548112
13349,49.13479548548112
13350,48.20176079354428
13351,49.169420352281
13355,48.46593774671402
13356,48.46593774671402
13357,48.249091882809665
13358,48.13799056566584
13360,48.13799056566584
13361,48.05098478383889
13362,48.060223143479185
13363,48.060223143479185
13365,48.58011793447599
13366,48.46980760243729
13367,49.07048450322203
13368,49.07048450322203
13369,49.07048450322203
13370,49.12118418580545
13371,47.010881640929526
13372,47.039951492653614
13373,46.43081514352281
13374,47.345239209428925
13375,47.345239209428925
13376,47.34792073299511
13378,47.35086363430135
13379,46.839399571143076
13380,46.4596374176461
13381,46.45963741764611
13382,44.803937087443025
13383,45.074887460031604
13385,44.63203223022687
13386,44.63203223022687
13387,44.63203223022687
13388,44.63203223022687
13389,44.63203223022687
13390,44.63203223022687
13391,44.93371694115281
13393,45.261533960824295
13394,44.95972610494232
13395,44.95972610494232
13397,44.819442804595816
13398,44.82787104655315
13401,45.26297110444438
13403,45.140297483302945
13404,45.13675533017059
13405,45.1511816840033
13407,45.28117672606195
13408,45.28117672606195
13409,46.512445403573665
13411,45.20052108476032
13412,45.200576716397876
13413,45.200576716397876
13414,44.7109286451321
13415,45.11303233906056
13416,45.03953228763372
13417,45.03953228763372
13419,45.39104727778057
13420,45.39268837885924
13421,45.39268837885924
13423,45.39268837885924
13426,45.26269333680059
13427,45.26269333680059
13428,45.26269333680059
13429,45.28813993012353
13430,45.43391580794782
13431,44.14200079783513
13432,44.10936166455635
13433,44.110183835899946
13434,44.59251740051936
13435,44.59251740051936
13436,44.59754621373545
13438,43.425185259057024
13439,43.40110246617524
13443,43.40110246617524
13444,43.40110246617524
13445,43.40110246617524
13447,43.47167181841215
13450,43.46022886795484
13451,44.158897792460415
13453,44.50832380392887
13454,43.72548108500339
13455,43.72548108500339
13456,43.72548108500339
13457,43.46022886795484
13458,43.46022886795484
13459,43.46022886795484
13460,43.81950185321361
13461,43.81950185321361
13463,43.85216786639471
13464,43.81950185321361
13465,43.81950185321361
13466,43.81950185321361
13469,43.821585391156056
13470,43.83882835900971
13472,43.838526032776244
13474,43.838526032776244
13475,44.32666650550781
13478,44.52950803267987
13479,45.887152525546725
13482,45.887152525546725
13483,45.887152525546725
13484,45.887152525546725
13486,45.75931251976714
13490,45.75931251976714
13493,46.04366328619822
13495,46.04366328619822
13496,46.04366328619822
13497,46.047022372262354
13498,45.726223174182444
13499,45.726223174182444
13501,45.72119436096636
13506,45.923780664980725
13507,45.93769294398113
13508,45.941068904975396
13509,45.75478093716987
13512,45.61176973511219
13513,45.62360076057329
13515,45.62360076057328
13517,45.63922995305176
13519,45.63922995305177
13521,45.63922995305177
13523,45.63926121210305
13525,46.425404360575975
13526,46.42716275996734
13528,46.42716275996734
13529,46.411518717721066
13530,46.41506167581455
13532,45.67982498250347
13533,45.67982498250347
13535,45.69800025552116
13536,45.706153977316795
13538,45.706153977316795
13539,45.706153977316795
13540,44.624159690935386
13541,44.68665283333278
13543,44.68665283333278
13544,46.89948459598268
13545,46.89948459598268
13546,46.97588441080976
13547,46.85568215981983
13548,47.405940351767875
13549,47.153540436454286
13550,47.40569506794207
13551,47.40569506794207
13552,47.40569506794207
13553,47.492465736106624
13555,47.49246573610663
13558,47.49246573610663
13559,47.68159041157585
13560,47.68159041157585
13561,47.68159041157585
13563,47.68159041157585
13564,47.68159041157585
13565,47.68159041157585
13568,47.68159041157585
13569,47.68159041157585
13573,47.68159041157585
13575,47.68159041157585
13577,47.68159041157585
13578,47.68159041157585
13579,47.68159041157585
13580,47.681670922659016
13583,47.64239610808672
13584,47.90567633304499
13585,47.90567633304499
13586,47.90567633304499
13588,47.79141356456709
13589,47.79183819034948
13590,47.79183819034947
13591,47.167273937287355
13592,47.205565856495916
13593,47.22164194461461
13594,48.665799275356214
13595,48.665799275356214
13596,49.24013192773284
13597,49.24013192773284
13598,46.14237719530419
13599,46.14237719530419
13600,46.14237719530419
13601,46.14237719530419
13602,46.14237719530419
13604,46.14237719530419
13605,46.022959687716614
13607,46.022959687716614
13609,46.002807578258164
13610,46.002807578258164
13611,46.002807578258164
13614,46.05013065590664
13616,47.93910312224969
13617,47.93910312224969
13618,47.24489953925182
13619,47.03787294584555
13620,48.059997472165016
13622,48.75973626609264
13624,49.4066523747074
13625,49.40665237470739
13626,49.40665237470739
13627,49.87985873388814
13632,50.90724362780368
13634,50.84283709223736
13635,50.84283709223735
13636,50.84283709223735
13637,50.95681311985857
13638,50.95681311985857
13639,50.23860836079862
13641,50.553448401271915
13642,50.553448401271915
13643,50.553963217102364
13645,50.55396321710238
13646,50.55396321710238
13648,49.319966922154
13649,49.82841726487326
13650,48.81003383958262
13651,48.81003383958262
13652,48.81016352805223
13653,48.810163528052236
13654,48.810163528052236
13655,48.810163528052236
13656,47.538167094952236
13657,47.538167094952236
13658,47.10348276947216
13659,47.10348276947216
13660,47.10348276947216
13663,47.3443599215564
13665,47.3443599215564
13666,47.3443599215564
13667,47.3443599215564
13668,47.3443599215564
13669,48.00384411066677
13670,47.86752980567943
13671,47.98738314833621
13672,47.74238562014797
13673,47.74238562014797
13675,47.74238562014797
13677,47.74238562014797
13681,47.74238562014797
13682,47.51031556729549
13683,47.27292497168015
13685,47.27354414035221
13686,47.27740993405742
13687,47.27740993405741
13688,47.289787429638025
13690,47.19679043375228
13691,47.19679043375228
13694,47.24386554419483
13696,47.24386554419483
13697,46.99225252442894
13699,47.46427823088031
13700,47.46427823088031
13702,48.33961881335097
13703,48.33845991936594
13704,48.338459919365945
13705,48.338459919365945
13706,47.93282887929103
13708,47.93282887929104
13709,48.01278246323134
13711,48.01287114737729
13714,48.55435594235506
13715,48.55435594235506
13716,49.19950963162874
13717,48.688410434122666
13719,48.688410434122666
13721,48.68852794042849
13724,48.635577047947784
13725,49.637448965512526
13726,50.26831912514049
13727,50.26433687331248
13728,50.26433687331249
13729,50.26433687331249
13730,50.26433687331249
13732,49.70220981859444
13733,49.70220981859444
13734,49.70220981859444
13735,49.26063233956514
13736,49.233296558068204
13737,49.034578190124485
13738,48.97047023984263
13739,48.83641574807503
13742,48.56104059772885
13743,48.48567103869883
13746,48.20176388632984
13750,48.20176388632984
13751,48.20176388632984
13754,48.20176388632984
13755,48.20176388632984
13756,48.20570482074497
13757,48.20627030482561
13758,48.20620859411892
13759,48.06674520602139
13760,48.06280427160626
13761,48.06280427160626
13762,48.74947752237703
13763,48.75573953119872
13764,48.75573953119872
13765,48.75573953119872
13766,49.79232023758629
13767,49.79232023758629
13768,49.78264815361505
13770,50.42519561475418
13772,50.4248822444896
13773,48.41543521026627
13774,48.415435210266274
13775,48.37728517268145
13776,48.37793650536701
13778,48.37793650536701
13779,47.5211395805398
13780,47.5211395805398
13781,47.35020431944142
13783,49.83359892815764
13784,49.47744142076749
13785,49.47744142076749
13786,50.5387949418796
13787,50.51982761756046
13789,50.519827617560466
13790,50.519827617560466
13791,47.27497001065948
13793,47.25217518383772
13794,47.62103942280844
13796,47.62103942280844
13798,47.62103942280844
13800,47.62103942280844
13804,47.700440025980846
13805,47.70078195757915
13806,47.68449296951119
13807,48.81947940628942
13809,49.407358454788344
13810,49.407358454788344
13811,49.407361396765886
13814,49.407361396765886
13815,49.407361396765886
13816,48.18869488480086
13817,48.18869488480085
13819,48.18869488480085
13820,48.933990787976605
13821,48.316029981611045
13825,48.316029981611045
13826,49.481727722473835
13827,48.45452682710839
13828,48.32516343436616
13829,48.31428985559245
13832,48.28893889898556
13834,50.371495949585274
13835,50.37189315192583
13836,50.37189315192583
13837,50.77859643916738
13838,50.79756376348652
13839,50.82019327429917
13841,50.82019327429917
13842,50.82118740696485
13843,50.821187406964846
13844,50.821187406964846
13845,50.821187406964846
13846,50.80592253679187
13847,50.644471401886605
13848,50.64447123571294
13849,50.64447123571294
13850,50.64447123571294
13851,50.64447123571294
13853,50.64447123571294
13854,49.97291390015722
13857,49.992467589824614
13858,49.779828710751225
13859,49.77982887692489
13860,49.412484354264684
13862,49.412484354264684
13863,49.38850513165093
13864,49.38850513165093
13866,49.38850513165093
13867,49.38850513165093
13868,49.38888606468295
13869,49.38888606468295
13870,49.401907694737105
13872,49.401907694737105
13873,50.026860076706114
13875,49.452510302286655
13876,49.452510302286655
13878,49.452510302286655
13880,49.452510302286655
13882,49.452510302286655
13883,49.61873688928262
13884,49.67592397573772
13885,49.67669915433835
13886,49.452510302286655
13888,49.452510302286655
13890,49.452510302286655
13891,50.19922665056829
13892,50.19922665056829
13894,50.351019273246784
13895,50.351019273246784
13898,50.35150147476963
13900,50.5628738015633
13901,50.5628738015633
13902,50.5628738015633
13905,50.5628738015633
13906,50.88059871363222
13907,50.57877657134858
13908,50.57877657134857
13909,50.5812743170924
13910,50.64846838914243
13912,50.6506396962185
13917,50.65063969621849
13918,50.65063969621849
13919,50.65471409075933
13921,50.65471409075933
13922,50.65471409075933
13923,50.65471409075933
13925,50.01789032002027
13926,50.01789032002027
13929,50.00032693446202
13930,50.00032693446202
13931,49.99695718274219
13932,50.000180977154955
13933,49.708033457348776
13934,49.820700087084354
13936,49.820700087084354
13939,50.00046426613442
13941,49.97457970101493
13943,50.103402103067246
13945,51.167005221205905
13947,51.167005221205905
13948,51.167005221205905
13949,51.167139318968815
13950,51.167139318968815
13951,51.167139318968815
13952,51.19119081833036
13953,51.07572234859095
13954,50.36309619955645
13957,50.585614429945196
13959,50.29653134780024
13960,50.157595743837966
13961,49.9976043851997
13962,49.90210425261867
13966,51.931837594128325
13968,52.63773790444292
13969,52.63773790444292
13970,52.63773790444292
13971,53.06124444200884
13972,54.47368783582781
13976,54.47368783582781
13978,54.47368783582781
13979,53.06124444200884
13980,51.94239755262166
13983,51.924112755553104
13986,51.9241127555531
13989,52.595900237013495
13990,52.595900237013495
13991,52.59576060741106
13993,52.59576060741106
13994,51.97232098130952
13995,51.68570180283803
13996,53.22635634560704
13997,53.226360235055346
13998,53.22636023505534
13999,53.22636023505534
14000,53.230308323642156
14001,53.230308323642156
14004,53.979638065329134
14005,53.66389949567756
14007,53.134549586292216
14008,53.134549586292216
14010,53.134549586292216
14011,53.95777839595207
14013,53.95777839595207
14016,53.95777839595207
14017,53.29400613719107
14018,53.29400613719107
14020,52.93130095407327
14021,52.93130095407327
14024,53.10756619703027
14025,53.10756619703027
14026,53.10804592611868
14027,53.247749965172126
14028,53.247749965172126
14029,53.42851565605394
14032,53.23235715154111
14033,53.23235715154111
14034,53.261114731416704
14035,53.2611147314167
14036,53.2611147314167
14038,53.554104171254764
14039,53.5541061274952
14040,53.5541061274952
14041,53.5541061274952
14043,53.5541061274952
14044,52.54924853327478
14046,52.549248533274785
14047,52.55010371596405
14050,52.55010371596404
14052,52.548832010517
14054,52.517683647408674
14055,52.51768364740867
14063,52.28485675642987
14065,52.30315957424933
14067,52.30315957424933
14068,52.30315957424933
14070,52.30315957424933
14071,52.37788777790253
14072,51.97355904969419
14073,51.97355904969419
14080,51.97355904969419
14081,51.97355904969419
14082,51.970606517040544
14084,51.87653310809292
14085,51.87670144758372
14086,51.909143708315135
14087,51.909143708315135
14088,51.64096147981172
14090,51.64096147981172
14091,52.44201283751834
14092,52.44201283751834
14093,52.44201283751834
14095,52.44201283751834
14098,52.894705768920396
14099,52.69234238297075
14100,52.69234238297075
14101,52.69234238297075
14102,52.49422738586745
14103,52.76176680447719
14105,52.67772695831571
14106,52.60350975629909
14109,52.60350975629909
14110,52.7570510435406
14111,52.7570510435406
14112,52.7570510435406
14114,52.7570510435406
14115,52.762696757629065
14117,52.762696757629065
14119,53.20139948229369
14120,53.05027670997771
14121,53.0502767099777
14122,52.47452684606202
14124,52.47340165695866
14125,52.47340165695865
14126,52.47340165695865
14127,52.14655485290901
14128,53.27284353941111
14130,53.27284353941111
14131,52.20585083803345
14132,52.20585083803345
14137,52.20585083803345
14138,52.20741489947448
14140,52.20741489947448
14141,52.20741489947448
14144,52.20741489947448
14146,52.36623312330094
14148,53.33082823204832
14149,53.3369414615339
14150,53.41278730976453
14151,53.41278730976453
14154,52.70424535841407
14155,52.70424535841406
14157,52.7068254912334
14159,52.70682549123341
14162,52.70682549123341
14164,51.83812303649763
14165,51.83812303649763
14166,52.09494282654763
14167,51.93357522058557
14169,51.93357522058557
14170,51.93357522058557
14171,52.6557670466687
14172,53.017334843685944
14173,53.00799141720141
14175,51.82340288078839
14176,51.672029849868075
14177,51.08187621346661
14179,51.34365565775722
14181,51.58208237048227
14183,51.58208237048227
14184,51.58208237048227
14185,51.00332325054882
14188,50.974664436285
14189,50.974664436284996
14190,50.89269843672209
14191,50.251532659377126
14194,50.25024575866982
14195,49.332390655385474
14196,49.332390655385474
14197,49.33239361434044
14198,48.58385339887698
14199,48.58385339887698
14200,48.5980274099541
14202,48.62261799179815
14204,48.55177964642858
14205,48.55177964642858
14207,48.55186597344609
14208,49.119508896138626
14209,49.119508896138626
14210,49.12001480862592
14211,49.51679462583453
14212,49.51679462583453
14213,49.51679462583453
14214,49.51679462583453
14215,49.51679462583453
14216,50.548618795182406
14218,50.548618795182406
14220,50.83960929775079
14221,50.83960929775079
14222,50.83960929775079
14223,50.809672703007934
14224,50.46172801879081
14226,50.42021673837408
14227,50.42021673837408
14228,50.42021673837408
14229,49.948602486104704
14230,49.94860248610471
14231,50.13255426225768
14232,50.29628366980362
14234,50.33487188294061
14235,50.33487188294061
14236,50.33487188294061
14237,50.33487188294061
14239,50.33487188294061
14241,50.33487188294061
14243,50.33487188294061
14244,50.33487188294061
14245,49.79499078259565
14248,48.55367588938235
14249,48.55367588938234
14251,48.38395508148803
14255,48.38395508148803
14256,48.38395508148803
14257,48.16649432721081
14258,48.191792409773
14259,48.191792409773
14260,47.82706763333039
14262,47.82787403708547
14265,48.07869440715155
14266,48.08859956280082
14267,48.221742836120605
14268,48.221742836120605
14270,48.221742836120605
14273,48.221742836120605
14274,48.33864661250231
14275,48.33864661250231
14276,48.670267609895866
14277,48.53238237542354
14280,48.53238237542354
14281,48.53238237542354
14282,49.713301563256174
14284,49.71342173346124
14285,49.54904309072983
14286,49.54904309072983
14287,50.18649890795803
14289,50.22589749376782
14290,50.225897493767825
14291,50.225897493767825
14294,48.75855896538525
14295,48.75855896538525
14296,48.604443007936865
14297,48.60444300793686
14298,48.15677583951263
14302,48.12150466687224
14303,48.12150466687224
14305,48.06221700501597
14307,47.64739178872395
14309,47.64739178872395
14311,47.64739178872395
14312,47.58952114523929
14313,47.718763851810536
14314,47.71908441483318
14317,47.720400577687585
14318,47.720400577687585
14319,47.7204939397852
14320,47.83650601462189
14321,47.83650601462189
14322,47.83650601462189
14324,47.84081484152612
14328,47.936135646513236
14329,48.192313892051345
14331,48.23693227397075
14334,48.34900658721175
14336,48.767805174906435
14339,50.07338698440884
14341,50.093138185642715
14343,50.093138185642715
14345,50.093138185642715
14346,50.282722469211464
14347,49.571652939865665
14348,49.57165293986566
14349,49.90974054865299
14351,49.90974054865299
14354,49.90974054865299
14355,50.238053974165595
14356,50.03953601412828
14357,50.03953601412829
14358,50.03953601412829
14359,50.03953601412829
14360,50.03953601412829
14364,50.03953601412829
14365,50.03953601412829
14366,50.03637677863105
14367,50.03637677863105
14368,50.07165006849843
14370,50.723429126007005
14371,50.723429126007005
14373,50.723429126007005
14377,50.723429126007005
14380,50.723429126007005
14381,50.842772884852536
14382,50.84380812751633
14384,50.84786606515554
14385,50.44677089035699
14387,50.34926031672312
14391,50.34926031672312
14392,50.33883076884041
14396,50.35319833231645
14397,50.354150612133736
14398,50.354150612133736
14399,50.6324347683193
14400,50.63308255157894
14401,50.63308255157894
14402,50.63308255157894
14403,50.63308255157895
14404,50.63308255157895
14405,50.63317909516846
14406,50.63317909516845
14407,50.63317909516845
14408,50.63317909516845
14415,50.63311520482446
14416,50.39835530897855
14419,50.415486177063336
14420,50.41548617706334
14421,50.41553071599699
14422,50.41205079265056
14424,50.370402382440815
14425,50.369508742119685
14426,50.369508742119685
14428,50.48253116888449
14430,50.482531168884485
14431,50.48248662995085
14435,50.48248662995084
14437,51.20520966370613
14439,51.20520966370613
14440,51.35731987950603
14441,51.35731987950603
14442,50.520770053189324
14448,50.13211421183042
14449,50.13211421183042
14450,50.13211421183042
14451,50.14679739541408
14452,50.14679739541407
14453,50.17016028316167
14454,50.170160283161664
14455,50.170160283161664
14459,48.23406676019607
14460,48.23406676019607
14461,48.238922434339784
14462,48.238922434339784
14464,48.238922434339784
14465,48.238922434339784
14466,48.26193052033989
14467,48.26193052033989
14468,48.26193052033989
14469,48.26193052033989
14470,47.687924911740396
14471,47.68923055867907
14473,47.690433602471515
14474,48.09888945966648
14475,48.09888945966648
14476,47.85585972967489
14479,47.39026553856971
14480,47.39026553856971
14481,47.39026553856971
14482,47.39026553856971
14484,47.52949751058875
14486,47.11912472522505
14487,47.61321061630041
14488,48.255359983337954
14490,48.63767312790871
14493,48.91119123958296
14494,47.795182204121794
14496,47.795182204121794
14498,47.80327742712653
14499,47.4289069999528
14500,47.4289069999528
14501,47.067967538487146
14503,46.981109686258435
14504,46.981777044569064
14507,46.981777044569064
14514,46.981777044569064
14515,46.98272932438635
14516,46.82871644663374
14517,46.411717217226354
14519,46.34913909202901
14521,46.7260539932392
14523,46.54586247282971
14524,46.545862472829704
14525,46.86778312631742
14527,46.86778312631742
14528,46.816846915804696
14529,46.768710970372496
14530,46.8780415409708
14531,46.8780415409708
14532,47.04420794716006
14533,46.31467642000004
14534,45.676066259242376
14538,45.675769327309204
14539,45.675769327309204
14540,45.675769327309204
14541,45.675769327309204
14545,45.67581969732977
14548,45.675819697329764
14550,45.675819697329764
14551,45.675819697329764
14555,45.295407449175364
14556,46.00990317998411
14560,44.91007223154132
14561,45.39181569041287
14562,45.39181569041287
14564,45.39181569041287
14565,45.33021792562413
14566,45.41336746585852
14567,45.41336746585852
14568,45.41336746585852
14569,45.42268630253
14570,45.42268630253
14574,45.42268630253
14576,45.98829818645442
14580,45.98829818645442
14582,45.98829818645442
14583,45.99742317268048
14584,45.99742317268048
14587,46.33416148419199
14588,46.33416148419199
14590,46.279602916603515
14591,45.28794108158959
14592,45.81588758607828
14594,45.97844705018141
14595,45.97844705018141
14596,45.97844705018141
14597,45.97844705018141
14599,45.97844705018141
14600,45.97844705018141
14601,46.429095175392355
14602,46.363314476259326
14604,46.363314476259326
14605,46.363314476259326
14607,45.71416985589825
14609,45.215903924850075
14610,45.215903924850075
14611,45.223686380582805
14613,45.424194501888394
14616,44.6208694095129
14619,44.6208694095129
14621,44.40768223546607
14622,44.40768223546607
14623,45.090346900318885
14624,45.09106061929579
14628,46.11460661340182
14629,46.11460661340182
14630,46.122192110398025
14631,46.15561433766065
14632,46.155614337660644
14633,45.76519397339066
14634,45.731771746128025
14635,44.68434154050096
14636,44.68434154050096
14637,44.68434154050096
14638,45.15797145239129
14640,45.15797145239129
14644,45.158011056172995
14645,45.158011056173
14646,45.158011056173
14647,44.808420332680036
14648,45.45528468920407
14649,45.59378854624382
14650,47.10669230181331
14651,47.10669230181331
14652,47.10669230181331
14653,46.94310371463614
14654,46.943103714636145
14655,47.49792451038211
14656,47.49792451038211
14657,47.49792451038211
14659,47.50184888982108
14660,47.50184888982108
14661,48.05420152144416
14662,48.05420152144416
14663,48.05420152144416
14664,48.05420152144416
14666,47.518808919955774
14668,47.518821741592824
14669,47.51882174159282
14671,47.51963483022587
14673,47.35714756272523
14675,47.36325785555049
14678,47.363257855550486
14679,47.363257855550486
14681,47.36355404183001
14682,47.24467205107683
14683,46.49672179069795
14685,46.2675682268786
14688,46.267568226878595
14691,46.267568323051826
14693,47.35908727640414
14694,47.35908727640414
14695,45.74173762515849
14696,45.74187154916324
14698,45.7419197693321
14699,45.7419197693321
14701,44.35195862592278
14702,43.91919043946592
14707,43.649642315589006
14708,43.64964231558901
14711,43.73644521416078
14712,44.24437846960423
14718,44.08148234658954
14719,44.08148234658954
14720,44.05770762071845
14721,44.057726095459394
14722,44.06467474018017
14723,44.137193930965594
14724,44.137193930965594
14725,44.2228016724752
14726,44.2228016724752
14727,43.8855976843689
14729,43.8855976843689
14730,42.994468540829274
14731,43.131058902529915
14735,43.131058902529915
14736,43.131058902529915
14737,43.13099818243199
14739,43.13099818243199
14742,43.13099818243199
14743,43.13099818243199
14744,43.023423624854615
14745,43.023423624854615
14746,43.023423624854615
14747,43.17582492936647
14751,43.17582492936647
14752,43.1719005499275
14754,43.17190237862926
14756,43.171902378629255
14757,42.45105332728288
14760,42.45105332728288
14761,42.463434176350894
14766,42.2965368414909
14768,42.2965368414909
14769,42.2965368414909
14770,42.2965368414909
14772,41.6192205714688
14774,41.6192205714688
14777,41.73001175727701
14778,41.4646020911943
14780,41.58699823084532
14781,41.370707213412615
14782,41.30893096440293
14783,43.37990574616008
14784,42.612033599324
14785,42.61203359932399
14786,42.482101628755984
14788,42.48210162875598
14789,42.92611359496556
14790,42.55864988881333
14791,42.763670518094344
14794,43.234468161854124
14795,43.19682580792122
14796,43.196825807921215
14797,43.026916589950844
14798,43.026916589950844
14800,43.29861708296649
14801,43.29861708296649
14803,43.61577282702372
14804,43.451419020342755
14807,43.45117762676424
14808,43.96884958931249
14810,43.93391553806404
14817,43.93391553806404
14820,44.40512213770172
14821,44.405551563082156
14822,44.405551563082156
14824,44.405551563082156
14825,44.405551563082156
14826,45.11734917771673
14827,44.48474668430451
14828,44.48474668430451
14829,44.48474668430451
14834,44.61842488129017
14835,44.61842488129017
14837,44.61901012929402
14838,44.477009625045866
14839,44.477009625045866
14840,44.51013871505906
14841,44.516560119693
14842,44.51013871505906
14843,44.38006333447589
14844,44.38006333447589
14845,45.50899425604835
14847,45.4711983369902
14849,45.4711983369902
14852,45.4711983369902
14854,45.4711983369902
14855,45.302741400194705
14856,45.3396437113625
14860,45.88225895731526
14865,45.93489098395038
14866,45.88225895731526
14867,46.86364168678216
14868,46.220596999951375
14870,46.14944223911136
14871,46.149442239111366
14873,46.149442239111366
14874,45.41396677827169
14875,45.34983519284252
14877,45.34983519284252
14881,45.466625727948355
14882,45.81025143222444
14884,46.13049315963305
14885,46.130493159633055
14886,45.99357744243884
14889,45.99357744243884
14892,45.99357744243884
14894,46.32250401030177
14896,46.32328636100693
14899,46.81175873970976
14902,46.81175873970976
14903,46.81175873970976
14904,46.81175873970976
14906,46.81177057646962
14907,46.81177057646963
14908,46.81177057646963
14909,46.81177057646963
14911,46.81177057646963
14912,46.81177057646963
14914,46.478614514200245
14915,46.745900407435826
14916,46.745900407435826
14918,46.81531673100697
14919,46.81531673100697
14920,48.26792862411449
14921,46.81551550117343
14923,46.66133366174999
14924,46.564675449278354
14925,46.564675449278354
14927,46.54181331287251
14928,46.54181331287251
14929,46.54181331287251
14932,46.68264661464987
14933,46.68264661464987
14935,46.68264661464987
14937,46.68124490365411
14938,46.68124490365411
14941,46.713965507808226
14942,46.60795687693553
14943,48.219353824946865
14945,48.219353824946865
14946,49.35342493431351
14947,49.35358826182996
14949,49.353591177644496
14951,49.353591177644496
14953,49.353591177644496
14954,49.353591177644496
14955,49.353591177644496
14956,49.55679513422868
14957,49.5566631995517
14958,49.55666319955169
14959,49.55666319955171
14961,49.55688703043381
14962,49.556887030433806
14964,49.49151581580152
14965,49.49151581580152
14966,48.82235032389697
14967,48.82235032389697
14968,46.70989810608441
14969,46.81583409954397
14970,46.665954753117724
14971,46.665954753117724
14972,45.839461531957355
14973,45.81155593552922
14974,45.81155593552922
14977,45.83384639105821
14978,45.83425779771888
14981,45.834437186712286
14982,45.95559015301812
14983,48.2301952106558
14985,47.62358557862062
14987,47.62220095273696
14989,47.62220095273695
14990,47.519431962001654
14991,47.51105792895146
14992,47.51105792895146
14995,47.51049518346182
14996,47.69512149700124
14997,47.69512149700124
14998,47.74138325076662
15000,47.74138325076662
15002,47.93435358718375
15004,48.16083483925881
15005,47.82582388589541
15006,48.17354776646945
15007,48.17354776646945
15010,48.17354776646945
15011,47.8436072355117
15012,47.90667678541559
15015,47.258245933068146
15016,47.258245933068146
15018,46.922676739510834
15019,47.144488506102924
15021,47.2749369720557
15022,47.017039674608874
15024,47.017039674608874
15025,47.017039674608874
15026,47.08630175533895
15027,47.08630175533895
15029,47.08630175533895
15031,47.42502690456585
15032,47.19419330928824
15035,47.19419330928823
15041,47.28351462998757
15042,47.28351462998757
15044,47.42258427293304
15046,46.71888962043726
15047,46.84863293435519
15048,46.81591233020107
15052,46.844128809640004
15054,47.20573061519874
15057,47.205737195302625
15058,47.20573719530262
15059,47.20573719530262
15060,47.20573719530262
15061,47.20573719530262
15062,47.20573719530262
15063,47.20573719530262
15064,46.560560857126475
15066,46.560560857126475
15067,46.560560857126475
15068,46.419702608090574
15070,46.41970260809057
15071,48.4292601518935
15072,48.31260497537317
15074,48.312604975373176
15076,48.31261017548944
15077,48.22902491749052
15078,48.281134218616806
15079,48.22902491749052
15080,48.25039523609456
15084,49.796704232229395
15086,49.796704232229395
15087,49.796704232229395
15088,49.796704232229395
15090,49.029395082475126
15092,49.02938988235886
15093,49.02938988235886
15095,49.02957749232597
15096,49.02957749232597
15098,48.55128460689489
15100,48.55128460689489
15101,47.920385348309
15102,47.920385348309
15106,47.81579322100835
15107,47.81579322100835
15109,47.81601080457207
15110,47.818824968749404
15111,47.818824968749404
15113,47.989307027419905
15114,47.31120130230281
15117,47.31127250997854
15118,47.97190167491061
15119,47.97190167491061
15120,47.971778117193985
15121,47.971778117193985
15122,47.971778117193985
15124,48.162753512825425
15125,49.66943129560866
15126,49.68203624130291
15127,49.68203624130291
15129,49.68203624130291
15130,50.46344892704734
15133,50.46344892704734
15134,49.50565181830372
15135,49.46470549804805
15136,49.42408589984792
15137,48.89296065519489
15138,48.89296065519489
15140,48.89296065519489
15143,49.770241668375476
15144,49.77294779532434
15145,49.77294779532434
15146,49.762091218253616
15147,49.762091218253616
15152,49.83957627096836
15153,49.83989266684613
15154,49.84813233118731
15157,49.84813233118731
15158,49.8481698009239
15159,49.848169800923905
15161,49.848169800923905
15162,49.01945778326147
15163,49.013823266647556
15164,49.128478030717304
15168,49.12847803071731
15169,48.8039144222636
15171,48.8039144222636
15172,48.51193666302347
15174,48.50960792032335
15177,48.50960792032335
15178,48.59167075752414
15181,48.591675387283246
15183,48.591675387283246
15184,48.591675387283246
15185,48.591675387283246
15187,48.591675387283246
15189,48.11207692383186
15191,47.96408722983131
15192,47.96436007726672
15193,47.80773867269416
15195,47.807738672694164
15196,47.807738672694164
15197,47.807738672694164
15198,48.392787706929376
15199,48.392787706929376
15200,48.04026072387471
15201,48.0402607238747
15202,47.846132638633634
15204,48.281920968365476
15205,49.804689833319294
15207,49.70898602703943
15208,49.70898602703943
15209,49.83174344021865
15210,49.83678468285493
15211,49.83678468285495
15213,48.98751343802008
15214,49.319166257155516
15215,49.3701830905076
15216,48.979215084048995
15217,49.55734009269991
15218,49.55734009269991
15219,49.55734009269991
15222,49.55734009269991
15225,49.55734009269991
15226,49.551557250638226
15227,49.55155725063823
15228,49.55155725063823
15229,49.38315044999662
15230,49.38315044999662
15232,49.38315044999662
15233,49.637271732260636
15234,49.39723632059766
15235,49.40052480071031
15236,49.40052480071031
15237,50.511256601698854
15238,50.045029679423834
15241,50.045029679423834
15242,49.055118591863234
15244,49.055118591863234
15249,49.055118591863234
15250,49.055118591863234
15251,49.05561962810353
15252,48.70801362878357
15253,48.70801362878357
15254,49.59999682488232
15255,49.16972735867049
15256,48.67094521416745
15259,48.405730532345515
15260,48.18885632605919
15262,48.18885632605919
15263,48.72293016356809
15266,49.183698942808554
15268,49.183698942808554
15269,49.183698942808554
15271,49.005388936988076
15273,49.00592074551941
15274,49.00592074551941
15275,49.00592074551941
15278,49.00592074551941
15281,48.692949401525745
15282,48.68815885684991
15283,48.68815885684991
15284,48.79100757324921
15285,48.79100757324921
15289,48.79100757324921
15290,48.52225036938378
15291,48.41037821373942
15292,48.3220867141309
15294,47.188638502593435
15296,46.93507481512415
15297,46.93507481512415
15298,46.93530986459502
15299,46.935581612878266
15301,47.21274497601715
15302,47.21274497601715
15303,47.213560492998745
15304,47.212808138712596
15306,47.212808138712596
15307,47.895487560730295
15308,48.18219427027811
15309,48.18219427027811
15310,47.68024410881748
15311,48.38988509274894
15312,48.38988509274894
15313,48.41199827070841
15314,48.41199827070841
15315,48.35123345735687
15316,48.41660832825255
15317,48.049465462420315
15319,48.049465462420315
15322,48.049465462420315
15325,47.835252865856305
15327,47.83531945163009
15328,47.535810713715236
15329,47.535810713715236
15330,47.535810713715236
15331,47.526601367075386
15332,47.56693989911825
15333,47.86594889806224
15334,47.56693989911826
15335,48.13348315639785
15336,48.157648964950866
15337,48.157648964950866
15339,48.13348315639785
15340,48.17474897308228
15341,48.17474897308228
15343,48.177304606386485
15344,48.177304606386485
15345,47.22477003449691
15346,47.22952034559809
15348,46.98476943493838
15349,46.98476943493838
15350,46.94443090289551
15351,46.94443090289551
15353,48.072588870620656
15358,46.9148006586466
15359,46.91499006280616
15360,46.22161638254227
15361,46.25177323868951
15362,46.26290824602573
15363,46.26290824602573
15364,46.26290824602573
15366,46.355990668264425
15367,46.00610419527628
15368,46.40195681510252
15369,44.93919650750476
15370,44.89793069082033
15372,45.422069916323856
15373,45.96437085840867
15377,45.96437085840867
15380,45.87030844662607
15381,45.87030844662607
15382,45.87030844662607
15383,45.60397905530179
15385,45.86029210058323
15386,45.86029210058323
15388,46.0498813336655
15390,46.086756176390544
15392,46.02800326893338
15393,45.85537858797557
15395,45.85691784460037
15396,45.75796156208315
15397,45.757961562083146
15398,45.42941422639435
15399,45.42941422639435
15403,45.42941422639435
15404,45.5439614465185
15405,45.54453916175058
15408,45.54453916175058
15410,45.54453916175058
15411,45.54453916175058
15414,45.54453916175058
15416,45.54453916175058
15418,45.8273208797014
15419,45.328600089230626
15420,45.328600089230626
15421,45.40133584425755
15425,45.39749389713426
15427,45.39749389713426
15428,44.66054742633731
15431,44.08013801117126
15433,44.08013801117126
15436,44.08016756837826
15437,44.09552248355435
15439,44.094484504815824
15441,44.094484504815824
15443,44.63485937899567
15444,44.63485937899567
15445,44.63485937899567
15447,44.63485937899567
15448,44.51538613968129
15449,44.51538613968129
15450,44.52290421923232
15451,44.52290421923232
15452,44.98407117675974
15453,45.34084180693885
15454,46.48248925112106
15455,46.47575773741011
15457,46.474869353156215
15458,46.474869353156215
15459,46.51566773059893
15461,46.883192351259275
15462,47.65781424948854
15467,47.61261802266372
15470,47.61261802266372
15473,48.845156036142605
15475,48.84450197660007
15476,48.64003314920505
15478,48.629907337628794
15479,48.629907337628794
15480,49.228109429665345
15482,49.228109429665345
15483,49.25916630023578
15486,49.259166300235776
15487,49.259166300235776
15488,45.93883776624687
15490,45.93919970654442
15492,45.93919970654442
15494,45.91649461968569
15495,45.939867008171284
15496,45.33938688898916
15497,45.33938688898916
15498,45.33938688898916
15499,45.33938688898916
15500,46.25038533151565
15502,46.25038533151565
15503,46.12417149467383
15504,45.41389744648662
15505,45.91074507428937
15507,45.91074507428937
15508,45.8711925350335
15509,45.78280419536939
15513,45.569453329326535
15514,45.569453329326535
15515,45.809226343116336
15516,45.809226343116336
15517,45.87483505781174
15520,45.743368533263194
15521,45.743368533263194
15522,45.596773495768076
15523,45.596773495768076
15524,45.79665099934452
15526,45.659065655501045
15527,45.908663019431806
15528,45.908663019431806
15529,46.394825948261854
15530,46.394825948261854
15532,46.394825948261854
15533,46.41612090846499
15534,46.416120908465
15536,46.416120908465
15537,45.767013464587485
15539,45.767013464587485
15541,45.767013464587485
15542,45.71192270944647
15543,45.875010252266314
15544,44.918232295574164
15548,44.918232295574164
15551,44.918232295574164
15552,45.40547157034694
15557,45.40547157034694
15559,45.40547157034694
15563,45.421135503580835
15564,45.60473797467345
15565,45.95195716493263
15568,45.55946572690657
15569,45.872803035142475
15570,45.621249632027904
15571,45.3200934056078
15573,45.3200934056078
15574,45.3200934056078
15575,45.331307649568856
15576,44.69897864331537
15577,44.69897864331537
15579,44.53718004640218
15580,45.321149637764485
15581,44.921081625380914
15583,44.921081625380914
15585,44.83728466057131
15586,44.835908991701075
15591,44.48651559795436
15592,44.48651559795436
15594,44.79104068528613
15595,45.952383084739644
15599,45.952383084739644
15602,45.952383084739644
15603,45.95277517059963
15605,45.90413044981664
15606,45.90413044981664
15609,45.318336745299135
15611,45.2964523043027
15612,45.29661072355771
15613,45.854023377689266
15614,45.29651748637296
15616,45.29651748637296
15617,45.29659121876385
15618,45.29253522598169
15620,45.42044903930524
15621,45.41163509328074
15623,45.41163509328074
15627,46.13755861648342
15628,46.13755861648342
15629,46.13755861648342
15630,46.146825139809486
15631,46.146825139809486
15633,46.146825139809486
15634,46.146825139809486
15635,45.83371570236606
15637,46.028426215882384
15639,46.01562211754792
15642,45.90501801705809
15645,45.90501984898771
15646,45.88461204177103
15647,45.88461204177103
15648,45.88752046824417
15649,45.6315865824854
15650,45.6315865824854
15651,45.6367032675091
15652,45.575257750080745
15653,45.34000547083811
15654,45.34000547083811
15656,45.34000547083811
15657,44.60385557354584
15658,44.07338996660882
15660,44.07338996660882
15662,44.08604576483478
15663,44.08604576483477
15664,43.99391774975622
15665,44.440604697195205
15670,44.440604697195205
15671,43.66993163656026
15674,43.82253083707194
15675,43.82253083707194
15676,43.82253083707194
15677,43.764274227012315
15681,43.89128753752766
15687,43.28290592409038
15688,43.28290592409038
15689,43.28290592409038
15692,45.18022917878719
15694,44.83145203189812
15697,44.83145203189811
15698,45.742932137037315
15699,45.742932137037315
15702,44.499377342894746
15703,44.200372475888365
15706,44.200372475888365
15710,44.200372475888365
15711,44.200372475888365
15712,44.200372475888365
15713,44.200372475888365
15714,43.523039075717584
15716,43.523039075717584
15717,43.51038327749163
15718,44.85631406434039
15719,44.85631406434039
15720,43.6190606696255
15721,43.6190606696255
15723,43.26732329830859
15725,42.830175928327826
15726,42.06960587376819
15728,42.61618486208762
15729,42.59579455871178
15730,42.59579455871177
15731,42.59579455871177
15733,43.20437304435764
15738,43.20437304435764
15739,43.20437304435764
15740,43.20437304435764
15747,43.20981547177016
15748,43.20981547177016
15749,43.20981547177016
15751,43.28837238950642
15752,43.28837238950642
15753,43.28837238950642
15754,43.38368369868124
15756,43.38368369868124
15758,43.53747082078986
15759,45.189459703787335
15760,44.98257624288199
15761,44.97234475877964
15763,44.99026862028533
15764,44.98569235952676
15766,44.99938631944231
15767,45.07610331713412
15769,45.07610331713412
15771,45.07610331713412
15772,45.0647678954532
15773,45.0647678954532
15774,45.0647678954532
15776,45.0647678954532
15777,45.06469270128463
15779,45.06469270128462
15781,45.06469270128463
15783,45.00349114651243
15784,45.2658509736613
15785,45.2658509736613
15786,45.4749207557875
15787,45.47492075578751
15788,45.47492075578751
15789,45.47492075578751
15791,45.353699293828846
15792,45.353699293828846
15793,45.353699293828846
15794,45.801334213848826
15796,45.801334213848826
15799,45.44763890726103
15801,45.40942021941461
15802,45.409420219414606
15803,45.409420219414606
15804,45.42970253269448
15807,45.43004236038618
15809,45.43004236038618
15810,45.387548411251814
15811,45.03643460337295
15812,45.03643460337295
15813,45.03414784507815
15814,45.03856311692775
15815,45.03856311692775
15816,44.92463532361665
15817,44.92463532361665
15818,46.31521230921193
15819,45.772615495380066
15820,44.64101883886088
15821,44.64101883886088
15825,44.64101883886088
15826,43.52444621420684
15827,43.481117141673316
15828,43.481117141673316
15830,43.481117141673316
15831,43.481117141673316
15832,43.715019633884594
15833,42.99125968029565
15835,43.72379850735038
15837,43.72379850735038
15838,43.72379850735038
15840,43.72684169979885
15842,43.75814732869847
15843,43.763703709381325
15844,43.75814732869847
15845,45.65279404219601
15846,45.65279404219601
15850,45.6863940912283
15852,46.002933709623704
15853,46.002933709623704
15854,45.98135722772056
15855,45.98135722772056
15857,46.01211329937518
15858,46.01211329937518
15859,46.01211329937518
15861,46.01211329937518
15862,46.01211329937518
15863,46.01211329937518
15864,46.01211329937518
15865,45.90336909552337
15866,45.90336909552337
15868,46.09576089681059
15870,46.15464320186089
15871,46.15464320186089
15872,46.15464320186089
15874,46.15464320186089
15875,45.78656473127273
15876,45.78656500224651
15877,45.78656500224651
15878,45.78656500224651
15879,45.78656500224651
15880,45.78656500224651
15882,45.9569050728563
15884,45.960037287366326
15885,45.78656500224651
15886,45.78521705160646
15887,45.78521705160646
15889,45.65026797581105
15891,45.65026797581105
15892,45.65026797581105
15894,45.81977944617077
15895,45.918981738633825
15896,45.92406275235017
15897,46.27721045472175
15898,46.27721045472175
15901,46.4876990366138
15903,45.54600266595638
15905,45.54600266595638
15907,45.54600266595638
15908,46.059159893240974
15909,46.059159893240974
15910,45.914409920536784
15911,45.747664380154426
15912,45.39197942425495
15913,45.39197942425495
15914,45.39716851188312
15915,45.39716851188313
15916,45.54683218738084
15917,45.54683218738084
15919,45.54683218738084
15921,45.546992191279166
15922,45.566608346878
15924,45.568498409498254
15926,45.77932566758768
15929,45.2466920639282
15930,45.87961473728399
15931,45.98723581770793
15934,46.34464174615986
15935,47.38524141078281
15936,47.38524141078281
15937,47.38709081926624
15938,47.35679120286905
15940,47.35679120286905
15941,47.35679120286905
15944,47.88560112942531
15945,47.35679120286905
15947,48.3432089857309
15948,48.77434491867768
15950,48.409178802865114
15951,47.94596602390275
15954,47.940776936274574
15956,48.1663929637888
15957,48.1663929637888
15960,48.1663929637888
15962,48.1663929637888
15965,48.1663929637888
15967,47.4981112608907
15968,47.509788981151644
15969,47.509788981151644
15971,47.509788981151644
15972,47.509788981151644
15973,47.743202173695046
15974,47.743202173695046
15976,46.939652071516846
15978,47.29238893193578
15979,47.29307653699877
15981,47.300954434848215
15983,46.71009320323748
15984,46.24103589669315
15985,44.96466007840978
15986,44.996691884867616
15988,45.06713816752508
15990,45.06713816752508
15993,45.11064476071591
15994,45.333589870474526
15997,45.96511386225267
15998,45.96511386225267
16002,45.96511386225267
16003,44.63558083742615
16007,44.63558083742615
16008,44.19487099424084
16009,44.194870994240844
16010,44.194870994240844
16011,44.194870994240844
16012,44.169639060669404
16014,44.12124584151826
16015,43.880313410074386
16016,43.880313410074386
16017,43.880313410074386
16019,43.490153506795
16020,43.564585516400214
16023,43.56749556756919
16024,43.56749556756919
16025,44.30566854012656
16028,44.48851605391461
16029,44.489314033684806
16030,44.55440998517977
16031,44.55440998517977
16032,45.23908176404992
16035,46.078905198791176
16036,46.65571290069956
16038,46.65571290069956
16039,46.010188405966716
16041,46.010188405966716
16042,46.03773015475813
16043,46.03773015475813
16044,46.03773015475813
16045,46.03790753786693
16048,45.995467427549826
16049,45.99546742754985
16050,45.99546742754985
16052,46.27951179023772
16053,46.27951179023772
16055,46.24719160658178
16056,46.24719160658178
16057,46.24719160658178
16060,46.24719160658178
16062,46.247548346362784
16063,45.92941226639903
16065,45.92941226639903
16066,45.934458522149065
16068,45.93556538606065
16070,45.935636028191475
16072,45.83141782272369
16073,45.83141782272369
16074,45.83141782272369
16076,46.252401578874235
16077,46.252401578874235
16078,46.24774540051383
16079,46.24777923038996
16080,46.25714821960425
16081,46.257148219604254
16083,46.13035252099691
16084,46.13035252099691
16086,46.212910754983334
16087,46.1197623114673
16089,46.03720407748087
16090,46.24242589948506
16091,46.65230650234991
16092,46.65230650234991
16093,46.65230650234991
16094,46.21235969555194
16095,46.21235969555194
16096,46.2746492081053
16098,46.2746492081053
16099,46.2746492081053
16100,46.2746492081053
16105,46.2746492081053
16107,45.351020923706606
16109,45.351020923706606
16111,45.297451913329105
16112,45.2967462380946
16113,45.55019128695603
16114,45.550554548225314
16115,45.23371587974459
16116,44.626844261095044
16119,44.47483085020463
16120,44.70209981525237
16121,44.70209981525237
16122,44.70209981525237
16123,44.70209981525237
16125,44.70209981525237
16127,44.70066244308047
16128,44.63703883128379
16129,45.006579596071845
16131,45.006579596071845
16132,44.97160138264223
16133,44.63709461879976
16135,46.33753119242625
16137,46.33753119242625
16138,46.337817355845196
16139,45.36999134934476
16140,45.18044834022521
16141,45.18044834022521
16142,45.18044834022521
16143,45.18051827454203
16144,44.37602625573012
16145,44.64112884285784
16146,43.98972158599053
16148,43.98972158599053
16150,43.98972158599053
16151,43.6557979333536
16152,43.92842048993478
16154,43.92842048993478
16155,43.92842048993478
16159,43.92842048993478
16162,43.92842048993478
16163,43.96586540293939
16166,45.05048733642976
16168,45.05048733642976
16170,45.05048733642976
16174,45.37036086418932
16176,45.377224752289266
16177,45.666973790345814
16178,46.123569384338715
16179,46.123569384338715
16181,46.123569384338715
16182,45.90616250440475
16183,45.90847532849043
16184,45.90847532849043
16185,45.90847532849043
16186,46.129899890923866
16187,46.129899890923866
16188,46.17085134543288
16189,46.73858301975785
16190,45.96570534083114
16191,45.96627999509207
16192,45.96627999509207
16194,44.959318915693615
16195,46.29887608935327
16197,46.29887608935327
16198,46.29887608935327
16199,46.29887608935327
16200,46.29887608935327
16201,46.29887608935327
16203,46.299409548470265
16205,46.299409548470265
16206,46.418130808460695
16207,46.418130808460695
16208,46.418130808460695
16209,46.339078802837435
16210,46.339078802837435
16212,46.94883266806572
16217,46.949282999246385
16220,46.949282999246385
16221,46.94946595278154
16222,47.38019234661569
16223,47.38019234661569
16224,47.38632223847166
16227,47.38632223847166
16228,47.38632223847166
16231,47.38632223847166
16232,47.38632223847166
16233,47.38632223847166
16234,47.469922826837724
16235,46.78493122439211
16236,46.72234071502886
16237,46.621189040094485
16240,46.656763059311686
16241,46.412837446173356
16242,46.0615402096788
16243,46.06201715173934
16245,46.0551532636394
16246,46.0551532636394
16247,46.05237473886877
16254,46.106050747757266
16256,45.64062564913743
16257,45.75641980016501
16259,45.75641980016501
16261,45.77298152577297
16263,45.77298152577296
16265,45.77298152577296
16269,45.44733526096875
16270,45.074363720199045
16271,45.074363720199045
16275,45.26836534747096
16276,45.26836534747096
16278,44.78459286445912
16281,44.78459286445912
16284,45.096317221558714
16286,46.018893504452976
16287,46.018893504452976
16288,46.018893504452976
16289,45.99937337502081
16290,45.99937337502081
16293,46.17795619133291
16294,46.17795619133291
16295,46.064016420849605
16296,46.064016420849605
16297,46.02535889449561
16298,45.6987085069243
16299,45.6987085069243
16300,45.344953676866936
16301,45.448178963186514
16304,45.448178963186514
16310,45.448178963186514
16312,45.448178963186514
16313,45.3917561632925
16315,45.849134518928615
16318,45.3917561632925
16319,45.3917561632925
16320,45.3917561632925
16322,45.238010707798104
16323,45.23801070779811
16324,45.2173519043241
16326,45.118098717703525
16327,45.118098717703525
16328,44.97287845106493
16329,44.735892284496806
16334,44.472406933452596
16335,44.43120383430447
16336,44.43120383430447
16337,44.388524559839745
16339,44.388524559839745
16340,44.45686699032673
16341,44.45686699032672
16342,45.09670001020215
16344,45.57051613349321
16345,45.57051613349321
16346,45.57051613349321
16348,45.57051613349321
16349,45.57051613349321
16350,45.57051613349321
16351,45.45870345914452
16352,46.53817322250199
16353,46.53817322250199
16354,46.53817322250199
16355,46.72037592134112
16356,46.72037592134112
16360,46.72037592134112
16362,46.58122580505318
16364,46.760366720094794
16365,47.051031816172966
16369,47.05115935308908
16375,47.05115935308908
16376,47.067266102059776
16378,47.05878804189177
16380,47.05890674919841
16381,47.05890674919841
16382,47.045067556254196
16384,46.28219301365036
16385,45.858275320587545
16388,46.13937590779897
16389,46.106393009246794
16392,46.10774841583743
16393,46.10774841583743
16396,46.11875826800251
16398,46.639883101767
16399,46.63996122560322
16401,46.8751917414378
16404,46.8751917414378
16405,46.25175996954387
16406,46.25175996954387
16409,45.73657145295197
16411,45.73657145295197
16413,45.6333461666324
16414,45.63347821821368
16415,45.67676701809283
16419,45.54351008391777
16420,45.54351008391777
16421,45.51432228594399
16424,45.51432228594398
16426,46.23426449426557
16429,46.23426449426557
16430,46.56268747763122
16431,46.462617918099866
16432,47.83204584427898
16433,47.83204584427898
16434,48.20749046344042
16435,48.42443896625517
16436,48.42443896625517
16437,48.45123288506772
16438,48.489473464160895
16440,48.489473464160895
16441,47.86377796940067
16442,47.90139566685194
16443,48.76483549932574
16445,49.20505139114899
16446,49.20505139114899
16447,49.20505139114899
16448,49.19138654046874
16449,49.1934387753551
16457,49.20481440059912
16459,49.204814400599126
16460,49.390830607200485
16464,48.70335284704039
16465,48.70335284704039
16466,48.70335284704039
16469,48.70335284704039
16470,50.00023515879498
16472,49.18537857108174
16473,49.18537857108174
16474,49.19280234268515
16475,49.19280234268515
16476,49.19280234268515
16478,49.314774407006276
16479,49.314774407006276
16480,48.91879289629033
16481,48.88676502459785
16482,48.88676502459785
16483,49.44623252072987
16485,49.47382169316928
16486,49.47382169316928
16487,49.47382169316928
16488,49.020226770542756
16489,49.020226770542756
16490,49.020226770542756
16491,49.020226770542756
16492,49.02085678921473
16493,49.86558687440927
16494,49.86558687440927
16496,49.48599744500612
16497,49.48599744500612
16498,49.48599744500612
16499,49.48599744500612
16502,49.48599744500612
16503,49.48599744500612
16504,48.442685046402545
16505,48.442685046402545
16506,48.442685046402545
16507,49.040894250181736
16508,49.02357717488482
16514,49.02357717488482
16515,49.05837713903158
16516,49.34856433459335
16518,49.34856433459335
16519,49.57957913600685
16520,49.35653242267281
16521,49.18537427176477
16523,49.18537427176477
16524,49.18537427176477
16525,49.18537427176477
16526,49.18537427176477
16529,49.41303777794407
16530,49.41303777794407
16531,49.41303777794407
16532,49.41303777794407
16534,49.41303777794407
16535,49.41303777794407
16537,48.947778488190714
16538,49.16891074499671
16539,49.16891074499671
16540,49.16891074499671
16541,49.04693868067558
16542,49.04687862968638
16543,48.928601140341605
16544,49.23756887412733
16546,49.23756887412733
16547,47.90165037298934
16549,47.62338558751467
16551,47.62338558751467
16552,47.63504018414511
16553,46.62407460437982
16555,46.603978146568146
16556,46.60052213003366
16558,46.60225035619855
16561,46.284278467888186
16563,46.28427846788819
16564,46.343089678511625
16566,46.343305174589744
16567,46.078685917315845
16568,46.162349987032535
16569,46.16234998703253
16570,46.16234998703253
16572,45.97598739552632
16574,45.97598739552631
16576,46.494386338494635
16577,46.494386338494635
16578,44.470831465047944
16579,44.51319859787605
16580,44.41536123608334
16581,44.70557108968535
16582,44.70557108968535
16584,44.54622158424317
16586,44.54622158424317
16587,44.91750199627303
16588,44.91750199627303
16590,45.73670170415013
16591,45.74899239208948
16592,47.01244356122102
16593,47.01255655888105
16594,47.01255655888105
16595,46.69968937442429
16596,46.69968937442429
16597,46.336158832994435
16598,46.2669808515904
16599,46.26505494248181
16600,46.287609274819026
16602,46.287609274819026
16603,46.34303370956644
16604,45.096314727389
16608,44.14595889854026
16610,44.14595889854026
16611,44.14595889854026
16613,44.14595889854026
16614,44.14595889854026
16615,43.319757821544485
16617,43.31975782154449
16619,44.43881766636587
16620,44.439808673286656
16621,44.43980867328665
16622,43.8566086192868
16623,43.85985382193274
16625,43.28971156743638
16626,43.21818518695609
16627,43.38683682041532
16628,43.38683682041532
16629,43.97799950173192
16630,43.97799950173192
16632,43.97799950173192
16633,43.60111685984459
16634,43.60111685984459
16635,43.60111685984459
16637,43.79956889903622
16638,43.79956889903622
16639,43.79957141989839
16640,43.79957141989839
16642,43.79957141989839
16643,43.667046071395426
16645,43.667046071395426
16646,43.51468306705477
16649,43.51468306705477
16650,43.56700927347014
16654,43.53212335469883
16657,43.53212335469883
16658,43.568125847152714
16660,43.5913467079875
16662,43.59521866901285
16663,43.59526369679561
16665,43.568125847152714
16666,45.03645274613471
16668,45.038236356373076
16669,45.038236356373076
16670,45.038236356373076
16672,45.038236356373076
16674,45.038236356373076
16678,45.038236356373076
16679,45.038236356373076
16680,44.71454569638291
16682,44.714553259525076
16685,44.714553259525076
16689,44.714553259525076
16698,43.89380124620735
16704,43.89380124620735
16707,43.89380124620735
16708,43.33786476601898
16709,43.232138094235644
16711,43.27656027322924
16712,43.03203657693674
16716,43.03203657693674
16722,42.80706657137723
16723,42.96638906731616
16724,42.77584185807695
16725,42.72063780800835
16726,42.72063780800835
16728,41.816376661955445
16729,41.50242882434357
16730,41.50242882434357
16731,41.50242882434357
16732,41.50242882434357
16733,41.50242882434357
16734,41.67497550065265
16736,40.885365769815444
16737,40.464213859811494
16738,40.464213859811494
16740,40.464213859811494
16741,40.469359034999805
16742,40.14771301668876
16744,40.14771301668876
16745,41.5677166564808
16746,42.173483723844306
16747,42.173483723844306
16748,42.173483723844306
16750,42.173483723844306
16751,42.1771907908896
16752,42.1771907908896
16753,42.1491049034461
16755,42.16446540869175
16760,41.93524358974601
16761,41.93524358974601
16764,41.84268155364893
16766,41.836235041573374
16768,42.15164719898001
16769,42.15164719898001
16771,42.1519243248088
16773,41.867763358736674
16774,41.34605136387893
16775,41.05326167482688
16776,41.05326167482688
16777,42.14847207540453
16778,42.14847207540453
16779,42.16239372142108
16780,42.16239372142108
16783,42.18384326997106
16784,42.18347507715614
16785,42.18347507715614
16786,42.18347507715614
16788,41.96103662119473
16789,41.98962035603592
16791,41.98962035603592
16792,41.98962035603592
16795,41.97985111483196
16796,41.760870397943975
16797,41.741013450426934
16798,41.741013450426934
16799,41.74111556964209
16800,42.13073987067086
16803,42.13073987067086
16804,42.254826075574194
16805,41.81991306762826
16806,41.816670777819034
16807,41.81684871422231
16812,41.81887221592618
16813,41.81887221592618
16815,41.81887221592618
16816,41.81887221592618
16818,41.81887221592618
16819,41.81887221592618
16820,41.8039646652987
16823,41.802339331530206
16824,42.0215739800543
16827,42.0215739800543
16828,42.0215739800543
16830,41.86272819407421
16831,41.864521232213676
16832,41.86481742315806
16833,41.864521232213676
16834,41.864521232213676
16836,41.712487107525796
16837,41.68681282725241
16838,41.68681940619453
16839,41.68681940619453
16840,41.82484087875853
16841,41.81980466199719
16842,41.94449898754749
16843,41.94449898754749
16844,41.94449898754749
16845,41.94449898754749
16846,41.94449898754749
16848,41.94449898754749
16850,41.98437698157282
16851,42.01301003698825
16854,42.01301003698825
16856,41.819495129648836
16857,41.819495129648836
16858,42.24232292629618
16860,41.88064907396826
16862,41.88064907396825
16864,41.88064907396825
16865,41.565492473853844
16866,43.42802944095848
16869,43.428512666559094
16870,43.24403759911176
16871,42.553676976849225
16872,42.553676976849225
16875,42.07884625433662
16876,42.07375099290369
16878,42.07375099290369
16879,42.07375099290369
16880,42.316696575211644
16884,42.316696575211644
16885,42.31659445599649
16886,42.31659445599649
16888,41.72212733327277
16889,41.42373231660507
16890,41.42373231660507
16891,40.98699364658059
16893,41.06539497746518
16896,41.7346359143261
16897,41.536680356893086
16899,41.536680356893086
16903,41.536680356893086
16905,41.536680356893086
16906,41.536680356893086
16907,40.96283232876381
16909,40.9690984896095
16910,41.72121894822565
16911,41.75549838591317
16913,41.759897679003956
16914,41.76000140571636
16917,41.76000140571635
16920,41.7602629965072
16921,41.76110928496404
16922,41.76110928496404
16926,41.76280143420393
16928,41.434466168270866
16929,41.434466168270866
16932,41.434466168270866
16933,41.36467931352117
16936,41.436499818120886
16937,41.436499818120886
16941,41.406010836327916
16945,41.406010836327916
16946,41.644456866636105
16952,41.606454748898535
16955,41.606454748898535
16957,41.705444275411224
16958,41.71400141329874
16960,41.71824346070158
16961,41.71920406576021
16963,41.71920406576021
16964,41.71920406576021
16965,41.72346777401572
16966,41.723467774015724
16967,41.723467774015724
16968,41.777583402249924
16969,41.27175241512198
16971,41.27175241512198
16972,41.27175241512198
16973,41.87054901003268
16974,41.87054901003268
16976,41.87163940813925
16977,41.74009492938161
16978,41.36301634246011
16981,41.55049738617654
16982,41.55049738617654
16983,41.55049738617654
16986,41.89276719535737
16988,41.94989288522548
16989,41.56387667751667
16990,41.15643702374017
16993,41.15643702374017
16994,41.15643702374017
16997,41.16000057479808
16998,41.16000057479808
16999,42.05123491881764
17000,42.05123491881764
17002,42.163016196360275
17004,42.05985186365067
17005,41.97191130704608
17006,41.97191130704608
17007,41.97191130704608
17008,41.97191130704608
17009,41.99326908170688
17010,40.136731891670536
17011,40.11114199189149
17012,40.11114199189149
17013,40.11114199189149
17014,39.976569303762766
17017,39.97708202700558
17018,40.242037988499845
17019,40.24345404680353
17020,40.24345404680353
17021,39.95744147825292
17022,39.93495470696632
17023,39.94887164337205
17024,40.21897531905494
17026,39.99680158249951
17027,39.956923588474176
17029,39.95692358847417
17030,38.88767230621051
17035,38.94375056750306
17036,39.062202277659246
17040,39.062202277659246
17041,39.06871473499467
17043,39.704806365102336
17044,40.066287913183494
17048,40.066287913183494
17049,39.95175483625395
17050,40.288104365144804
17051,40.288104365144804
17053,40.288104365144804
17054,40.288104365144804
17055,39.939356437674945
17056,39.939356437674945
17057,39.496448167158
17059,39.50268881551754
17060,39.44158691366379
17063,39.4415969729474
17065,39.3783626035156
17067,39.37836260351559
17069,39.37836260351559
17070,39.37836260351559
17072,39.37836260351559
17073,39.37869052335611
17076,40.262183306312316
17077,39.69720262184825
17079,39.89285421459023
17080,39.89285421459023
17082,39.36115261317086
17084,40.52278605820672
17085,40.52299511922025
17086,40.66100853715248
17088,40.66100853715248
17089,40.66100853715248
17091,40.66100853715248
17092,40.05194244537025
17093,40.57123027198767
17094,41.12945896385684
17095,41.12945896385684
17096,41.131496275844846
17097,41.13149627584484
17099,41.200430230351536
17101,41.200430230351536
17103,41.730449479935146
17105,41.730449479935146
17106,41.730449479935146
17107,42.15848203297264
17108,41.438068222667816
17109,41.1042551455541
17110,41.1042551455541
17111,40.44975108943946
17112,40.45116714774314
17116,40.42283033004148
17117,40.42283033004148
17118,40.42283033004148
17119,40.417776257671214
17123,40.417776257671214
17124,40.417776257671214
17125,40.417776257671214
17132,40.417776257671214
17133,40.50157186946433
17134,40.501584116524874
17135,40.501584116524874
17136,40.50152447425819
17137,40.50152447425819
17138,40.50152447425819
17139,40.50152447425819
17140,40.895592372705686
17144,40.511899691418364
17145,40.51259392909156
17146,40.31339041520543
17150,40.31339041520543
17151,40.31339041520543
17153,40.32448829111996
17154,40.30064366013364
17155,39.8658637960513
17157,40.530992616548104
17158,39.8658637960513
17159,40.49659655059336
17161,40.49659655059336
17162,40.49661438217528
17163,40.28604124141315
17165,40.28943839564375
17168,40.64525496122888
17169,40.6105793710472
17171,40.610579371047216
17173,40.54482755554232
17174,40.57949739941176
17176,40.59202383990175
17178,40.61128743577283
17180,40.61128743577283
17181,40.61128743577283
17183,40.61128743577283
17184,40.61128743577283
17189,39.396010525723476
17195,39.396010525723476
17197,39.41924403089948
17199,39.41255513894596
17200,39.566553590980355
17203,39.566553590980355
17204,39.566553590980355
17205,38.96308227442541
17206,39.174884044018356
17210,39.18082944172522
17211,39.181657721303175
17212,38.92942755839296
17214,39.15739915518147
17217,40.17638076883021
17218,40.17763155486846
17219,40.15687331506332
17221,40.15687331506332
17222,40.15687331506332
17223,39.6927642332514
17227,39.31233020737151
17239,39.32965852425886
17240,39.32965852425886
17241,39.26958233896516
17244,39.62535156599721
17247,39.653053471361744
17249,39.653053471361744
17250,39.055658774618514
17251,39.055658774618514
17252,39.055658774618514
17255,39.055658774618514
17257,40.307856221711944
17258,40.287326607696386
17260,40.90769965863579
17261,40.90769965863579
17263,40.461844200417325
17264,40.461844200417325
17266,40.35557502613635
17267,40.35557502613635
17268,40.25199580468625
17269,40.25199580468625
17270,40.33608762168298
17271,40.33608762168298
17272,40.31319080793282
17274,40.878298575198556
17275,40.796693136002894
17277,40.49250186318556
17278,40.39204444064124
17279,40.273315388086836
17282,40.273315388086836
17283,40.273315388086836
17284,40.273529967217684
17287,40.413547457219686
17289,40.413547457219686
17294,41.06144543009031
17296,41.06137035415488
17297,41.06137035415488
17299,41.06137035415488
17300,41.0615339977211
17301,41.16878206787799
17303,41.170889143922075
17305,41.170889143922075
17309,41.11299964377479
17311,40.87376495981243
17313,40.45159879104806
17315,40.55182401383477
17317,40.55182401383477
17319,40.47501397156957
17320,39.97042645885328
17321,39.97042645885328
17322,40.03603435586922
17324,40.57330618118231
17325,40.58963287537277
17328,40.58963287537277
17330,39.850686441922974
17331,39.456743176957765
17332,39.377191744453675
17335,39.80871074351713
17336,39.80871074351713
17338,39.81075150988763
17339,39.7907219265918
17341,39.7961656705809
17343,39.77959399550673
17344,39.72096297814703
17345,39.964667554418654
17346,39.72096297814703
17351,39.83116882713212
17354,39.9855527562361
17357,39.9855527562361
17359,39.9855527562361
17360,39.9874063632883
17363,39.995872089482525
17365,40.568951089296334
17366,40.4362830314614
17367,40.4362830314614
17368,40.31291270917888
17369,40.31291270917888
17371,39.644050631279285
17373,39.644050631279285
17375,39.55682041073405
17376,39.55682041073405
17379,39.557029471747576
17380,39.557029471747576
17381,39.557029471747576
17382,39.91705313200728
17383,40.41578510546383
17384,40.420844661368285
17385,41.90845403399106
17386,41.92807145902722
17387,41.92807145902722
17388,41.45692987694361
17389,41.45692987694361
17390,41.5011327334271
17391,40.37181062634828
17392,40.37181062634827
17393,40.98188286143207
17394,40.98188286143207
17397,40.676145944103695
17398,40.69420068903957
17399,40.763066079879195
17400,40.763066079879195
17402,40.84604661328775
17405,40.52512296019706
17407,40.52512296019706
17409,40.52512296019706
17410,40.788868950721515
17411,40.69233585738733
17412,40.69233585738733
17415,42.00371975720939
17417,42.00371975720939
17418,42.00371975720939
17420,42.43573141400376
17421,41.60571649235234
17422,41.5809244005332
17423,41.5790274411708
17424,41.5790274411708
17425,41.57617359683939
17428,41.57617359683939
17430,41.57617359683939
17431,41.71709243149504
17434,41.71709243149504
17435,41.301681770259854
17436,41.30168177025987
17438,41.41979869432743
17439,41.24050785042189
17442,41.24050785042189
17444,41.24050785042189
17446,41.24050785042189
17452,41.33111261016775
17453,41.33111261016774
17454,41.33111261016774
17458,41.678974306383545
17459,42.12812947459819
17460,42.564211212487784
17462,42.581415063569864
17464,42.57473479020455
17466,42.441005913886315
17467,42.44100591915675
17468,44.11424145508853
17470,42.75592425820385
17471,42.30019875916817
17472,42.30019875916817
17476,42.30019875916817
17478,42.307725095963505
17479,42.307725095963505
17480,42.307725095963505
17482,42.307725095963505
17483,42.11237177149226
17484,42.10484543469693
17485,42.10484543469693
17487,41.69638625147368
17490,41.69638625147368
17491,41.70249351106757
17492,41.702493511067566
17495,41.702493511067566
17497,41.702493511067566
17499,41.702493511067566
17502,41.37683331918046
17503,42.787029110900484
17506,42.08561117033965
17508,42.08612315914737
17509,42.086123159147384
17512,42.086123159147384
17516,42.08341976112765
17517,42.0856580772152
17518,42.0856580772152
17520,42.14957662290551
17521,42.15288949925419
17522,42.152432673075445
17528,42.152432673075445
17529,42.152432673075445
17533,42.152432673075445
17534,42.14678000830142
17536,42.04419794883253
17538,42.2567597353968
17539,42.45764889466127
17540,42.45806154027402
17543,42.467204180335436
17544,42.46794377947867
17547,42.475951599409605
17549,43.43261126807492
17550,43.43261126807492
17552,43.43261126807492
17554,43.43261126807492
17555,43.42460344814398
17556,43.92786364934902
17558,43.92816618308303
17559,43.922058255352255
17560,43.922058255352255
17561,43.97801082348368
17562,43.98474988581077
17566,43.984863618601466
17567,43.984863618601466
17569,43.984863618601466
17570,43.984863618601466
17575,43.984863618601466
17576,43.93327709789338
17577,43.93424905591538
17579,43.93424905591537
17583,44.59147458463078
17588,44.58177224457441
17589,44.991667461412455
17590,45.40081797013911
17593,45.40081797013911
17595,45.34595169057093
17596,45.15857010837875
17598,45.15857010837875
17599,45.15857010837875
17601,45.15857010837875
17603,45.15857010837875
17606,45.01618302951279
17611,44.97349967602653
17613,44.96939035361321
17617,44.96939035361321
17619,44.969638461944186
17623,45.21322152848105
17624,45.21322152848105
17625,45.21322507033565
17627,44.6575536528166
17633,44.64045903465723
17636,44.686365923436966
17637,44.85410746808469
17638,44.85410746808469
17639,44.85410746808469
17643,44.854143548641964
17646,44.854143548641964
17650,44.854143548641964
17651,44.854143548641964
17652,44.854143548641964
17653,44.854143548641964
17655,44.854143548641964
17657,44.86658237573852
17658,44.86658237573852
17663,44.86658237573852
17665,44.74662931272545
17668,44.74662931272545
17669,44.61918639857839
17670,44.25767095641135
17675,43.89776752482784
17677,43.98501442253704
17679,43.98501442253704
17683,43.98501442253704
17684,43.98501442253704
17685,43.98501442253704
17687,43.98501442253704
17689,43.98501442253704
17690,43.9850180205187
17693,43.985018020518694
17694,44.06612970164512
17696,44.05605487761166
17701,44.05621951558156
17703,44.05621951558157
17704,44.250257801633495
17705,44.250257801633495
17706,44.250257801633495
17709,44.250257801633495
17710,43.35689566952748
17711,43.782848567226594
17712,43.782848567226594
17714,42.997524917512514
17715,42.997524917512514
17716,42.997524917512514
17718,43.075558285922725
17721,43.07555828592273
17725,42.69217097130168
17726,42.65271987044515
17728,42.65271987044515
17730,42.65271987044515
17732,42.65271987044515
17737,42.65271987044515
17738,42.00105575856189
17743,42.28340835009057
17744,41.978364527897966
17745,41.9955274546923
17748,42.195955115787385
17749,41.9955274546923
17750,41.91235863742154
17751,41.606316359066746
17759,41.60631635906674
17760,41.60631635906674
17761,42.097068351653284
17762,42.097068351653284
17765,42.097068351653284
17766,42.097068351653284
17769,42.294620979866124
17771,42.821039163676794
17772,41.97968029478371
17774,41.98762058466783
17775,41.98762058466783
17776,41.99020103793226
17777,41.99020103793226
17779,41.988057954003594
17783,41.95533787350388
17785,41.95533787350388
17788,41.95533787350388
17789,41.96808914111335
17790,41.9716167604292
17792,41.9716167604292
17793,41.9716167604292
17795,41.9716167604292
17796,41.9716167604292
17797,41.9716167604292
17798,41.75409528125919
17799,41.84373929298713
17801,41.84373929298713
17802,41.840536981779536
17803,41.89092603943715
17805,41.866810802958575
17806,41.87219968676936
17810,42.11101568863231
17811,43.50794232606908
17812,43.50794232606908
17814,43.50794232606908
17817,43.490017443725755
17819,43.3819988206154
17820,43.00152453722938
17821,43.00152453722938
17822,43.00130831598777
17826,43.00130831598778
17827,43.00130831598778
17828,43.00130831598778
17829,42.74250024201669
17832,42.70780290073136
17834,43.939552036742406
17835,43.85653902239863
17838,43.85653902239863
17839,43.7605500205915
17843,44.36812949822802
17845,44.190704463184986
17846,44.07853768453885
17847,44.07853768453885
17848,44.75338017316432
17849,44.99295415128774
17850,45.260652294211724
17851,45.40089574734266
17852,45.34474899581213
17853,45.34474899581213
17854,44.741860919995446
17856,44.79135744490125
17858,44.79135744490125
17859,44.791530638148586
17863,44.791530638148586
17866,44.25842801211488
17868,43.06334889807174
17869,43.053084202231354
17870,43.053084202231354
17873,42.81510305188882
17875,42.9629140725583
17876,42.963011705804306
17878,43.46851954946352
17882,43.47453069592702
17883,43.47453069592702
17884,43.47453069592702
17885,43.47453067271165
17890,43.47453067271165
17892,43.47453067271165
17893,43.47453067271165
17894,43.26799536932687
17895,43.548572201822786
17897,43.548572201822786
17898,43.548572201822786
17902,43.548572201822786
17903,43.642554866254414
17904,43.364810580814584
17905,44.19207936538834
17907,44.19207936538834
17908,44.19208646572112
17909,44.32226007578113
17910,44.63683019664699
17911,44.424392088914125
17912,45.11291039173258
17913,44.75088240013226
17915,45.35621428467111
17918,45.3589696491548
17919,45.05144721773187
17920,45.05144721773187
17923,45.04543607126837
17924,44.36437232262738
17926,44.36437232262738
17929,44.53662430490202
17930,44.55041221951792
17931,44.240207328354664
17933,43.9860220782604
17934,44.05965833292186
17935,44.05965833292186
17939,44.059930896635194
17940,44.059930896635194
17941,44.059930896635194
17943,44.059930896635194
17944,44.059930896635194
17947,44.061004525926045
17949,44.047216611310134
17951,44.047216611310134
17952,43.69611641077662
17953,43.69611641077662
17954,43.69611641077662
17956,43.68510851334159
17957,43.68510851334159
17958,43.61168538680613
17959,43.61168538680613
17961,44.92633994896138
17962,44.97065595909739
17963,45.08957690482102
17964,45.08957690482102
17965,45.08957690482102
17967,45.08957690482102
17968,45.093143444577066
17969,42.405662327943894
17971,42.405662327943894
17972,42.508836546838964
17974,42.508836546838964
17976,42.987687230820804
17979,42.99243346453078
17981,43.02473969014321
17982,43.03246759532718
17983,43.03246759532718
17984,42.42237258817117
17986,43.079975742685036
17987,43.079975742685036
17988,43.0814602043078
17989,43.0814602043078
17990,43.01688512270901
17991,43.22910586396114
17992,43.5183841004848
17993,43.5183841004848
17994,43.5183841004848
17995,43.92284113554886
17996,43.92284113554886
17997,43.99157586023491
17999,43.97215020096216
18001,43.97246791725015
18003,43.97246791725015
18007,43.97246791725015
18008,44.321424641327084
18010,44.321424641327084
18013,45.258717301410634
18014,45.258717301410634
18015,47.23158894900672
18016,47.23158894900672
18017,47.10670726288831
18019,46.23679820826235
18020,46.229286567309614
18024,45.6000573811293
18025,45.64690643459285
18026,45.64800590321884
18028,45.64800590321884
18029,45.64800590321884
18030,45.87912843001801
18031,45.87912843001801
18032,45.73475584872317
18036,45.676413663334614
18037,45.56067003273207
18038,45.56067003273207
18040,45.62671412123186
18041,45.56067003273207
18045,45.56067821038659
18047,45.55955285334152
18051,45.55955285334152
18052,44.783364851696234
18053,45.76725850325531
18055,45.773864638482976
18058,45.77386463848297
18059,45.9713703116504
18060,46.02931030481655
18061,45.4572204191712
18062,45.48086152421022
18064,45.650646074406374
18066,45.650646074406374
18067,46.013419542202485
18068,45.701562154384106
18070,45.70156215438411
18071,45.70156215438411
18072,45.70156215438411
18073,45.70156215438411
18075,45.70156215438411
18076,45.24369579370732
18077,45.426490324368416
18079,45.95444037894845
18080,45.95416781523512
18084,45.954167815235124
18085,45.61598050818875
18086,45.61598050818874
18087,45.50216198959894
18088,45.503860513560824
18089,45.503860513560824
18093,45.50873411368007
18095,45.127632373660845
18096,45.127632373660845
18100,45.12867815659508
18101,45.12867815659508
18102,45.341910815185116
18104,45.341910815185116
18105,45.225246142437776
18107,45.066461707610216
18109,44.386695882798676
18110,44.24397738629486
18112,44.25965201577571
18113,44.259652015775714
18114,44.15412883810524
18115,44.09810739174334
18117,44.385190293904856
18118,44.560163510350606
18119,44.560163510350606
18121,45.253594233853
18122,45.253594233853
18124,45.251895709891116
18125,45.251895709891116
18128,45.251895709891116
18129,45.251895709891116
18130,44.91261362761735
18132,44.43751483390397
18133,44.43751483390396
18141,45.44540913579077
18142,45.41728234756935
18143,45.99476668071152
18145,45.99476668071152
18146,45.54789752438121
18147,45.54806503848043
18148,45.729354851786
18149,45.729354851786
18150,45.729354851786
18153,45.729354851786
18154,45.729354851786
18156,46.1000659972744
18157,47.112867185756805
18159,47.112867185756805
18160,47.8823218456177
18162,48.0019284148012
18163,48.0019284148012
18166,48.013085075646224
18167,48.0019284148012
18168,48.0019284148012
18169,48.10680742172202
18170,48.10680742172202
18171,47.564494705612226
18173,48.149908316066714
18174,48.233922318989244
18176,48.233922318989244
18177,49.358827388158005
18179,49.3589476667718
18180,49.3589476667718
18182,49.3589476667718
18183,48.90165572008209
18184,48.90165572008209
18185,48.90165572008209
18187,48.89024901317065
18190,48.89024901317065
18191,48.89024901317065
18192,48.89024901317065
18193,48.89024901317065
18195,48.89024901317065
18196,48.89024901317065
18197,48.89024901317065
18201,48.890668129509734
18202,48.988867408671474
18203,50.24373083524515
18204,50.24373083524515
18205,49.60470925334182
18207,49.60470925334182
18208,49.60470925334182
18209,49.60470925334182
18210,49.942721467861126
18212,49.942721467861126
18213,49.942721467861126
18214,49.942721467861126
18215,54.88436236277028
18216,54.904538526769365
18218,54.904538526769365
18219,54.50780045559866
18220,54.50531652906455
18222,54.293676530293666
18223,54.293676530293666
18224,54.293676530293666
18227,54.293676530293666
18228,53.22798465993674
18229,51.09000107987829
18230,51.10322301454037
18231,51.10322301454037
18232,51.10322301454037
18233,50.43440299334335
18234,50.43440299334335
18235,50.43440299334335
18237,50.50398154375245
18238,50.50398154375245
18239,51.06854856229654
18240,51.07661126130167
18241,51.17406899512275
18242,51.085718161885644
18243,47.820815555794695
18244,47.7859781032102
18247,47.81431031722531
18248,47.81433179152282
18251,47.81433179152282
18254,48.46172950094382
18257,48.46172950094382
18258,48.05162271711326
18259,48.05162271711326
18260,47.97526509316213
18262,47.78254083512964
18264,47.603109229753244
18265,47.60310922975324
18267,47.60310922975324
18269,47.6134561803113
18271,47.61345618031131
18273,47.805391094961664
18275,47.663930669936384
18276,47.66393066993639
18278,47.72944516377321
18280,47.72944516377321
18281,46.975439361933674
18283,46.975439361933674
18286,46.975439361933674
18287,47.28926654780896
18289,47.28926654780896
18298,47.665104812713174
18299,48.17688333099213
18301,48.17794689038952
18302,48.177946890389514
18304,48.178713685667915
18306,48.442546191724226
18308,48.75683267035959
18309,48.75683267035959
18312,48.75683267035959
18316,48.75683267035959
18317,48.29755601727884
18318,48.28442219194358
18320,49.25023340493068
18321,49.25023340493068
18322,49.25023340493068
18327,49.25023340493068
18329,49.30383505507494
18330,49.63403866878983
18331,49.61094132787535
18332,49.304133302751495
18334,49.304133302751495
18335,49.304133302751495
18336,49.304133302751495
18338,49.304133302751495
18339,49.304133302751495
18340,47.95374616012946
18345,47.329453965179674
18346,47.164183262324734
18347,47.164183262324734
18352,46.91370607481684
18353,46.91370607481684
18355,46.91370607481684
18358,46.78803914587991
18360,46.579495178160094
18361,46.579495178160094
18362,46.190974933077044
18364,46.172227390731294
18365,46.172227390731294
18367,46.172227390731294
18370,46.17670171415898
18374,46.17670171415898
18375,46.17732670215299
18376,46.177326702152996
18377,46.177326702152996
18379,46.17115377080703
18380,46.171153770807024
18382,46.170862586321675
18384,46.170862586321675
18385,46.26661274024025
18386,47.62999149987091
18387,47.62999149987091
18388,47.62999149987091
18389,47.81083265992608
18392,47.8114114908994
18393,47.80952683456564
18395,47.812180257381776
18396,47.68000230182048
18397,47.68000230182048
18398,47.67981663566923
18399,47.66876425872366
18403,47.67768980447859
18405,47.646212185096054
18407,47.63728663934113
18408,47.63728663934112
18410,47.63728663934112
18411,47.63728663934112
18413,47.63728663934112
18414,47.51061695336886
18415,47.51066764757461
18416,47.51118794571321
18417,47.51118794571321
18418,47.51118794571321
18419,47.25309750411179
18420,47.25309750411179
18421,47.138843042838715
18422,47.138843042838715
18423,47.40277363243745
18424,47.17645108960785
18426,47.84743482758056
18432,47.84743482758056
18433,47.60805435628318
18434,47.71177484333141
18435,47.60375580897945
18436,47.014739790908415
18439,48.58775095017288
18440,48.96112589889592
18441,48.92431448379154
18442,48.04715987829178
18443,48.04715987829178
18445,48.04715987829178
18446,48.056961905058124
18447,48.05696190505812
18448,49.69023395323957
18449,49.40851683626147
18450,49.344877942904276
18452,49.58971848933325
18454,49.58971848933325
18455,49.46260477233359
18457,49.483084133031696
18458,49.559922152663916
18459,49.574598577783
18460,49.57459857778301
18461,48.68268839349072
18463,48.68268839349072
18464,48.68268839349072
18465,48.68268839349072
18468,48.68268839349072
18471,48.68268839349072
18472,47.62703520566426
18476,47.42183906964152
18478,47.42183906964152
18479,47.06289885221558
18480,47.06289885221558
18483,47.06289885221558
18484,47.06289885221558
18485,47.06289885221558
18488,47.06289885221558
18489,46.95307503037307
18491,46.953467671418615
18492,46.95346767141861
18494,46.87580848247528
18495,46.71734138610419
18497,46.71629045357495
18500,46.716290453574956
18501,46.716290453574956
18502,46.68151425972742
18503,47.488576888920974
18506,47.849694097428696
18507,47.849694097428696
18510,47.849694097428696
18511,47.88045738437549
18513,48.58607572923399
18514,48.58607572923399
18515,48.58676757855634
18521,48.58676757855634
18522,47.656534321866424
18524,47.350724049740414
18525,47.350724049740414
18527,46.513677835421774
18531,47.1635753178205
18532,47.330087543822884
18533,47.330087543822884
18534,47.05818057553015
18536,47.05818057553015
18538,46.95607197696161
18539,46.95607214059088
18541,46.428309739798664
18542,46.428309739798664
18545,46.130596871870154
18547,46.13108973412238
18548,46.131089734122384
18550,46.462994951483026
18551,46.36501695049136
18553,46.36501695049136
18554,46.52826765926976
18555,47.22026542385286
18556,47.22026542385286
18557,46.43446726063139
18559,45.01899899496989
18563,45.01899899496989
18565,45.01899899496989
18567,45.01853710080554
18568,45.01853710080554
18570,44.78839748221342
18573,44.1398617903396
18578,44.431104363351324
18579,44.441136942586624
18580,44.60975609394962
18581,44.60975609394962
18583,44.10707076064625
18585,44.1074388608533
18588,44.108085608957644
18589,45.40572323562257
18590,44.886762114614726
18591,44.88676211461473
18593,45.209731962392944
18595,44.88719287587553
18598,44.88719287587553
18600,44.88719287587553
18601,45.363749372817715
18603,45.820222549687124
18607,45.832881058606866
18610,45.67202838039647
18612,45.87272643733483
18613,45.87279393348336
18615,45.965386424713614
18616,46.391579949435446
18617,46.52240237742114
18618,45.14080539389374
18620,45.141119381780655
18621,45.14111938178066
18623,45.14111938178066
18625,44.06101012395568
18627,44.06101012395568
18629,44.87090220508158
18630,44.326686045252345
18631,44.326686045252345
18632,44.39236920876079
18633,44.39236920876079
18635,44.65936721952825
18636,44.65936721952825
18639,44.65936721952825
18640,45.331820111797725
18641,45.331820111797725
18642,45.331820111797725
18643,45.21315351422794
18644,45.21315351422794
18645,45.21315351422794
18647,45.31230018384286
18648,45.31923495536086
18649,44.7110903138033
18651,44.752969555844146
18652,44.7110903138033
18653,44.64846188420044
18656,43.558980005666875
18657,43.51041959896541
18658,43.51041959896541
18661,43.51041587438766
18664,43.51041587438767
18666,43.090838923071985
18667,43.03844771901593
18668,43.03844771901593
18669,43.03844771901593
18670,43.24921134856878
18671,43.08087469319446
18672,43.08087469319446
18677,43.08087469319446
18679,43.08345653752915
18681,43.08345653752915
18682,43.407820214424156
18683,44.648571406245615
18684,44.64163663472761
18685,44.64163663472761
18686,44.43028519647328
18687,44.43303903616086
18691,44.22777276591338
18692,45.316911346610425
18694,45.316911346610425
18699,45.481738845217045
18700,45.31750140237796
18703,45.31750140237796
18705,45.31750140237796
18710,45.31750140237796
18711,45.31750140237796
18714,45.31750140237796
18716,45.02827048039859
18717,45.02827048039857
18718,45.13100170826571
18719,45.13100170826571
18720,45.133859927437676
18724,45.02827048039857
18726,44.89815605957479
18727,44.99880606412224
18728,44.99880606412224
18730,45.73204337191264
18731,45.73204337191264
18733,45.73204337191264
18734,46.817505170983175
18735,46.817505170983175
18736,46.27329597141567
18737,46.27329597141567
18738,46.27329597141567
18740,46.13591029471425
18741,47.10046548007168
18742,47.10046548007168
18743,47.10046548007168
18744,46.99574197348131
18745,46.99574197348131
18746,46.224539749508665
18747,46.663093099050265
18748,46.66342286430904
18753,46.66342286430904
18755,46.66342286430904
18757,44.66424943943249
18758,44.66424943943249
18759,44.63431647378755
18763,44.546770121470324
18764,44.54805042249765
18765,44.548050422497646
18767,43.71543779419306
18768,43.81134748203103
18770,44.06214321764929
18772,44.13114730539288
18773,44.13114730539288
18774,44.2217645598634
18775,44.221781811267604
18777,44.22178938069447
18778,44.63249419704809
18779,44.63299282943793
18783,44.63299282943793
18784,44.2977196077385
18785,44.2977196077385
18787,44.225866524199596
18788,44.227539902339956
18789,44.227799380679706
18790,44.227799380679706
18791,44.227799380679706
18793,44.20407014633967
18796,44.2410757238032
18797,44.2410757238032
18798,44.2410757238032
18799,44.2585702258668
18800,44.2585702258668
18803,44.2585702258668
18804,44.33732134557515
18805,44.33732134557515
18807,44.341368178296584
18808,44.33983846415693
18809,44.33983846415693
18810,44.30614441625275
18811,44.30614441625274
18813,44.30614441625274
18814,44.399320556158045
18816,44.39946612692045
18818,44.00995514927465
18819,44.21020551217141
18821,44.21020551217141
18822,44.2890870064366
18823,44.32871543133829
18824,44.32871543133828
18825,44.352163081276984
18827,43.493021188920665
18829,43.493021188920665
18831,43.493021188920665
18832,43.48730417452275
18835,43.5083012203101
18836,43.51698240267565
18837,43.51698240267565
18838,44.86715906638243
18839,44.96717866006749
18843,44.96303564848628
18845,44.84857482942512
18847,44.85184641712874
18848,44.96429067162705
18849,44.88025697980787
18850,44.88025697980787
18851,46.289611105889875
18852,46.29933542963787
18854,46.29933542963787
18855,45.790360182664536
18857,45.31732266046239
18858,45.96555995936973
18859,45.96555995936973
18860,45.99115472739612
18861,45.99115472739612
18862,45.99115472739612
18863,45.74626006437073
18865,45.74676953925896
18866,45.74676953925896
18867,45.783483975380165
18868,46.75070490240721
18869,45.783483975380165
18871,45.58258250215162
18873,45.58258250215161
18875,45.58258250215161
18876,45.58258250215161
18877,44.92888549804169
18878,45.854404326720946
18880,45.672462899239235
18882,45.67663827508108
18883,45.657169809005
18884,46.45276485604589
18885,45.526750059966275
18886,45.526750059966275
18894,45.15567020559835
18895,45.175162037407574
18896,44.65848015959006
18897,44.65848015959006
18904,44.66130946359187
18906,44.66130946359187
18908,44.39623922116259
18911,44.39340991716079
18913,44.42344375436221
18914,44.44870974203514
18919,44.45009348966142
18921,44.94597969026094
18922,45.22756706887123
18924,45.2319240887978
18926,45.46989382865528
18928,45.46989382865528
18930,45.6868504792054
18931,45.61984139677877
18933,46.13921267485205
18934,46.19265745335901
18936,46.19265745335901
18937,45.86423300086693
18940,45.865725896914334
18941,45.86657590044988
18943,45.86657590044988
18944,45.86657590044988
18948,45.86657590044988
18950,45.639464352671226
18951,45.639464352671226
18952,45.639464352671226
18953,46.73793609387902
18955,46.626264049412825
18959,46.288696534740076
18962,46.288696534740076
18963,47.72340226705292
18964,47.72340226705292
18965,47.38790726055679
18966,47.38790726055679
18967,47.39062912878894
18970,47.39049039356659
18972,47.58784703177235
18973,47.400310582993896
18976,47.400310582993896
18977,47.53659223287901
18978,47.53659223287901
18980,47.32330877836917
18981,47.305059863940265
18982,47.9816425681262
18983,47.9816425681262
18985,47.9816425681262
18988,47.98178130334855
18989,47.98178130334855
18990,47.98178130334855
18991,47.98178130334855
18993,48.52551356130772
18994,48.52551356130772
18995,48.52551356130772
18996,48.824871647011506
18999,48.27848181367779
19000,47.77693184463181
19001,47.77693184463181
19003,47.77693184463181
19004,47.893381012860395
19005,47.9361085265124
19009,47.9361085265124
19010,47.9361085265124
19011,48.146485862245456
19017,48.146485862245456
19018,47.74678120657138
19020,47.74678120657138
19021,47.64698900083462
19023,47.07920654781125
19028,47.07920654781125
19030,47.520782437351365
19031,48.351914731906916
19032,48.351914731906916
19033,48.38976571034504
19036,48.38976571034504
19037,48.38976571034504
19038,48.12254368312637
19039,48.12274245935235
19040,48.16796946227355
19041,47.90206950575129
19042,47.37495608162793
19044,47.929821312210215
19045,48.272361707339144
19046,48.2155716640303
19049,48.46572776876033
19051,48.40486313078517
19052,48.04900223146431
19054,48.04900223146431
19055,48.04900223146431
19057,48.876813160461936
19058,48.876813160461936
19059,48.876813160461936
19062,48.673455365835565
19064,48.673455365835565
19065,48.980623393740196
19066,48.980636668554325
19068,48.98063666855432
19069,48.727452353306234
19072,48.727452353306234
19073,48.727452353306234
19075,48.727253577080255
19076,48.727253577080255
19078,48.727253577080255
19079,50.66735751429805
19080,48.64877024050647
19081,48.64877024050647
19082,48.65119584739651
19083,48.65129520013142
19084,48.483796413626
19087,48.714367166851495
19090,48.714367166851495
19091,48.483796413626
19092,48.394361069003885
19093,48.39501090169829
19096,47.89193029311932
19098,48.58778152886045
19099,48.588770084917286
19100,48.78519527438078
19101,48.77561881707166
19103,47.865575586631785
19104,47.86557558663178
19105,47.86557558663178
19106,47.86549911016318
19108,48.00496162988426
19110,48.16018874908711
19111,47.910519987077855
19112,47.8645840640831
19114,47.84618405923458
19116,47.705329009748816
19118,48.85655262680492
19119,48.85655262680492
19121,48.42961307053185
19122,48.88351316114961
19123,48.88351316114961
19124,48.88351316114961
19126,48.88351316114961
19127,48.88351316114961
19129,48.87969800387752
19132,48.35698289525988
19133,47.874656200270294
19134,48.83137763132314
19135,49.48095476816773
19136,49.11839165785509
19137,50.33492117169694
19138,52.03106966978167
19140,52.031069669781665
19142,52.031069669781665
19143,52.031069669781665
19145,52.031069669781665
19146,52.031069669781665
19147,52.55519131716664
19150,52.55519131716664
19151,52.55519131716664
19153,52.15221583589292
19154,52.15221583589292
19155,52.15221583589292
19156,52.15221583589292
19157,52.15221583589292
19158,52.15221583589292
19159,52.0664318337257
19160,52.137063349340494
19161,52.13763794898846
19162,52.13763794898846
19163,52.37174901254753
19166,52.37174901254753
19167,52.37174901254753
19169,52.384218422144606
19170,52.73792056685594
19171,53.407129794285034
19172,53.407129794285034
19173,53.45666550114754
19175,54.30878479719894
19176,54.216078216081236
19177,55.00004370954114
19178,53.73612569490789
19180,53.7366834876346
19181,53.7366834876346
19182,53.74038178789074
19183,54.64990820812995
19184,54.64990820812995
19185,53.705107571514496
19186,53.559354275623775
19187,53.45473510902254
19188,53.45473510902254
19189,53.45473510902254
19192,53.45545148853277
19193,53.45666056553435
19194,52.94004647819127
19195,53.192208361669
19196,52.94004647819127
19197,52.94004608178671
19198,52.94105704604072
19199,52.94105704604072
19200,53.07536019137579
19201,53.07536019137579
19202,53.07536019137579
19204,53.07536019137579
19206,53.07536019137579
19209,53.23328847103474
19210,53.23328847103474
19211,53.157928627899004
19215,53.157928627899004
19217,53.157928627899004
19218,53.15794941417195
19221,53.15794941417195
19222,53.15794941417195
19223,53.15794941417195
19224,53.15794941417195
19226,53.03857184918801
19228,53.03897518480849
19229,53.03897518480849
19230,54.91785767482953
19231,54.91785767482953
19233,54.91785767482953
19235,54.91785767482953
19236,54.91785767482953
19240,54.91785767482953
19241,54.917857674829534
19242,54.91743448391434
19246,54.91743448391434
19249,54.91743448391434
19250,54.91743448391434
19253,54.584745306125406
19254,54.544128295019455
19255,53.652607413876524
19256,53.652607413876524
19258,53.652607413876524
19259,53.652607413876524
19260,53.652607413876524
19261,53.420036523933476
19262,52.568997952050054
19263,52.568997952050054
19264,52.568997952050054
19265,52.568997952050054
19266,52.570465845310316
19268,52.57046584531032
19270,52.57046584531032
19271,52.57092303360029
19272,52.57092303360028
19273,52.57092303360028
19274,52.57092303360028
19275,54.007973036014164
19276,52.31996522887621
19277,52.305630955626526
19278,52.305630955626526
19279,52.37991204000048
19280,52.37991204000048
19281,52.351619808158844
19284,52.351619808158844
19286,51.672666618206755
19288,51.38654932043989
19291,51.38654932043989
19292,51.38654932043989
19293,51.38654932043989
19294,50.93011502982793
19295,50.93011502982793
19296,51.297799628461995
19297,51.32001346654934
19298,51.32014271979462
19299,51.32001346654934
19300,51.32001346654934
19304,51.32001346654934
19305,50.75911271801385
19306,50.754566089139686
19307,50.80996054553158
19308,51.13357305978709
19311,51.98697914476611
19312,51.31505664848905
19314,51.31505664848905
19315,51.53122136775398
19316,51.5341390959383
19317,51.697510301312285
19319,51.697510301312285
19320,51.697510301312285
19321,51.697510301312285
19322,51.697510301312285
19324,51.697510301312285
19325,51.697510301312285
19326,51.417083360715836
19327,51.41708336071583
19330,51.41708336071583
19332,51.41708336071583
19333,51.41708336071583
19334,51.41708336071583
19335,52.19092473940048
19337,51.24111193799282
19339,50.71284067870741
19340,50.712840678707416
19341,50.71894191499458
19343,51.24882493674727
19344,52.637160444361214
19345,49.889772056313475
19347,49.889772056313475
19348,49.889772056313475
19349,49.889772056313475
19350,49.889772056313475
19351,49.889772056313475
19352,49.889772056313475
19354,50.450147207295686
19357,50.450147207295686
19358,50.450147207295686
19360,50.450147207295686
19363,50.450147207295686
19364,50.20432766322832
19365,50.207813168326
19366,50.181257896544054
19367,50.181257896544054
19368,50.10901957829909
19370,49.744890818897076
19373,51.07121349843023
19374,51.07121349843023
19377,51.07422904403935
19378,51.08262949807086
19380,51.08262949807086
19381,51.08262949807086
19382,51.4324564470028
19383,51.43174006749257
19384,51.43174006749257
19385,51.43174006749257
19387,51.68374097910785
19388,51.91899099669178
19389,51.91899099669178
19391,54.019787510694414
19392,54.019787510694414
19393,53.70251766992014
19394,53.70251766992014
19395,53.70251766992014
19396,53.70251766992014
19398,53.55714133993774
19399,53.55714133993774
19400,53.55736287540778
19402,54.31110410503583
19403,54.31117742717458
19404,52.544663104062195
19406,52.53691871578096
19408,52.53691897804768
19409,52.53691897804768
19410,52.53691897804768
19411,52.53691897804768
19412,52.89051344586652
19413,53.464779664181506
19414,52.889548987736504
19416,52.88967374653893
19417,52.88967374653894
19418,52.88967374653894
19420,52.951975163458705
19421,51.80099894176646
19423,51.80099894176646
19424,51.625530556234864
19426,51.625530556234864
19428,51.7603009567203
19429,51.7603009567203
19431,51.7603009567203
19432,51.7603009567203
19433,51.78105930449012
19434,51.78105930449013
19436,53.08426748175336
19437,53.08426748175336
19438,51.03266845003435
19441,51.03266845003436
19442,51.03266845003436
19444,50.001526541479535
19445,50.156390385348345
19448,50.156390385348345
19449,50.15837741306691
19450,50.28147738254686
19451,50.28147738254686
19453,50.045128149236874
19454,50.04513935684728
19457,49.238814285100375
19458,49.238814285100375
19459,49.30598092698588
19462,49.30598092698588
19463,49.32558505242446
19465,49.63740112750604
19466,49.63740112750604
19468,49.77832819651639
19469,49.77832819651639
19470,49.77832819651639
19471,49.77832819651639
19472,49.77832819651639
19474,49.466388680901815
19475,48.351684964949456
19476,48.351684964949456
19477,48.17730654338038
19478,49.429061032945526
19480,49.429061032945526
19481,49.429061032945526
19483,49.429061032945526
19486,49.46916909923919
19487,49.56143257302308
19488,49.46737878084174
19489,49.46846036324351
19490,49.4684603632435
19491,49.40565972939723
19493,49.44158292145698
19496,48.98972515431807
19497,48.98972515431807
19498,48.98972515431807
19499,48.83506652418511
19500,48.83357122573892
19501,49.78108585446736
19502,49.78108585446736
19503,49.7810880086436
19504,48.363455289793194
19506,49.41106308640905
19507,49.61794722051018
19509,49.70657017884513
19511,49.706570178845126
19512,50.221445021232284
19513,50.221445021232284
19514,50.860313848977825
19515,50.860313848977825
19516,50.860313848977825
19517,50.860313848977825
19518,51.339144464024486
19519,51.34004125851822
19521,51.49923158558448
19522,51.49923158558448
19526,52.294497308541146
19527,52.294497308541146
19528,52.29498834923373
19529,52.294988349233726
19530,52.294988349233726
19531,52.294988349233726
19533,52.657909890893315
19534,52.045875947069256
19536,52.045875947069256
19537,52.045875947069256
19538,52.045875947069256
19539,52.045875947069256
19540,51.429174641812445
19541,51.429174641812445
19543,51.429174641812445
19544,52.34834211335415
19545,52.34959828993228
19546,51.57652850162283
19547,51.79574888642925
19553,51.79574888642925
19555,51.8010033448618
19557,50.91966886108561
19558,51.14816567656601
19560,51.14816567656601
19562,51.19469167373015
19563,51.297809092266604
19566,52.55766846321352
19567,51.85199977853628
19568,49.70879593759516
19569,49.70879593759516
19570,47.639778446148306
19572,47.6397784461483
19573,47.6397784461483
19574,47.221846125315494
19575,47.43555534120278
19577,47.43555534120278
19579,46.8226804448452
19580,46.8226804448452
19582,46.82673650290841
19583,46.92560657897458
19584,46.920352120542034
19586,47.05004890137127
19587,47.02556525794655
19588,46.96820665964603
19589,46.96820665964603
19591,46.586105974258814
19597,47.03780166302511
19598,47.05986789491207
19599,47.05986789491207
19600,47.05986789491207
19601,46.96345404659436
19603,46.96345404659436
19605,48.74510456633185
19606,48.74510456633185
19607,48.74510456633185
19608,48.74510456633185
19610,48.74510456633185
19611,49.10305799617226
19618,49.18799672726097
19619,49.18799672726097
19620,47.99111294112168
19622,47.99111294112168
19623,47.67366636644749
19624,47.67366636644749
19625,47.676079117442846
19626,47.676164377272826
19628,47.676164377272826
19629,47.679709673954335
19630,47.29115327042635
19631,46.832468568623135
19634,46.832468568623135
19636,46.832468568623135
19637,46.832468568623135
19638,46.97142420732449
19641,47.00131603927624
19642,47.00131603927624
19643,46.67443219489264
19644,47.16136944019807
19646,47.16136944019807
19647,47.30176770129675
19648,47.30176770129675
19649,47.30176770129675
19650,47.497495164578325
19651,47.50219123263884
19652,47.50219123263901
19653,47.36160402273463
19654,47.36160402273463
19655,47.36160402273463
19656,47.36160402273463
19657,47.36160402273463
19658,47.36160402273462
19659,48.475424781345836
19660,48.475424781345836
19661,48.475424781345836
19662,48.475424781345836
19664,48.47545597716632
19665,48.47545597716632
19666,48.80955800086128
19667,49.80606082617063
19669,49.80606082617063
19673,49.48518194818877
19675,49.49945551875203
19676,49.49945551875203
19677,49.49945551875203
19678,48.74943256081624
19679,48.55370509753466
19680,48.55370509753466
19681,48.55370509753466
19685,48.576415066315505
19689,48.40053510499409
19690,48.40053510499409
19691,48.033520836855324
19692,47.93893936827375
19694,47.93893936827375
19695,47.93893936827375
19699,47.93893936827375
19700,47.93893936827375
19701,47.95502654181518
19702,47.95502654181518
19703,47.95502654181518
19705,48.04060742608498
19706,48.04154649818096
19707,48.04154649818096
19708,48.04154649818096
19709,48.04154649818096
19710,48.04197910894413
19711,48.04197910894413
19712,48.04197910894413
19714,48.04197910894413
19715,48.04203582652574
19716,48.04203582652574
19717,48.04203582652574
19718,46.342637328543766
19721,47.421887781324536
19722,47.421887781324536
19724,47.460009060542745
19725,47.46000906054275
19726,47.57250902090682
19730,47.57250902090682
19731,47.57250902090682
19734,47.57250902090682
19735,47.57250902090682
19736,47.57250902090682
19737,47.56960165675279
19740,47.56960165675278
19742,47.56960165675278
19743,47.57271679293952
19748,47.57271679293952
19750,47.57271679293952
19751,48.03710539227036
19755,48.310773999472175
19757,47.55361118543412
19761,46.948407395431865
19762,46.94840739543186
19763,47.25113109805371
19764,48.05608654120569
19765,48.05608654120569
19770,47.911965508895136
19771,47.759417929971555
19772,47.70611967706644
19773,47.70611967706644
19774,47.70615116518256
19775,49.021998934847765
19778,49.02259684469446
19780,48.62278165491097
19781,48.64265013600319
19782,47.70981758903508
19783,47.70953655245867
19785,47.71707932266843
19786,47.71713784813136
19789,48.13721890024551
19791,48.31025552822688
19793,48.08309625304921
19795,47.97436011258223
19796,46.83727152175563
19799,46.83727152175563
19801,46.836673611908935
19803,46.97430885328497
19804,47.34911364849923
19807,47.34911364849923
19810,46.97430885328497
19811,46.97430885328497
19814,46.97430885328497
19815,46.76915832457962
19817,46.3947976751563
19819,46.39873106994144
19820,46.39873106994145
19821,46.40395074881024
19822,46.40395074881023
19824,46.40395074881023
19825,46.40395074881023
19827,46.7378834207955
19829,46.7378834207955
19830,46.683922426219084
19831,46.453131362298535
19832,46.461247033299976
19833,46.46124703329997
19834,46.28955814754581
19835,46.20994567908412
19836,46.21033633552187
19837,46.21033633552187
19838,46.21033633552187
19840,46.21033633552187
19843,46.21033633552187
19844,46.423290419970485
19845,46.127558672253784
19846,46.127558672253784
19849,46.31232845942427
19850,46.25694662976362
19851,46.25694662976362
19852,46.25694662976362
19853,46.18784313770562
19854,46.18784313770563
19855,45.98098953893305
19856,45.98098953893305
19857,45.98098953893305
19859,45.98098953893305
19862,46.03427991046191
19863,45.26436438502721
19864,45.26436438502721
19865,44.93647667930378
19866,44.93647667930378
19867,44.772005698197425
19869,44.55553664661659
19870,44.55553664661659
19871,43.91912290898748
19873,44.08160737941694
19876,43.44229101412471
19877,43.442291014124706
19878,43.41510829844145
19879,43.2679143547372
19880,42.53353983358245
19881,42.45336968867454
19883,42.45336968867454
19885,42.942883187745764
19887,42.942883187745764
19889,42.92530935190858
19890,42.92530935190858
19894,42.92763851421361
19896,42.92479957128977
19898,42.92479957128977
19902,43.01222540510055
19903,43.01222540510055
19907,43.85247174683822
19909,43.85633559587377
19910,43.85633559587378
19911,45.89973766223424
19913,45.89973766223424
19914,45.97227629829559
19915,45.97227629829559
19918,45.969197509978336
19919,45.969197509978336
19922,45.969197509978336
19923,45.17156459324147
19925,44.21498927104207
19926,44.21498927104207
19927,44.247709875196186
19928,43.01417068108154
19929,43.01417068108154
19933,42.88626223057972
19935,43.06019915926786
19938,43.06019915926786
19940,43.350204894554636
19941,42.88626223057972
19942,42.77706883041365
19943,41.73722516145742
19944,41.746653767748505
19946,41.815763154874006
19948,41.81577950215698
19949,41.806224139002445
19950,41.806224139002445
19951,41.82762025099278
19952,42.197773764334876
19953,42.17329177423311
19957,42.17329177423311
19958,41.90552212779282
19960,41.9225257966086
19961,42.220543553977066
19962,42.278662015417886
19963,42.220543553977066
19964,42.220543553977066
19967,42.22128565918888
19968,42.28840579873303
19970,42.77773619258361
19971,42.15370248825731
19977,42.087082340187834
19982,42.087082340187834
19983,42.087082340187834
19984,42.087082340187834
19985,41.91695414260077
19986,41.82151912257906
19987,42.37161240677813
19988,42.688462032582265
19992,42.70110959108783
19995,42.70110959108783
20001,42.73277991204057
20002,42.64983934261463
20003,42.404852475178615
20004,42.404852475178615
20005,42.459092161397706
20007,42.68420875549202
20008,43.25616220293374
20009,43.25616220293374
20010,43.25616220293374
20012,43.22525948883502
20014,43.22525948883502
20015,43.22525948883502
20016,43.22525948883502
20022,42.87260397827758
20024,42.76791748629933
20026,42.97684411195536
20027,42.97684411195536
20029,42.976976091705936
20030,42.976976091705936
20032,42.98264755259238
20035,42.98264755259238
20036,43.01669909974149
20037,42.112828926045744
20038,42.43386138625995
20040,42.43386138625995
20041,42.540450264871254
20042,42.540450264871254
20045,42.92254743742838
20046,42.540450264871254
20049,42.540450264871254
20050,42.53836739795156
20051,42.53836739795156
20052,42.607396386707826
20053,43.291148504343646
20055,43.291148504343646
20056,42.60988215643772
20058,42.61779064850578
20060,42.617790648505775
20061,42.75391471465015
20065,42.75534335809899
20066,42.75534335809899
20067,42.75534335809899
20070,42.75534335809899
20071,42.73826297006145
20072,42.73826297006145
20074,42.752102474579814
20075,43.002166599106374
20076,42.53394381481408
20078,42.54428386857219
20079,42.47996220113897
20080,42.47996220113897
20082,42.36492666378091
20087,42.213101569766124
20089,42.5255837584929
20090,42.5255837584929
20091,42.5255837584929
20092,42.5255837584929
20093,42.52984478814188
20098,42.52984478814188
20100,42.52984478814188
20101,42.17244370425037
20105,42.443445926242426
20106,42.443445926242426
20108,42.443445926242426
20109,42.38004653353738
20110,42.71344588890785
20111,42.71344588890785
20112,42.71344588890785
20114,42.9274844531121
20115,42.946901232827955
20117,42.946901232827955
20120,42.82685341760374
20121,43.083788673655576
20123,43.083788673655576
20125,44.660496390529204
20126,43.58113387924386
20127,43.456454417719215
20128,43.40796727011201
20129,43.792273249512434
20131,43.792273249512434
20132,43.792273249512434
20134,43.792273249512434
20135,43.734981662966156
20136,43.734981662966156
20137,43.44225415179949
20139,43.55931923782858
20141,43.583333800849196
20142,43.33001759636755
20145,42.507848925422394
20146,42.507848925422394
20149,42.507848925422394
20151,42.484951823395185
20152,42.12447876589373
20156,42.09945672776295
20157,42.09945672776295
20158,42.09945672776295
20159,42.09945672776295
20162,42.36675748547696
20163,42.36675748547696
20166,42.36675748547696
20168,42.645359907819945
20169,42.645359907819945
20172,42.84670781762662
20173,43.39160666782767
20174,43.39166290093164
20175,43.39166290093164
20176,42.86167025359534
20178,42.86167025359534
20180,42.86167025359534
20182,43.219654585526264
20183,43.187053114053896
20185,43.187053114053896
20186,43.8169768502138
20187,43.8169768502138
20188,44.40471261627786
20191,44.40471261627786
20192,44.01980304573804
20195,43.91516019274994
20198,43.93346711814097
20200,43.93346711814097
20201,43.82069264554395
20202,43.82118386822103
20205,43.82118386822103
20206,43.82120951960235
20207,43.82142157325116
20208,43.821421573251165
20209,42.53905196971578
20211,42.531324797546965
20212,42.5115145700848
20213,42.51142258380358
20216,42.511422583803586
20217,43.38813419970807
20220,43.41129714416099
20222,43.41670623933373
20224,43.407277633042646
20225,43.407277633042646
20227,43.407277633042625
20228,43.243894901121266
20229,43.243894901121266
20230,43.243894901121266
20231,44.75220243045435
20233,44.75220243045435
20234,44.75220243045435
20236,44.90779149117055
20237,44.91334280266593
20239,44.91334280266593
20240,44.91334280266593
20241,44.91334280266593
20242,44.91715033827354
20243,44.91715033827354
20245,44.91715033827354
20246,44.90065639897732
20247,44.90549844733925
20248,44.90549844733925
20249,44.92404396744965
20250,45.51228486928524
20252,46.00100309548655
20254,46.00100309548655
20257,46.00100309548655
20258,45.76523002589301
20259,45.765329029193296
20260,45.765329029193296
20261,45.73396974397992
20264,45.78777867147716
20265,45.78777867147716
20266,45.78777867147716
20269,45.78777867147716
20270,45.1534981487296
20271,45.3206533003637
20272,45.3206533003637
20273,45.77598616694651
20276,45.3206533003637
20277,45.3206533003637
20279,44.353894853277716
20280,45.339817993476174
20281,45.339817993476174
20282,45.18941684503258
20285,45.16499174010199
20286,45.164991740101996
20289,45.164991740101996
20291,45.164991740101996
20292,45.164991740101996
20293,45.164991740101996
20296,45.164991946542365
20300,45.164991946542365
20301,44.85724762355637
20302,44.85724762355637
20304,44.85724762355637
20306,45.40729371584887
20307,45.497965695147556
20309,45.497965695147556
20310,45.55525910560402
20311,45.55525910560402
20312,45.55525910560402
20313,45.55525910560402
20315,45.55525910560402
20316,45.61538851345396
20317,45.62074735058507
20319,45.62074735058507
20320,46.22224506804411
20323,46.94056864979071
20325,46.94056864979071
20326,46.94056864979071
20328,46.94056864979071
20329,46.94056864979071
20331,46.94056864979071
20335,46.8869365433542
20336,46.88932423907196
20337,46.88932423907196
20338,46.88932423907196
20341,46.99327599610358
20342,46.99327599610358
20345,46.99316563774223
20346,46.74513823459184
20347,46.74513823459184
20349,45.97065555034051
20351,45.971176385089365
20353,45.97181245521239
20355,45.97181245521239
20356,45.97606846611358
20357,45.0059284036714
20359,45.00601219553129
20361,45.00549136078243
20362,45.00549136078243
20363,45.00549136078243
20365,45.00549136078243
20366,45.13233222926354
20368,45.13233222926354
20369,46.13291240790351
20370,45.84047421188477
20371,45.1383005667029
20372,45.14188510692244
20373,45.090409563766734
20379,45.091830137262626
20381,45.69167839298067
20383,45.69167839298067
20384,45.58772663594905
20385,45.59832876545199
20386,45.59832876545199
20389,45.59832876545199
20391,44.81259145293909
20392,44.81279520513211
20394,45.23109576611122
20395,45.23109576611122
20396,45.23116793429133
20398,45.231170520722635
20399,45.230918202666636
20400,45.233582791126636
20401,45.233582791126636
20404,45.2781133059043
20407,45.2781133059043
20409,45.2781133059043
20410,45.941630714065134
20411,45.938980267491154
20414,45.941971050879076
20416,45.941971050879076
20418,45.941971050879076
20421,45.941971050879076
20423,45.94494521626584
20424,45.95548745858651
20425,45.959607818064065
20426,46.755600701461674
20428,46.75868198926779
20431,46.75868198926779
20432,46.757534486868025
20433,46.757534486868025
20434,46.757534486868025
20436,46.524854141982466
20437,45.97941454281211
20438,45.27119447234391
20439,45.27119447234392
20440,45.27119447234392
20441,45.27119447234392
20442,44.53475978476286
20443,44.53475978476287
20444,44.53475978476287
20445,44.53475978476287
20446,44.58269741082405
20447,44.58272359747323
20449,44.670901433021854
20450,45.35254465706938
20451,45.35254465706938
20453,45.35254465706938
20456,45.308852145913
20457,45.308852145913
20460,45.308852145913
20461,45.308852145913
20462,45.308852145913
20463,45.3050690473315
20464,45.30507741906494
20465,45.94831054949431
20466,45.48382786798669
20468,46.052670230392835
20469,46.5709538811405
20470,46.5709538811405
20471,46.5709538811405
20475,46.5709538811405
20476,46.57112410229877
20478,46.54568114963473
20479,46.70643732553073
20481,47.04590006127664
20482,47.5335982602477
20483,47.89386164405961
20484,47.89386164405961
20485,47.67890885929074
20486,47.473071595698556
20487,47.48873807734269
20488,47.48873807734269
20490,47.553389182386276
20492,47.55338918238628
20493,47.553726327545675
20494,47.56605140279336
20496,47.57294434699273
20498,47.57294434699274
20499,47.572492205513335
20500,47.75672913590735
20501,47.75672913590735
20502,47.79836669678663
20503,47.79836669678663
20504,47.83633241501679
20505,47.836332415016784
20507,47.55491421676663
20508,47.55577805512584
20509,47.506200635364664
20511,48.081607010328
20513,48.871390425974425
20516,49.16844854342621
20517,49.00786353501866
20518,49.00786353501866
20520,49.00786353501866
20522,49.00788128850696
20524,49.0079036183633
20525,49.00790361836329
20526,49.00790361836329
20527,49.00790361836329
20531,49.00790361836329
20532,49.00261461785836
20533,49.006772276141504
20535,49.0067722761415
20536,49.0067722761415
20538,49.04040737309027
20542,49.04040737309027
20543,49.04040737309027
20547,49.04040737309027
20549,49.04040737309027
20551,49.04040737309027
20552,49.04040737309027
20553,49.06228686248546
20555,49.06228686248546
20556,49.06228686248546
20557,49.05125951014167
20558,49.05125951014167
20560,50.8347343517806
20562,51.072040963197
20563,51.072040963197
20564,49.86582620247612
20565,49.585679808915344
20567,49.585679808915344
20568,49.585679808915344
20569,49.5060765298059
20570,49.506076529805895
20571,49.506076529805895
20572,49.506076529805895
20573,49.50712559117354
20575,49.507123018010304
20577,50.51651247072285
20579,50.436768250628774
20580,50.046941713950524
20581,50.04694171395052
20582,50.385564221938445
20583,50.385564221938445
20584,50.385564221938445
20585,50.390202568866556
20587,50.390202568866556
20590,50.390202568866556
20591,50.390202568866556
20593,50.390885113407705
20594,50.39088511340771
20595,50.39088511340771
20597,50.40115025781061
20598,50.46714888448011
20599,50.46714888448011
20601,50.68994127302183
20602,49.48095431523169
20603,48.64888094973184
20606,48.64888094973184
20607,48.64888094973184
20608,48.64888094973184
20609,48.65266772642399
20610,48.30464824014815
20611,48.30464824014815
20614,48.30464824014815
20615,48.30464824014815
20616,48.30464824014815
20617,48.30464824014815
20618,48.30680770855423
20620,48.33121685837476
20622,49.398727624558646
20623,49.398727624558646
20624,49.398727624558646
20626,49.398727624558646
20627,49.398727624558646
20628,49.40579597250889
20629,49.40579597250889
20630,48.35695268348132
20634,48.35695268348132
20635,47.569230772168716
20636,47.569230772168716
20637,47.59352201733232
20638,47.59352201733231
20640,47.59352201733231
20641,47.594154960541594
20642,47.5941549605416
20643,47.5941549605416
20644,47.54093009963731
20645,47.54093009963731
20646,47.54093009963731
20647,47.54093009963731
20648,48.64344050755422
20649,48.576455376083416
20650,48.576455376083416
20652,48.73095564782748
20654,49.09271929909434
20656,49.45137136638871
20658,49.45137136638871
20660,49.45137136638871
20661,48.11867045633453
20662,48.11867045633453
20663,48.11867045633453
20664,48.11867045633453
20665,48.328190328742934
20669,48.34257974416114
20670,48.235866065279495
20671,48.39219103552539
20673,48.39219103552539
20675,48.2214690079081
20677,48.221469007908105
20678,48.193980633311575
20679,49.14229396245799
20680,49.1423103103186
20686,47.93298472072779
20689,47.93298472072779
20690,47.93298472072779
20691,47.93298472072779
20692,47.93298472072779
20693,47.133723307182
20694,47.08121433117833
20696,46.989945183222154
20697,46.32131829533003
20698,46.32131829533003
20701,46.198022488589416
20703,46.178373703174536
20706,46.178373703174536
20708,46.178373703174536
20709,46.1785670328949
20710,46.18503876373702
20712,46.160747518573416
20713,46.23489413579264
20715,46.23489413579264
20718,46.23489413579264
20719,46.76315785408939
20720,46.75345861735725
20721,46.75345861735725
20723,47.12594803901699
20724,47.12594803901699
20725,47.12594803901699
20727,46.82029137822412
20728,46.82371582105236
20730,46.823862878873435
20731,46.823862878873435
20733,46.823862878873435
20735,47.035687950571024
20737,47.035687950571024
20738,47.035003037701514
20739,47.035003037701514
20740,46.98210540031445
20743,46.98210540031445
20744,46.97746705338634
20745,46.97746705338634
20746,46.59260269213522
20748,46.59260269213522
20749,46.59260269213522
20750,46.59260269213522
20752,46.59260269213522
20753,46.62712370699739
20754,46.55403118231838
20755,46.55403118231838
20756,45.83321354484377
20757,46.160290886342324
20758,46.683278583276724
20759,46.22198468837556
20760,46.22198468837556
20761,46.22198468837556
20762,46.22198468837556
20764,46.323040472849485
20765,46.22198468837556
20766,46.22420249544657
20767,46.22420249544657
20768,46.22420249544657
20771,46.576181663008924
20773,46.52368782048394
20774,46.208714784316655
20775,46.20871515179924
20777,46.22597209669508
20779,46.22597209669508
20780,46.233250828105334
20781,46.233250828105334
20787,46.233250828105334
20788,45.869699050393294
20789,45.86748124332228
20790,45.86458456794468
20792,45.646546702452326
20793,45.646546702452326
20795,45.646546702452326
20796,45.646546702452326
20797,44.684340081407505
20798,44.765078367709094
20800,44.765078367709094
20801,44.765078367709094
20802,45.696402471020654
20803,45.65890356327468
20804,45.65890356327468
20805,45.65890356327468
20806,45.93530197764062
20810,45.93530197764062
20812,45.69033822602546
20813,45.69033822602546
20814,45.297732107517795
20818,45.58000613453033
20824,45.297732107517795
20826,45.297732107517795
20829,45.297732107517795
20830,45.66174785099538
20831,45.66210164983333
20832,45.66210164983333
20835,45.66210164983333
20837,45.66210164983333
20840,45.66210164983333
20842,45.66210164983333
20843,45.397065044137385
20844,45.397065044137385
20848,45.451102174051115
20850,45.52343186564576
20852,45.52343186564576
20853,45.52325705305738
20854,45.52325705305738
20855,45.52325705305738
20858,45.793640535011185
20864,45.793640535011185
20865,45.80845726302105
20866,44.93191557141849
20868,44.5638061560002
20869,44.589977020889194
20871,44.59459558741132
20872,45.37757588851502
20876,45.37757588851502
20877,44.624735560741655
20879,44.463315450889056
20880,44.365329968935136
20882,44.29270747081127
20883,44.29270747081127
20884,44.29270747081127
20885,44.17324658512779
20888,44.3386592606251
20889,44.3386592606251
20890,44.3400001226489
20891,45.133994380409995
20892,45.13558354243845
20894,45.13558354243845
20895,44.78177596517995
20896,44.78177596517995
20898,44.78177596517995
20900,44.519414889436725
20901,44.4866379568092
20902,44.55374805118908
20904,43.85670145141681
20908,43.85670145141681
20909,43.856726419803714
20910,43.85672641980372
20911,43.88609009436296
20913,44.03104860833231
20914,44.03104860833231
20916,44.04705147838745
20917,43.80468802915913
20918,43.80468802915913
20919,43.655508119525464
20920,43.614605139846354
20921,43.614605139846354
20922,43.614605139846354
20923,43.62392653023702
20924,43.614605139846354
20926,43.3617252196199
20934,43.3617252196199
20935,43.3617252196199
20936,43.37949793178685
20937,43.37949793178685
20940,43.50840178295699
20941,43.67745683620038
20943,43.67745683620038
20944,43.67745683620038
20947,43.67745683620038
20951,43.67745683620035
20952,43.68180661599317
20953,43.68211076155651
20954,43.505630472878934
20955,43.452552316275415
20956,43.47072162618278
20957,43.47072162618278
20960,43.472281221946375
20961,43.47287734472585
20962,43.452248170712075
20963,43.522888259742345
20964,43.522888259742345
20965,43.44320952033905
20966,43.44320952033905
20967,43.465931376385356
20968,43.46646121312067
20969,43.46646121312067
20973,43.46646121312067
20976,43.46646121312067
20979,43.44952469981263
20980,43.900934685216114
20981,43.89595082142245
20982,44.746278896819085
20983,44.64657830462816
20984,44.64657830462816
20985,44.64657830462816
20986,44.64657830462816
20988,44.64657830462816
20989,44.64657830462816
20991,44.64657830462816
20992,44.64657830462816
20993,44.64657830462816
20994,44.64657830462816
20995,44.64657830462816
20996,44.64657830462816
20997,45.8690798553219
20998,45.8690798553219
21000,45.18981346681379
21001,45.18981346681379
21002,45.18981346681379
21003,45.18981346681379
21004,45.19058189893929
21007,44.414308852960744
21009,44.41438843099115
21010,44.41438843099117
21014,44.332249566183044
21016,44.33225205768252
21017,44.33225205768251
21018,44.06261518025688
21019,43.876764991372305
21020,43.87734058490905
21021,43.87469470627002
21022,43.87516936540469
21024,43.875169365404695
21025,43.877135669363824
21026,43.87884871896231
21027,43.879321308940625
21028,45.36949774710291
21029,45.36965006263198
21030,45.37013718628294
21031,46.070415581841644
21032,46.07958817152935
21033,46.07958817152935
21034,46.504627283449416
21035,46.16600477546149
21037,46.080757404751836
21038,46.080757404751836
21039,45.81016830477299
21041,45.81016830477299
21044,45.81016830477299
21050,45.81016830477299
21051,45.93325147459824
21054,45.93325147459824
21055,45.558112614925406
21056,45.558112614925406
21057,45.558112614925406
21059,45.35404095313714
21060,45.35404095313714
21061,45.35404095313714
21062,45.35404095313714
21064,45.35404095313714
21066,45.35404095313714
21067,45.36037072959031
21068,45.225227454759576
21069,45.225243946240056
21070,45.22371568473734
21072,45.22387278716986
21075,45.22387278716985
21077,45.52415669497903
21079,45.463793249079686
21080,45.46606056506855
21082,45.4655734414176
21084,45.46557344141759
21085,45.46557344141759
21088,45.58519958209031
21092,45.663131920927384
21094,45.66354315739366
21095,45.663728613626816
21098,45.58519958209031
21099,45.13599870805496
21100,45.220400156621196
21101,45.34411500636007
21102,45.34728444996532
21103,45.347267958484835
21104,45.347267958484835
21105,45.32106054125611
21106,45.419941189967474
21107,45.419941189967474
21108,45.419941189967474
21110,45.419941189967474
21111,45.419941189967474
21114,45.419941189967474
21117,45.419941189967474
21118,45.590051506397494
21119,45.46296655439708
21121,45.46296655439708
21122,45.41010768232957
21125,45.15933897504019
21126,45.09874091935448
21129,45.09874091935448
21130,45.09874091935448
21131,45.328491317540795
21133,45.32910026578404
21136,45.27242848001379
21138,45.27242848001379
21141,45.27242848001379
21142,45.196668929620984
21143,45.196668929620984
21144,46.38739347785295
21145,47.39950126415225
21146,47.41264441070207
21147,47.41264441070207
21149,47.455217505974105
21150,47.25710918529621
21153,47.25710918529621
21155,46.94410259477951
21159,46.94410259477951
21164,46.94410328638
21168,47.73955981886279
21170,47.73955981886279
21172,47.73955981886279
21173,47.34803184583197
21174,46.90199586153261
21175,46.90200545459795
21176,46.90200545459794
21177,47.15204679244791
21179,47.15204679244791
21180,47.38941111798954
21181,47.40876650846379
21182,47.408766508463785
21183,47.408766508463785
21184,47.408847737109646
21185,47.41284927962366
21186,46.674929829026134
21187,46.674929829026134
21189,46.936375544845866
21190,46.86795999345535
21191,46.80889232822547
21192,45.948013654812726
21193,46.06193886771685
21197,46.06193886771685
21201,46.06193886771685
21204,46.06193886771685
21205,45.949068189291346
21207,45.73787535357026
21208,45.73787535357026
21211,45.73787535357026
21212,45.98135951145256
21213,45.98135951145256
21217,46.06359242328721
21219,46.06359242328721
21221,45.87239024898968
21222,46.256358529341895
21224,45.435047926343
21227,45.435047926343
21230,45.29880707194669
21231,45.29880707194668
21232,45.29563762834143
21233,45.295328680715464
21234,45.29532868071546
21237,45.29532868071546
21239,45.38820602432129
21242,45.25666714020826
21244,45.25665754714292
21245,45.51094342091715
21246,45.534744297623725
21249,45.534744297623725
21253,45.534744297623725
21254,45.534744297623725
21255,45.53731158519562
21258,47.30821952805767
21260,47.30821952805767
21261,47.30821952805767
21263,47.30821952805767
21265,47.30821952805767
21266,47.30868705699289
21267,47.30868705699289
21269,47.30868705699289
21270,46.666986402542456
21271,46.666986402542456
21272,46.666986402542456
21273,46.70323442968524
21274,46.56815514375948
21277,46.5789462783559
21278,45.72264144519704
21279,45.92924870161383
21280,45.32064564451736
21282,45.32098377561988
21284,45.32098377561988
21285,45.32098377561988
21286,45.32098377561988
21288,45.348510062477494
21289,45.348510062477494
21290,45.348510465789296
21292,45.348510465789296
21293,45.193638296936086
21294,45.193638296936086
21297,46.123852194306565
21298,46.13922119633015
21299,46.14056465264905
21302,45.44888314833191
21307,45.14267765918843
21311,45.0962956180459
21313,45.097679039279875
21314,45.02036499312478
21315,45.02036499312478
21319,45.02036499312478
21320,45.02036499312478
21321,44.915722274414634
21325,45.11444625314628
21326,44.69862069822495
21327,44.69384613801519
21328,44.9939422577693
21329,44.88434533094251
21332,45.62971007957137
21333,45.62971007957137
21334,45.53374684381231
21335,45.53374684381231
21336,45.53374684381231
21337,45.53374684381231
21339,45.53374684381231
21346,45.24671739547787
21348,45.24671739547787
21350,44.97463971976053
21351,44.97463971976053
21352,44.36764077740289
21357,44.15133734736371
21358,44.06927566894804
21363,43.96843328219183
21367,43.96843328219183
21368,43.96910180527383
21369,43.716696389807616
21370,43.134956710535555
21374,43.13495671053556
21376,43.13495671053556
21378,43.19846386603509
21381,43.19846386603509
21384,43.220377390045584
21385,43.22037739004558
21386,43.21411701380331
21387,43.21411701380331
21388,43.21411701380331
21389,43.21411701380331
21390,43.21411701380331
21395,43.21411701380331
21397,43.24280086952689
21398,43.24280086952689
21399,43.264545892054606
21400,43.264545892054606
21403,43.25412377641219
21404,43.25412377641219
21406,43.91575274174117
21407,44.143752949177
21410,43.91575274174117
21414,44.270498184617516
21415,44.352228358282304
21417,44.352228358282304
21419,44.794072172938925
21420,44.794072172938925
21421,44.79046145457773
21423,44.67288266591698
21424,44.810729993111224
21425,44.810729993111224
21426,44.67609733140856
21428,44.67609733140856
21430,44.866921083485494
21432,44.866921083485494
21437,45.16640376789395
21438,45.16640376789395
21439,45.16640376789395
21441,45.13307427141725
21442,45.4554784684127
21443,46.92613030521994
21446,47.072996972664775
21447,47.07299697266477
21448,47.07299697266477
21449,46.58283696363969
21451,45.87336344533685
21452,45.87336344533685
21453,45.942108862042446
21454,45.94484341233262
21455,45.94484341233263
21456,45.94484341233263
21458,45.49146239451988
21459,45.491462394519885
21460,46.05729509558516
21462,46.05729509558516
21463,46.104467580774596
21464,46.104467580774596
21465,45.67934860132617
21467,45.46365536653739
21469,45.46365536653739
21470,44.474027459711365
21471,44.64372276398663
21472,44.640122004712886
21473,44.64339093224036
21474,44.39233104339981
21477,46.232128513108655
21478,46.232128513108655
21479,44.47279834376054
21480,44.47279834376053
21482,44.47324228696713
21485,44.47324228696712
21489,43.62620805892515
21491,43.62620805892515
21492,43.84767606400632
21496,43.85278662760125
21497,44.234531964962514
21498,43.585002454264995
21499,44.27680101150273
21501,44.51790162492626
21502,44.5197962181563
21504,44.52054649597519
21505,44.5180367028827
21506,44.518036702882696
21508,44.73462250774067
21509,44.73462250774067
21511,44.611400837363696
21513,44.197097331947596
21514,44.197097331947596
21515,44.31531197021073
21516,44.31531197021073
21518,44.31531197021073
21519,44.62549317398573
21520,44.77366116866621
21521,44.663297710378316
21529,44.663297710378316
21530,45.56304698874028
21531,45.989757206304645
21532,45.989757206304645
21533,45.95953508238027
21534,45.94325617598028
21535,45.94325617598028
21537,45.94325617598028
21538,46.00197404566686
21539,46.00197404566686
21540,46.00197404566686
21544,46.00197404566686
21545,46.2214222316294
21546,46.22144394183091
21549,46.22144394183091
21550,45.99997593674974
21552,45.16606604655237
21553,45.16606604655237
21555,45.76532884560254
21557,45.76532884560254
21558,45.76532884560254
21560,45.76532884560254
21561,45.76532884560254
21562,45.996099228455115
21563,45.76532884560254
21565,45.76532884560254
21566,45.7800827292091
21567,45.7800827292091
21568,45.7800827292091
21569,45.78015196723356
21570,45.780151967233564
21571,45.780151967233564
21572,45.79446807959846
21575,45.501521775783615
21577,45.40573206035708
21578,45.40573206035708
21579,45.40573206035708
21580,45.395951259710344
21582,45.305447297935075
21583,45.982581678783745
21584,45.982581678783745
21587,45.98273869784323
21588,47.502133205600494
21589,47.50214707916417
21591,47.1780082001744
21593,47.178008200174396
21594,47.178008200174396
21595,47.16523740554235
21596,47.16523740554235
21597,47.61093837095725
21598,47.11878294042486
21601,47.11878294042486
21602,47.11878294042486
21603,47.11878294042486
21605,47.14882350634796
21606,46.266551886445335
21607,46.29043483217673
21609,46.290434832176736
21610,45.57517330615102
21611,45.57517330615102
21612,45.12813351259103
21613,45.10275615932272
21614,45.10275615932272
21616,45.10275615932272
21617,45.281545507901505
21618,45.2580697079426
21620,45.28856042624887
21621,45.346942808458785
21623,45.29240227555313
21627,45.64337679015761
21629,45.64458158292099
21631,45.644581582921
21632,45.07096486922524
21634,45.07096486922524
21636,45.07096486922524
21637,44.360202018295674
21640,43.872461202919496
21641,43.872461202919496
21643,43.872461202919496
21645,43.872461202919496
21646,43.872573807577105
21648,43.872573807577105
21650,44.0837679990472
21653,44.02390564941411
21654,43.927545989317565
21655,43.790468683691444
21656,43.790468683691444
21657,43.790468683691444
21660,43.74693913032702
21661,43.79145198738325
21662,43.996065628456215
21664,43.996065628456215
21665,43.996065628456215
21666,43.996065628456215
21668,43.996065628456215
21669,43.996065628456215
21671,43.996065628456215
21673,44.741716580503144
21677,44.715813659324304
21679,45.12074396303433
21683,44.97218463300061
21684,44.97218463300061
21685,44.97218463300061
21687,44.97218463300061
21690,44.97218463300061
21691,45.051202729498556
21693,45.051477029467264
21694,45.051477029467264
21695,45.05151394351594
21697,45.050194459982386
21700,44.97497157670289
21701,44.99876951985696
21702,44.998769519856964
21703,45.00008900339052
21706,45.000522117825
21708,45.000522117825
21710,45.000522117825
21711,45.551482270419804
21712,45.551482270419804
21714,45.551482270419804
21715,45.10322405358026
21716,45.10415125850824
21717,46.039205432244195
21718,45.02299867764734
21719,45.022613378948634
21720,45.022613378948634
21721,43.95009990546233
21723,43.95009990546233
21724,43.66209415724135
21725,43.66209415724135
21727,43.66209415724135
21728,43.66209415724135
21729,43.66209415724135
21730,43.66209415724135
21732,44.10866518976731
21733,44.109602738915946
21734,43.23967980506152
21736,44.334286056038195
21737,44.334286056038195
21739,44.334286056038195
21741,44.595942581849194
21746,45.0475831244096
21749,44.41789151075831
21750,44.334286056038195
21751,44.33436165030437
21752,44.33436165030437
21754,44.32800869970031
21755,44.44901546589201
21756,44.10488524501897
21757,44.10488524501897
21758,43.918601996315296
21759,43.82915510540232
21763,43.7880635298061
21766,43.7880635298061
21768,43.43223072969652
21769,43.43238028279245
21770,43.30272856867327
21771,43.30272856867327
21773,43.30272856867327
21775,43.30272856867327
21776,43.308195761559254
21777,43.308195761559254
21778,42.79366729528324
21779,42.79366729528324
21781,42.67998371243749
21782,43.03124932368132
21783,43.99109637909953
21784,43.44713971923513
21786,43.44713971923514
21787,43.44713971923514
21788,44.160049970423145
21789,43.55530178114375
21792,43.59962039958774
21793,43.44713971923514
21794,43.83922520409745
21797,44.08452464184432
21798,44.29460886095621
21802,45.577581121395866
21803,44.870010786519494
21806,44.870010786519494
21807,45.029995386338705
21808,45.029995386338705
21809,44.429821790274545
21811,44.429986930133026
21814,44.93373048076923
21815,46.024803911554045
21816,45.64542510648775
21817,45.0530132756316
21818,44.948949066164396
21819,44.94894906616439
21820,44.94894906616439
21822,44.98212975299924
21823,44.683495609862916
21824,44.683495609862916
21825,44.683495609862916
21827,44.683495609862916
21828,44.683495609862916
21831,44.683495609862916
21832,44.683495609862916
21833,44.662725737315924
21835,44.88728257481299
21838,44.88728257481299
21840,44.8876358277103
21842,44.87119415265044
21847,44.724164577182044
21852,45.28526320560005
21854,44.94379123973609
21856,44.977010438675585
21857,44.97701043867557
21859,44.97701043867557
21860,44.89401684437472
21861,44.894016844374725
21862,44.27773642732577
21863,44.29114922276043
21865,44.43312196913256
21867,45.68066875075596
21869,45.68066875075596
21871,45.684432114442366
21873,45.68567154516755
21875,45.68567154516755
21878,45.32923930089874
21879,45.35587119294505
21880,45.35587119294505
21881,45.35587119294505
21882,45.35587119294505
21883,45.249455143548126
21884,46.643360131399504
21886,46.643360131399504
21887,45.618242772597746
21888,45.61824277259775
21891,46.21332853667988
21892,46.21533182799704
21894,46.12176114696178
21895,46.12176114696178
21896,45.88854154287163
21897,45.88854154287163
21898,45.57893451427537
21899,44.611508978856214
21900,44.67379565123819
21902,44.388477900737534
21903,44.388477900737534
21904,44.32316676625555
21907,44.90837036910542
21909,44.90846012333474
21911,44.83528492708223
21913,44.62227590421288
21917,44.304643631493626
21919,44.537896470332754
21922,44.304643631493626
21924,44.68971243229351
21925,44.52614166703867
21926,44.52614166703868
21927,44.52614166703868
21931,44.53868362390776
21935,44.53868362390776
21936,44.53868362390776
21937,44.34337592078955
21940,44.19393481449005
21941,44.19088061491546
21943,45.12676401625244
21944,45.00607816378984
21945,45.40895339373197
21947,45.00607816378984
21949,44.98934202678732
21950,45.52471108961532
21952,45.68942946876428
21953,45.70899393418625
21954,45.92309167737718
21955,45.92309167737718
21957,45.92309167737718
21959,45.92301116629401
21961,45.92301116629401
21962,45.60057677645126
21964,46.011396401290376
21966,46.2324677628436
21967,46.232467762843605
21970,45.76646946551961
21973,45.70298694061029
21974,45.54733029559542
21976,45.54733029559542
21979,45.57453928252803
21980,45.57444952829871
21982,45.780865780996855
21983,45.780865780996855
21984,45.783775998548556
21988,45.783775998548556
21990,46.091773004966875
21997,46.092832663393125
21999,46.45740803099542
22000,46.45900222903053
22001,45.118865549724454
22002,45.094872719714644
22004,44.685880669665615
22005,44.68588066966562
22007,44.68588066966562
22011,44.13017534123456
22012,44.13017534123456
22014,44.20806030589899
22018,44.06293691203639
22019,43.80913922562232
22021,43.76407606304051
22023,43.76407606304052
22025,43.76407606304052
22026,42.045956487996875
22027,41.963897165422736
22028,41.89888933252507
22029,41.40575607492883
22031,41.179948675250856
22032,41.04454063548082
22034,41.04454063548082
22037,41.10860312692744
22039,41.11894566135488
22041,41.11894566135488
22044,40.874519395943885
22045,40.877247469956146
22046,40.857881637804475
22048,42.25487302978802
22049,42.25212729253284
22050,42.01760613606158
22051,42.01760613606158
22052,42.01760613606158
22053,42.01760613606158
22056,42.01760613606158
22058,42.03517402988451
22060,42.03517402988451
22061,42.03517402988451
22062,42.03517402988451
22063,42.03517402988451
22064,42.03517402988451
22065,43.07585959794516
22066,43.07585959794516
22067,43.07585959794516
22068,43.51951655746407
22069,43.52049679227954
22070,43.5279174383009
22071,42.32205463132497
22072,42.32205463132497
22075,42.32205463132497
22076,42.32205463132497
22077,42.32205463132497
22079,42.39638949739829
22080,42.39638949739829
22081,42.40993300734955
22082,42.40993300734955
22084,42.40993300734955
22085,42.40993300734955
22086,43.48449286448099
22087,42.26485038186629
22090,42.26485038186629
22091,42.26485038186629
22093,42.320654554514334
22094,42.320654554514334
22097,42.320654554514334
22099,42.320654554514334
22100,43.391818698917746
22101,43.67047474255345
22102,44.38337018373592
22104,44.38337018373592
22105,44.38337018373592
22106,46.14638583443086
22107,46.14638583443086
22109,46.40805742728157
22110,46.71474291613001
22111,48.30283985656354
22112,48.30696274811236
22113,48.30696274811236
22115,48.30696274811236
22118,48.30696274811236
22119,48.30696704979569
22121,48.30284415824687
22125,48.29177269145429
22128,48.24759141334806
22130,48.42338058029195
22131,48.410563430728835
22132,47.92533020522492
22135,48.31076872935419
22136,47.93716922013125
22138,47.924942430773676
22139,48.11949217754466
22141,48.279220152477734
22144,48.27922015247774
22145,48.27922015247774
22148,48.27922015247774
22149,48.291119170229315
22151,48.291119170229315
22153,48.43648749453302
22154,48.51049263806777
22155,48.51144730469158
22158,48.51144730469158
22163,48.450457410241874
22164,48.88941827272793
22165,48.879214133556474
22166,48.40023429812129
22167,47.952890887513405
22168,47.95817594989783
22170,47.95817594989783
22171,48.316034163844996
22172,48.316034163844996
22175,48.12263052592654
22177,48.12263052592654
22178,48.12263052592654
22179,47.97920371694695
22180,47.979448100840365
22181,47.99624413503141
22182,47.97971088366113
22183,47.97971088366113
22184,47.97971088366113
22185,47.97971088366113
22186,47.97971088366113
22189,47.97971088366113
22193,48.00795022974406
22194,48.35132903226285
22196,48.35132903226285
22198,48.3537281809999
22199,48.3537281809999
22200,48.3537281809999
22202,48.3537281809999
22203,48.3537281809999
22205,48.3537281809999
22206,48.370661718052375
22207,48.370703169677306
22208,48.370703169677306
22210,48.36928157604658
22211,48.36328160294823
22212,48.36328160294823
22213,48.77234812106954
22215,48.27137407476304
22216,48.271374074763045
22217,47.73964626262633
22218,47.73964626262633
22221,47.99457313594962
22222,47.83612956098148
22226,48.0063679663993
22228,48.0063679663993
22229,48.0063679663993
22230,48.21729067265124
22231,48.62634231851041
22233,49.324195150703275
22234,49.324195150703275
22235,49.32468886250916
22237,50.39186335283157
22238,49.796830920684165
22240,49.796830920684165
22241,49.796830920684165
22243,49.796830920684165
22246,49.796830920684165
22247,50.19009479230285
22248,50.19009479230285
22249,50.19009479230285
22251,50.19009479230285
22254,50.19009479230285
22255,50.19009479230285
22256,50.19009479230285
22257,50.076414205911256
22259,50.07684238939066
22260,50.08775748276207
22261,50.08775748276207
22263,49.63021963651709
22265,49.63575532732505
22267,49.49993302845038
22268,49.981432533166746
22269,49.95578777528816
22271,49.955787775288165
22273,49.955787775288165
22275,50.23141532230125
22277,49.33450615494609
22278,49.33450894950905
22279,49.33848952438925
22280,49.33848952438925
22281,49.338768112769934
22282,49.3728477606644
22283,49.373127758967435
22284,50.03846502931682
22285,50.03846502931682
22286,50.03997638445261
22287,50.03997638445261
22288,48.54781292866527
22289,47.44817572195241
22291,47.8230939763962
22294,47.125241144203336
22296,47.515255791513546
22297,47.515255791513546
22298,47.52544127923748
22301,47.498473654287146
22303,47.4015855172228
22304,47.30915931486993
22305,47.18894278264078
22307,47.23325123870764
22308,47.23325123870764
22309,46.44298130083829
22310,46.42248764423747
22312,46.42248764423747
22313,46.92750231276957
22317,46.92750231276957
22318,46.92750231276957
22319,46.92750231276957
22321,46.92750231276957
22322,46.91575847691566
22323,46.79999348922721
22325,46.898105860421516
22327,47.13425307199507
22328,46.91467046813536
22329,46.91467046813536
22331,47.18271854130569
22332,47.718692776005234
22334,47.16871623909021
22337,48.40694731965972
22338,48.60302762331477
22339,48.62278595798367
22342,48.655423552124816
22343,48.65706555957917
22345,48.65706555957918
22346,48.65706276501622
22348,47.96683725807011
22349,47.96683725807011
22351,47.96799987846066
22355,48.466984616088084
22356,48.466984616088084
22357,48.466984616088084
22358,48.466984616088084
22360,48.466984616088084
22361,48.476666056522895
22363,48.476666056522895
22364,48.476666056522895
22367,48.477343277145685
22369,48.47734327714569
22371,47.526035546366586
22373,49.672136382177996
22374,50.28217548992221
22375,50.28217548992221
22376,50.284101029642244
22379,50.284101029642244
22381,50.284101029642244
22382,49.39541653340751
22383,49.62089154934973
22384,50.016161585709426
22386,50.02021610266433
22387,50.260221051207
22389,50.260221051207
22390,49.32668180872145
22393,49.41148483464646
22394,49.41148483464646
22395,48.493253356832184
22396,48.72502712207765
22397,48.72502712207765
22398,48.72502712207765
22399,48.72502712207765
22400,48.72502712207765
22401,48.72502712207765
22402,48.72618634190688
22404,48.72618634190688
22407,48.72618646935181
22408,49.03286753976072
22410,48.600260940551436
22411,48.6021792762606
22413,48.60217927626061
22418,48.60217927626061
22419,48.60217927626061
22422,48.65431312938968
22423,48.32831211947532
22424,47.38140646445379
22425,47.38140646445379
22426,47.38140646445379
22428,48.31405704336329
22430,48.71721104066131
22431,48.719753314987734
22432,48.719753314987734
22433,48.673623688640504
22434,48.673623688640504
22438,48.673623688640504
22443,48.62148983551143
22445,48.62148983551143
22446,48.62148983551143
22447,48.229547818833005
22448,48.24027015338958
22451,48.24027015338958
22452,48.24027015338958
22453,48.00855345000945
22455,48.00924310456959
22456,48.009243104569585
22459,47.92444007864458
22461,47.806482914273
22462,47.835413282082605
22463,47.13887395481567
22464,47.13887395481567
22467,46.64715922580829
22468,46.574144155229824
22469,46.48235211226487
22470,46.03675077018618
22471,45.7559354473174
22472,45.61206255573185
22473,45.38308655654735
22474,45.38308655654735
22475,45.38308655654735
22477,45.38308655654735
22479,45.38308655654735
22481,45.38340215285987
22482,45.38340215285987
22483,45.396241771118824
22485,45.30249301190292
22486,45.31674335070407
22487,45.316743350704066
22488,46.380225612953815
22489,45.91774521385305
22490,44.93505222368446
22491,43.91422590574357
22496,43.35849964703064
22497,44.66742965417657
22498,44.32316638321856
22499,44.11396864583965
22501,44.11396864583965
22503,44.074047398896695
22504,43.37365937829372
22505,43.37365937829372
22506,43.47986125813164
22507,43.48111360259832
22509,43.48111360259831
22510,43.48111360259831
22511,43.48111360259831
22512,43.48111360259831
22513,42.673963308520214
22514,42.67416797837671
22517,42.6741679783767
22518,42.67462530831439
22519,41.08001541985582
22520,41.0800154198558
22521,41.0800154198558
22522,40.79081887813097
22523,40.79081887813098
22524,40.59866974277768
22525,40.59866974277767
22526,41.26220749591913
22527,41.26314496471956
22528,41.26314496471956
22529,40.200304277045554
22531,40.200304277045554
22533,40.196981063075235
22535,40.1543586683693
22536,40.87155919185058
22537,40.90586744324861
22540,41.116096022921504
22541,41.116096022921504
22543,41.230925683364426
22544,41.230925683364426
22545,41.230925683364426
22547,41.230925683364426
22548,42.53999862683564
22549,42.02352276096488
22550,42.02352276096488
22551,42.02352276096488
22552,42.025982057430724
22553,42.033354040384516
22555,42.03335404038452
22556,42.03335404038452
22557,42.129534204949124
22558,42.129534204949124
22562,41.798366684915436
22563,41.798366684915436
22564,41.798366684915436
22565,42.67809963820012
22568,42.444743675276044
22570,42.85506247179852
22571,43.2368053594364
22573,43.2368053594364
22579,43.2368053594364
22580,43.2368053594364
22581,43.2368053594364
22584,43.09997926510791
22585,43.184782291032924
22588,43.18478229103292
22591,44.20956369970854
22593,44.20956369970854
22594,44.10333425449711
22598,44.10333425449711
22600,43.95496648208408
22601,43.95496648208409
22602,43.95496648208409
22604,44.050029318109345
22605,44.33431129592984
22608,44.88229060379895
22609,44.88229060379895
22610,45.230488237892175
22611,45.230488237892175
22613,45.14568521196717
22614,44.88068576284019
22616,44.91517070503216
22617,45.00889680000307
22619,45.00889680000307
22620,45.00889680000307
22623,44.73448485448917
22624,44.73448485448917
22626,45.009524532565294
22628,45.009524532565294
22632,45.009524532565294
22633,45.009524532565294
22635,45.38615096187213
22639,45.38615096187213
22641,45.35631115097536
22642,44.79645981851885
22644,44.79645981851885
22645,44.80180936568655
22647,44.80180936568656
22649,44.627758060000765
22650,44.68514707746481
22651,44.68514707746481
22655,44.68514707746481
22656,44.161250025084485
22657,44.16648413346008
22658,44.29763004323592
22659,44.29763283779888
22660,44.297632837798865
22662,44.09416321023283
22663,44.22563232427867
22665,43.99316760836599
22668,43.99316760836599
22669,44.45188787183262
22672,44.45188787183262
22674,44.50621271183497
22676,44.5090035762565
22679,44.03458117763779
22680,43.79249475258736
22681,43.794179870787126
22684,45.145891004986616
22686,44.56976758355924
22688,44.56976758355924
22689,44.58769291534142
22690,44.58769291534142
22691,44.59120303590256
22692,44.59120303590256
22693,44.11754581346569
22697,44.11754581346569
22698,44.11754581346569
22702,44.15524375503329
22704,44.15524375503329
22706,43.35611057335229
22710,42.93788175197275
22712,42.93788175197275
22713,42.63875739939259
22714,42.63875739939259
22715,42.63875739939259
22716,42.63875739939259
22717,42.60304246642082
22719,42.60304246642082
22722,42.389136682849696
22723,42.389136682849696
22725,43.3889809722875
22726,43.3889809722875
22727,42.89372406304003
22728,42.89372406304003
22729,42.89372406304003
22730,42.894112762197736
22732,44.33050974903114
22734,44.33050974903114
22735,44.27271551586636
22736,44.27271551586635
22737,44.28753768709982
22738,43.45808154016474
22739,43.45808154016475
22740,43.45808154016475
22741,43.45808154016475
22742,43.61685672712816
22744,41.83833418619317
22749,41.415257383606765
22750,41.129536073089156
22751,41.129536073089156
22754,41.30352475779577
22756,41.349809231531545
22757,41.34983642956988
22758,41.37288905556438
22759,41.37288905556438
22762,42.76059355084394
22763,42.76059355084394
22764,42.76090236788006
22765,42.755381270042996
22766,43.11123092041078
22769,43.11123092041078
22770,43.11123092041078
22771,43.11123092041078
22773,43.7026576355651
22775,44.85877184474877
22776,44.85877184474877
22777,44.85877184474877
22778,44.790997728414425
22779,44.79355938128878
22780,44.78765899547577
22782,46.47800083550394
22785,44.79094566832129
22787,44.79094566832128
22788,44.79094566832128
22789,44.79094566832128
22791,45.03018623157675
22792,45.03018623157675
22793,45.03018623157675
22795,45.03018623157675
22796,45.03018623157675
22797,45.03018623157675
22799,45.03018623157675
22800,44.92429253905799
22803,44.929100476440055
22806,44.9549210091671
22808,44.955379922180356
22809,44.95537992218036
22811,44.55918476348394
22813,44.22920488919461
22815,44.22920488919461
22816,44.69587295221676
22817,44.69587295221676
22819,44.69587295221676
22820,44.69587295221676
22823,44.69596994182558
22827,45.56182687625332
22829,45.1788205506031
22834,45.21276816625992
22835,45.48962577090066
22836,45.327296218734936
22837,45.637243650799846
22839,45.32839606897734
22840,45.328396068977334
22841,45.328396068977334
22842,45.326657579868446
22843,45.32665757986846
22844,45.762624309277086
22845,45.76262430927708
22846,45.75269497694159
22847,46.562821613581555
22848,46.562821613581555
22849,46.562821613581555
22850,46.562821613581555
22851,46.562821613581555
22854,46.46114386588389
22855,46.46114386588389
22856,46.46114386588389
22858,46.46114395487107
22860,46.13498838078296
22861,46.22406001190435
22862,46.28051633410534
22864,46.20582317440762
22865,46.2054025485544
22866,46.2054025485544
22870,46.26416067265024
22872,46.26416067265024
22874,46.26416067265024
22876,47.47149216048941
22877,45.965299331482726
22883,45.964358298714096
22885,46.23042873253039
22886,46.21508541119145
22890,46.21508541119146
22891,46.0781114599467
22892,46.0781114599467
22896,45.91613732090166
22898,46.07908027463065
22899,46.07908027463065
22901,46.07908027463065
22902,46.07908027463065
22903,46.080750816526376
22905,46.080750816526376
22906,46.080755100735836
22907,46.08110054614571
22909,46.53617269608251
22910,46.655610634496064
22912,46.737528083948064
22914,46.737528083948064
22915,46.737528083948064
22916,46.737528083948064
22917,46.737528083948064
22918,46.59509133721748
22919,45.976939614438116
22920,45.976939614438116
22921,45.976939614438116
22923,46.17565281021492
22925,46.17570473328397
22928,45.66263818445403
22930,45.66978146473861
22931,45.669781464738605
22936,45.669781464738605
22937,47.19168986035097
22940,47.19168986035097
22944,47.04424549442341
22945,46.665691242809885
22946,45.9848003191213
22947,45.9848003191213
22950,45.9848003191213
22953,45.86925579508195
22954,45.90162673472702
22955,45.63829927415472
22957,45.476064971365396
22958,46.194193510929686
22959,45.214769414367254
22964,45.214769414367254
22965,45.99991890694885
22966,44.93925070575936
22967,44.68962548203016
22969,44.64092109275159
22970,44.64092109275159
22971,44.651287693668664
22974,44.651287693668664
22975,44.66264749562674
22976,44.662699198563686
22977,44.26047121493784
22978,44.27160311448971
22979,44.362347204504644
22980,44.362347204504644
22981,44.697838737415594
22982,44.697838737415594
22983,44.82130992381184
22984,44.82341190901376
22987,44.840187531896994
22988,44.840187531896994
22989,45.236198264682784
22991,45.236198264682784
22992,45.23621441585378
22993,45.236284939912494
22995,45.25043033056809
22997,45.25820782174342
22998,45.29930360706267
23002,45.30105210704699
23006,45.301052107046985
23007,45.809723673080896
23009,45.809723673080896
23011,46.147269177547415
23012,46.147269177547415
23014,45.936997607541734
23015,45.5286233266843
23016,45.5286233266843
23017,45.5286233266843
23018,45.43454747945245
23020,45.43558661507548
23022,45.28130572204662
23025,45.28130572204662
23026,45.350729977206186
23027,45.51868355577879
23028,45.47532933531625
23029,45.475329335316246
23030,44.06264734419133
23031,44.11771113753963
23032,45.03279029208112
23033,44.97772649873282
23034,44.84952334676007
23035,44.84952334676007
23039,45.63795512798929
23040,44.7195870639067
23045,44.7195870639067
23046,44.266041365098005
23048,43.40213852178807
23049,43.40213852178807
23052,43.449793485653984
23055,43.449793485653984
23057,43.5376382311368
23058,42.95648319449292
23061,42.95648319449292
23062,42.95648319449292
23063,42.95648319449292
23065,42.73004272220376
23070,42.45224751669545
23075,42.77564241220355
23076,42.77564241220355
23077,41.96638701200638
23080,41.96638701200638
23084,41.96638701200638
23085,41.96799994770308
23087,43.072074037407276
23088,43.10294855420392
23089,43.10294855420392
23090,43.10502306189492
23091,43.105023061894926
23092,43.105023061894926
23093,43.10741085553603
23095,42.97504443282192
23097,42.81767772249643
23099,42.81767772249643
23100,42.8502737198821
23101,42.29653614969868
23103,42.28715292557756
23104,42.28715292557756
23105,42.28715292557756
23109,42.28715292557756
23114,42.28715292557756
23119,42.26626132929495
23120,42.26626132929495
23121,42.65494209351972
23124,43.81719126580251
23125,43.81719126580251
23127,43.81719126580251
23130,43.81719126580251
23131,43.81719126580251
23132,43.84399009152638
23134,43.39878888963132
23135,43.328695843331126
23136,43.328695843331126
23137,43.31929087300799
23138,43.302369506107866
23139,43.49968862455636
23140,43.302369506107866
23143,43.52395315071008
23149,44.325339777462
23150,44.3070706988506
23151,43.65243070897747
23152,43.65243070897747
23153,43.65243070897747
23155,43.65243070897747
23156,43.65243070897747
23157,43.65262312118649
23161,43.65262312118649
23162,43.65262312118649
23163,43.10033606951352
23164,43.10033606951352
23165,42.47957545000136
23173,42.355778066939045
23174,42.29481050531667
23175,42.292287493237524
23176,42.292287493237524
23177,42.554207928164196
23178,42.554207928164196
23180,42.35699845047874
23181,43.725941171077054
23182,43.725941171077054
23183,43.725941171077054
23186,43.760580376389576
23191,44.18793260607017
23193,44.18793738801271
23195,44.18793738801271
23196,44.460171831021924
23197,44.460171831021924
23198,43.88560206958915
23201,45.134364846184184
23202,44.839322556911675
23203,44.839322556911675
23204,44.399201572689144
23205,44.404859021535565
23207,44.404859021535565
23208,44.404859021535565
23210,44.582696561210284
23211,44.57232996029321
23212,44.57232996029321
23213,43.707239029235254
23214,43.707239029235254
23215,43.48033670123626
23216,43.263041725589716
23217,43.263041725589716
23219,43.263041725589716
23221,43.263041725589716
23222,44.45541358813982
23223,44.45541358813982
23224,44.45541358813982
23225,44.45541358813982
23226,44.509254555727004
23228,44.50926084640495
23229,44.50926084640495
23230,44.45541358813982
23232,44.15635122225053
23233,44.15649271000277
23236,44.74264515317856
23237,44.74264515317856
23238,44.74264515317856
23239,43.20099362569559
23241,43.20099362569558
23242,43.54427214835478
23246,44.13188879708546
23247,44.033945626862014
23248,43.90956758386953
23249,43.74546705271137
23253,43.74647174176998
23254,43.74647174176997
23255,43.74647174176997
23256,43.74647174176997
23259,43.75268824744975
23260,43.75268824744975
23261,43.75268824744975
23262,43.42552514403007
23264,43.42385414075449
23265,43.42385414075449
23267,43.423854180638656
23268,43.42385418063865
23269,43.42481731389728
23270,42.896026028285874
23272,42.972089030002515
23274,42.972089030002515
23275,43.2141096892334
23278,43.2141096892334
23282,43.20892624391984
23283,43.20892624391984
23284,43.25908141642122
23286,43.78965467345387
23290,43.80537412431919
23291,43.805157779548956
23293,43.80515777954896
23294,43.80385503688244
23298,43.80385503688244
23301,43.80385503688244
23303,43.15525808779881
23305,43.16196837778752
23308,43.16196837778752
23311,43.16384760539544
23313,43.16384760539543
23316,43.21091515397428
23317,43.21497381514446
23318,43.42852193358502
23320,43.24084413253773
23321,43.83965252780274
23322,43.83965252780274
23323,43.83868939454411
23325,43.83519109935746
23326,43.78917477630426
23327,43.78917477630426
23328,43.814437804546046
23329,43.815357899750424
23330,43.376887001620204
23335,43.376887001620204
23336,43.12778091563676
23337,43.133311112750995
23338,43.133311112750995
23339,43.133311112750995
23342,43.133311112750995
23343,43.131200702320804
23344,42.79979795093396
23346,42.79979795093396
23347,42.7048445685831
23348,42.983328705924606
23349,44.02278425774116
23350,44.02278425774116
23351,43.688841488604574
23353,43.68890522108316
23354,43.6889227942105
23357,43.66196676438371
23358,43.56823075009133
23359,43.56825417373816
23364,43.56825417373816
23366,43.56825417373816
23367,44.49424864759487
23369,44.49424864759487
23370,44.49426904457255
23371,44.49426904457254
23373,43.85272156411693
23374,43.85272156411694
23376,43.233344833885546
23379,43.233344833885546
23380,42.2490406291139
23381,42.2490406291139
23384,42.24905668352865
23385,42.24905668352864
23387,42.13620462635805
23388,42.025442212657936
23390,42.027598879551384
23392,42.027598879551384
23393,42.02821984549145
23398,42.027800032434946
23399,41.865510557622486
23401,41.86668820686857
23402,41.86668820686857
23406,41.86611987319858
23407,41.866119873198585
23409,41.866119873198585
23410,41.7879799556286
23412,41.81019818875597
23416,41.81019818875597
23422,41.81019818875597
23423,41.79109726159501
23425,41.79109726159501
23426,41.79109726159501
23428,41.58277393156049
23429,41.56184065232064
23430,41.569093993911906
23432,41.57035153530891
23433,41.69861525951361
23434,42.66820102727929
23435,42.47033046614715
23436,42.44965268361678
23439,42.44965268361678
23440,42.81019890854717
23441,42.8103904569979
23443,42.81083689811395
23444,42.81083689811394
23447,42.81083689811394
23448,42.81083689811394
23449,42.817931480801086
23450,42.82764462138017
23451,43.85900686540683
23453,43.70647071734595
23454,43.706470717345944
23455,43.71313856027435
23456,43.94856614237815
23457,43.94856614237815
23458,43.94868250744541
23461,43.94881074595006
23462,43.94881074595006
23463,43.94882804961228
23464,43.943106117070066
23465,43.749024555617844
23466,43.749024555617844
23467,43.75176049606079
23468,43.750847368843715
23469,43.750847368843715
23471,44.319577385945344
23472,43.753777112915174
23473,43.81687565444036
23474,43.81687565444036
23476,43.81687565444036
23477,44.4665645544928
23478,44.417061008123504
23479,44.40996642543636
23480,44.810965240012415
23481,44.84162989396796
23482,44.825844440455576
23483,44.825844440455576
23485,44.825844440455576
23486,44.825844440455576
23491,43.28919828906072
23492,43.289198266020776
23493,43.28919826602078
23494,43.594089025468016
23496,43.68326956436224
23497,44.14713379585292
23498,44.32304866343029
23500,44.51846958505702
23501,44.51846958505702
23502,44.51846958505702
23503,44.670784560563376
23504,44.67078456056338
23505,44.679587912318986
23507,44.679587912318986
23510,44.679587912318986
23511,44.679587912318986
23512,43.62765642967172
23514,43.62822155689851
23515,43.62822155689851
23516,43.62822155689851
23517,43.62822155689851
23519,43.634580130859646
23520,43.62351502549561
23521,44.324383243299145
23523,44.43963534296227
23524,44.43963534296227
23525,44.41175590401848
23526,44.99552741342152
23527,45.00877241802393
23528,44.79622055950869
23529,44.79622055950869
23530,44.79622055950869
23531,44.79622055950869
23532,44.79622055950869
23533,44.79622055950869
23534,44.56642782277576
23535,45.74221833537771
23536,45.74221833537771
23538,45.635339371690655
23540,45.635339371690655
23541,45.635339371690655
23543,46.46887889748774
23545,46.46102596598669
23547,46.164598006178
23548,45.99955558660781
23549,46.04424773825304
23550,45.45647835435432
23551,45.45647835435432
23553,45.456492795974334
23554,45.46545714936144
23555,45.46545714936144
23556,45.46545714936144
23557,45.46545714936144
23561,45.46545714936144
23562,45.16247590752441
23565,45.20266616529014
23569,45.20266616529014
23570,45.20266616529014
23571,45.20411676287356
23572,44.77729761188724
23573,45.388476051567
23575,46.45183435096288
23576,46.35190008935591
23577,46.35190008935591
23579,46.34712297455214
23580,46.34712297455216
23581,45.60640928790602
23584,45.60640928790602
23587,45.51046097750092
23589,45.51046097750092
23590,45.514145303158664
23591,45.51414530315866
23592,45.471818506208
23593,46.20073322410072
23594,45.92294518394323
23595,46.89309625260078
23597,46.89309625260078
23600,46.89309625260078
23601,46.708776062955245
23602,46.70819251500071
23603,46.69673734337873
23605,46.74162526707584
23607,46.47994071069031
23608,46.47994071069031
23609,47.429663194856715
23610,47.429663194856715
23611,47.429663194856715
23613,47.429663194856715
23614,47.429663194856715
23615,47.429663194856715
23616,47.429663194856715
23618,48.541513897185936
23619,47.8717853969128
23620,47.8717853969128
23621,47.8717853969128
23622,47.872059495774074
23623,47.39220074328852
23624,46.90939143991024
23625,46.39960489160302
23629,45.84989180163291
23630,45.8955335880813
23631,46.10534414304098
23632,46.10534414304098
23633,46.10534414304098
23634,46.105347293583094
23635,46.16333223901418
23637,46.16333223901418
23638,46.16333223901418
23640,46.16333223901418
23641,46.16333223901418
23642,46.247484163772235
23643,43.83367762314188
23645,43.35853048293651
23648,42.88231892993092
23649,43.080061838121466
23650,43.08033863712262
23651,42.946752740928126
23652,42.94987390859214
23654,42.94987390859214
23655,42.354173686699475
23656,41.71611943654011
23658,41.731286358079835
23659,42.33026449773327
23660,42.33026449773327
23662,42.33026449773327
23663,42.33026449773327
23664,42.33026449773327
23665,42.33026449773327
23666,42.30173715025694
23671,42.632479722954564
23673,42.572085034827374
23676,42.38553555838939
23677,42.391628628655695
23678,42.38553555838939
23679,42.539617081943746
23680,42.53359247199307
23681,42.4248455983207
23683,42.22385480198783
23684,42.22385480198783
23685,42.31099972034094
23686,42.31099972034094
23687,42.31099972034094
23688,42.1872556981311
23690,42.1872556981311
23691,42.1872556981311
23692,42.32392259742987
23695,42.32392259742987
23697,42.32406642718513
23698,42.3244401905616
23699,42.32444019056161
23700,42.157897314075676
23703,42.157897314075676
23705,42.15792331264394
23706,42.157952831752795
23707,42.13125300270455
23708,41.980304080350955
23709,41.94900570051506
23714,41.95117605934036
23715,41.951176059340355
23716,41.951176059340355
23717,41.951176059340355
23720,41.951176059340355
23722,41.94042789373309
23724,41.94042789373309
23728,41.94042789373309
23730,42.21909570605533
23731,42.21850390272497
23732,42.33139637630471
23733,41.946702429883004
23734,41.749173902052334
23735,41.749173902052334
23737,41.728013432114075
23738,41.72312805449153
23739,41.72312805449152
23740,41.94806012789304
23741,42.24456789199745
23743,42.24456789199745
23744,42.24456789199745
23745,41.98156886311781
23746,42.053709512596804
23747,43.452030851823864
23748,43.34030358440011
23750,43.22778792911692
23751,43.22778792911692
23752,43.22778792911692
23756,43.22778792911692
23759,43.175276410723384
23761,43.128235463863405
23762,43.46088390697709
23766,43.46088390697709
23767,43.46088390697709
23768,43.83897969524135
23771,43.8397538067738
23772,43.85121965105189
23773,43.85121965105189
23774,44.89187529221331
23776,44.89070259474002
23778,44.856178628081196
23779,44.78015005468132
23781,44.759449463990784
23782,44.759449463990784
23785,44.527129119225336
23786,44.82055710825191
23788,44.530141761931205
23791,44.530141761931205
23792,44.58263494381993
23793,44.49911863653118
23795,44.50187966556813
23796,44.50187966556813
23797,44.50190194272479
23799,44.5019019427248
23800,45.212555998249954
23801,45.212555998249954
23802,45.22102697820133
23804,45.22110999433345
23805,45.176833861091595
23806,44.41603549315407
23812,44.41603549315407
23813,44.418817863549286
23814,44.41881786354929
23815,44.41881786354929
23816,44.41881786354929
23818,44.41881786354929
23819,44.38398212228914
23821,44.29531028859107
23822,44.29898663233355
23823,44.318784602393066
23824,44.318784602393066
23826,44.3183034352077
23827,44.3183034352077
23828,43.36880571408232
23829,43.36880571408233
23834,43.1232895616108
23835,43.123292597945856
23836,43.20985437844621
23837,43.16989265726076
23840,43.16989265726076
23841,42.8724320759318
23845,42.872432075931805
23847,42.872432075931805
23848,43.90736429578265
23849,43.90736429578265
23853,44.56664821219494
23854,44.431002163964365
23855,44.42821979356914
23857,44.38650775420664
23858,44.37062918862393
23860,44.37062918862393
23861,44.37062918862393
23862,44.12582968085209
23863,44.12582968085209
23864,44.128786364854605
23865,44.11732052057651
23866,43.70831483181732
23869,43.70831483181732
23870,43.748583905926324
23871,43.74858390592633
23872,43.7486019934766
23873,43.74860199347659
23874,43.74860199347659
23875,43.39981597960893
23876,43.39981597960893
23880,43.95460060993163
23881,45.44189530801238
23883,44.959652155036075
23884,44.959652155036075
23885,44.959652155036075
23886,45.02861395970387
23887,44.832379422616846
23888,44.83190612300441
23889,43.692447649804244
23890,43.692447649804244
23895,43.692447649804244
23899,43.692447649804244
23900,43.69348437266471
23904,43.69348437266471
23905,43.97769843679834
23906,43.97769843679834
23907,43.97769843679834
23908,42.897347539512964
23912,42.89734753951297
23914,42.89734753951297
23915,42.89734753951297
23917,42.89734753951297
23919,42.89734753951297
23920,42.999403206832795
23921,42.999403206832795
23922,43.55693953759953
23923,43.55807284108068
23924,43.7936817943152
23925,43.7936817943152
23926,43.55807284108067
23927,43.55807284108067
23928,43.55807284108067
23929,43.59127428503403
23931,43.59127428503403
23936,43.5580750194787
23937,44.50956259470884
23938,44.443960808178986
23939,44.443960808178986
23941,44.443960808178986
23942,44.443960808178986
23943,44.443960808178986
23945,44.443960808178986
23947,45.35771261796965
23948,45.35771261796967
23949,44.80017628720294
23952,44.80017628720294
23953,44.80037068867451
23955,44.82790285278044
23956,44.83598581974015
23957,45.37688436833556
23961,45.37688436833556
23963,46.29824959794871
23964,46.29824959794871
23966,45.98632780728431
23967,46.006142039411074
23968,44.90665224659411
23969,44.90665224659411
23971,44.90665224659411
23972,44.82337074826048
23973,44.82337074826048
23975,45.07437367749457
23976,45.07437367749457
23977,44.70819224111793
23980,44.70819224111793
23981,44.30861499562257
23983,44.31068127396901
23985,44.31068127396901
23988,44.31068127396901
23990,44.31068127396901
23992,44.31068127396901
23996,44.31068127396901
23997,44.31068127396901
23998,43.46891784590766
23999,42.93528806856283
24000,42.93528806856283
24001,42.40659460676867
24003,42.40659460676867
24005,42.40659460676867
24007,43.073286502367935
24008,43.076090786893396
24010,43.076090786893396
24011,43.076090786893396
24012,43.076090786893396
24013,43.066500746711604
24016,43.066500746711604
24017,43.066500746711604
24019,43.57540560752388
24020,43.53761575799801
24021,43.53761575799801
24022,43.53761575799801
24023,43.53761575799801
24027,43.53761575799801
24031,43.53761575799801
24033,42.83258384964705
24034,42.83258384964704
24035,42.83258384964704
24036,42.83258384964704
24038,42.832802419099764
24039,42.38317051647015
24040,42.56600605789037
24041,42.66977655314484
24049,42.66977655314484
24050,42.66977655314484
24054,42.66977655314484
24056,42.66977655314484
24057,43.18076125197491
24059,43.18639744516308
24061,43.18639744516308
24062,43.18639744516308
24064,43.157929329462256
24065,42.799703054948274
24069,43.88878260629548
24070,44.67483090949994
24071,44.69650028193322
24072,44.69650028193322
24073,45.258567225072554
24074,45.25862761317033
24076,45.6328717951699
24077,45.63287294553632
24078,45.3865984095469
24079,45.92772728488065
24080,45.92772728488065
24081,45.79728441306788
24082,44.986268537786245
24083,44.891953816818955
24084,44.91636629718534
24085,44.91636629718534
24088,44.91636629718534
24090,45.28335629445415
24092,45.28335629445415
24093,45.94964155807753
24094,45.94964155807753
24095,46.0573249933814
24096,46.0573249933814
24097,46.88865010689922
24098,44.54040323736341
24099,44.54151290583899
24100,44.541512905838985
24101,44.541512905838985
24102,44.54153950004037
24103,44.54153950004037
24105,44.54153950004037
24107,44.54346535042212
24108,44.58792561690866
24109,44.58570647837724
24113,43.804990032482735
24115,43.804990032482735
24118,43.85824535120748
24119,43.85824535120747
24120,43.53762949597686
24121,43.53762949597686
24123,43.6770675287454
24124,44.09759790624325
24126,44.09863121214685
24127,44.284247556302375
24129,44.28932450630779
24130,43.3883919238745
24135,43.38839192387451
24137,43.72192239222561
24138,43.13195404955419
24139,43.13195404955419
24140,43.13195404955419
24142,43.13195404955419
24143,44.18998434047002
24144,44.01247955515408
24145,44.61696828947831
24146,44.616980536538854
24147,44.616515778204395
24149,44.629159209725216
24150,44.629159209725216
24151,44.629159209725216
24153,44.75449248844674
24154,44.754548866373064
24155,44.754548866373064
24157,43.051116428994504
24158,43.13193245270081
24159,43.131932452700816
24161,43.131932452700816
24163,42.967269209069364
24164,42.967269209069364
24165,43.04313066253458
24166,42.962314638828275
24167,42.96231463882827
24169,42.96231463882827
24171,42.96231463882827
24172,43.86019975983294
24173,43.86019975983294
24176,44.04330389704317
24177,44.04330389704317
24178,44.04330389704317
24179,44.0477745587383
24181,44.047774558738304
24187,44.047774558738304
24188,44.047774558738304
24189,44.047774558738304
24197,44.047774558738304
24200,43.84955473978953
24201,43.48796243372285
24203,43.48862926542852
24204,43.48862926542852
24205,43.48862926542852
24206,43.48862926542852
24208,43.48862926542852
24209,43.0075824288082
24211,42.68569224412253
24217,42.83102975289624
24220,42.84917423687504
24225,43.0104201846484
24226,43.0104201846484
24229,42.84963494622108
24230,42.88129118913788
24231,42.85854690081224
24232,42.84890795257377
24233,42.810239314747484
24235,42.79661466682019
24236,42.70583742279921
24240,42.70583742279921
24241,43.29276267424623
24242,43.82521268970733
24245,43.39620533002511
24246,43.39620533002511
24250,43.38201251759527
24252,43.38201251759527
24255,44.26195071346776
24257,44.26195071346776
24258,44.26195071346776
24259,44.26195071346776
24260,43.83036182737497
24261,44.38623132435337
24263,43.853292543561544
24264,43.706568864862916
24265,43.706568864862916
24266,43.60201669121766
24267,43.60201669121766
24269,42.91634813428152
24270,42.84741607108265
24271,42.84741607108265
24272,42.84741607108265
24274,42.875086262736374
24275,42.87525550604251
24276,43.35377108237567
24278,43.35634059385469
24282,42.84347639064713
24283,42.96058175282115
24284,42.963091545913635
24288,42.963091545913635
24289,42.602729848682195
24290,42.602729848682195
24291,42.60016033720318
24293,42.59786699702334
24294,42.597866997023345
24295,43.11218974964951
24297,42.89890371878691
24298,42.89890371878691
24300,43.131900032049764
24301,43.13757690259919
24302,43.13792587834831
24303,43.13792587834831
24304,43.13792587834831
24305,43.13792587746229
24306,43.138751462249736
24309,43.04308333660701
24310,43.04464900028663
24311,43.04464900028663
24315,43.04464900028663
24317,43.04464900028663
24319,43.21100197241562
24320,43.20255132902149
24322,43.202551329021496
24323,43.20798006971642
24324,43.207154484928964
24328,43.03725061851405
24329,43.03725061851405
24334,43.843376784368644
24338,43.843376784368644
24340,43.843376784368644
24341,43.41412287705186
24343,43.60359470105427
24345,43.600365060206315
24347,43.698738013382496
24353,43.91357551873204
24354,43.915457176691824
24355,43.9145653187588
24359,43.9145653187588
24361,43.9145653187588
24365,43.9145653187588
24367,43.9145653187588
24368,43.52381208023098
24370,43.49960102972386
24371,43.49960102972386
24373,43.815923628561514
24375,43.81592681195352
24376,43.44262112400231
24377,43.44270442384583
24379,43.44177146103783
24380,43.42277914689622
24381,43.422779146896225
24382,43.422779146896225
24384,43.422779146896225
24388,42.995465488524516
24392,43.12346497490796
24393,43.3566291929423
24394,43.09135427889663
24395,43.09135427889663
24396,42.81041617133363
24397,42.8108492857681
24399,42.60812074735645
24402,42.57318547141359
24403,42.672042908501574
24406,42.62801291237767
24409,42.63262636789276
24412,42.5733557933155
24413,42.55042507712892
24414,42.55042507712892
24415,42.55347847072298
24416,42.55347847072298
24418,42.55318929262115
24419,42.55318929262115
24421,42.55366818872922
24423,42.426085409082944
24426,42.48192146737651
24428,42.48192146737651
24429,42.62798164659959
24432,42.65834721002112
24434,42.65834721002112
24435,42.183655393454316
24436,42.183655393454316
24437,42.19309796906006
24438,42.70048255396036
24439,42.70048255396036
24440,42.699431610499374
24441,43.28001402596782
24442,43.28672789220409
24443,43.28672789220409
24446,43.25691671716822
24447,42.75284699579859
24449,42.75284699579859
24450,42.71139962875204
24452,43.80137677858895
24455,43.7990422440877
24456,43.8947241780422
24458,43.7990422440877
24460,43.7990422440877
24461,43.77092663168397
24465,43.77221057953368
24467,43.46483107539124
24468,43.429887255206644
24469,44.48436624098727
24470,44.48436624098727
24471,44.48436624098727
24474,44.48634781134285
24475,44.42023970814436
24476,44.42025642312218
24477,44.433446365506555
24479,44.433627240248846
24481,44.43368573844356
24482,44.43368573844356
24483,44.405656049438896
24484,44.40565604943889
24485,44.4071909300631
24488,44.4071909300631
24489,44.4071909300631
24490,44.4071909300631
24493,44.82143386274807
24494,44.82143386274807
24495,44.82143386274807
24496,45.59931574650144
24500,45.59931574650144
24501,45.597690412732945
24504,45.597690412732945
24505,45.597690412732945
24509,45.27358983976094
24510,45.27358983976094
24511,45.27358983976094
24512,45.27358983976094
24513,45.324620539698834
24516,44.87326298731204
24517,44.53455905106567
24518,44.58488260078633
24521,44.394118915609255
24524,44.48598172300481
24525,44.48598172300481
24526,43.417163464153674
24528,43.417163464153674
24529,44.3900591375809
24530,44.3900591375809
24533,43.15055899918422
24534,43.75671553107654
24535,43.75671553107654
24536,43.68462478275936
24539,43.680944613591436
24540,43.69629575282779
24541,43.69629575282779
24542,43.69629575282779
24545,43.69629575282779
24546,43.736461404419295
24547,43.307345311682546
24551,43.60277018264211
24555,43.60277018264211
24558,43.60277018264211
24559,43.60637689252677
24560,43.641607832383606
24564,43.48600286765113
24565,43.48600286765112
24566,43.39326558894039
24568,43.39326558894039
24570,43.39326558894039
24571,43.136255769097566
24574,43.15344819983452
24576,43.15707475410416
24577,43.15707475410416
24578,43.15707475410416
24579,43.15707475410416
24583,41.00809458900026
24584,40.991741810573004
24588,41.45321411519048
24590,41.45321411519048
24591,41.45321411519048
24593,41.453366042507575
24597,41.453366042507575
24599,41.453366042507575
24601,41.453366042507575
24602,41.453366042507575
24605,41.76203884040149
24606,41.76203884040149
24608,42.257040737463456
24609,42.257040737463456
24610,42.257040737463456
24611,42.257754593339
24614,42.11540141348896
24616,42.115401413488954
24618,42.503997531359936
24619,42.503997531359936
24620,42.503997531359936
24621,43.35352026150063
24622,43.35352026150063
24623,43.57078586148172
24624,43.57078586148172
24628,42.701159154197896
24629,42.590665695222555
24630,42.22080866076515
24631,42.22080866076515
24633,41.89910044708115
24634,43.03609539352467
24635,42.547007577438
24636,42.547007577438
24637,42.650029064165366
24638,42.86395697245705
24639,42.86397918683959
24641,42.86397918683959
24642,41.857437752875505
24646,41.857437752875505
24647,41.85743775287548
24651,42.5793918606749
24652,42.58435708446311
24653,42.58446934560571
24654,42.56842346843297
24655,42.3478742051935
24659,42.32974040430258
24660,42.32974040430258
24661,42.750593078138074
24665,42.73011371743997
24666,42.73255800543098
24669,42.59741044037656
24670,42.675769985505546
24671,42.541800757840996
24673,42.52914837388105
24677,42.2490373691012
24679,42.37654916078704
24680,42.37654916078704
24681,42.23383843298669
24684,42.10140827141572
24685,41.96413972330656
24686,41.54122018341819
24691,41.527210923110324
24692,41.527210923110324
24693,41.527210923110324
24694,41.41528374398703
24695,41.262370366385795
24699,41.262370366385795
24703,41.08706053008225
24704,41.60209609636196
24706,41.60209609636196
24711,41.60209609636196
24712,41.62653201066621
24713,41.6265837726115
24716,41.6265837726115
24719,42.32749539528948
24720,42.32749539528948
24721,42.32749539528948
24722,42.318592023437326
24723,41.00591114769898
24725,41.00591114769898
24726,41.00591114769898
24727,41.00591114769898
24729,40.56398539379484
24730,40.56398539379484
24731,40.56398539379484
24732,40.620860261894
24733,40.620860261894
24734,40.71787294090917
24735,40.9355634264805
24736,40.9355634264805
24738,40.776450990820315
24739,40.60458278487333
24741,40.92788280841591
24743,40.60458278487332
24746,41.376031692114594
24747,41.376031692114594
24749,41.37248809859403
24750,41.37248809859403
24753,41.372495360454835
24754,41.266308543177104
24755,41.266308543177104
24756,41.266982998885716
24757,41.26698299888572
24758,41.13260455149528
24759,40.99733612161839
24763,41.62320259500583
24764,40.83579245303922
24766,40.93596714087391
24767,40.81439296976274
24768,40.81439296976274
24770,40.81439296976274
24773,41.39020794692786
24778,41.39020794692786
24779,41.39020794692786
24782,41.39020794692786
24783,41.39020794692786
24784,41.331745668900666
24788,41.33197834541694
24791,41.331978345416935
24792,41.57247684307654
24793,41.57247684307654
24796,40.939550983549275
24797,40.939550983549275
24799,40.9059428219712
24800,40.86765736624934
24801,40.86765736624934
24805,40.86765736624934
24807,40.84755298652547
24808,40.74311913410229
24810,41.23121608489561
24811,41.26893202405616
24814,41.544757896237684
24815,41.54563959999297
24816,41.54563959999297
24819,40.626579016445156
24820,40.46983080337073
24823,40.84559878312679
24824,40.845620705318574
24833,40.84562070531858
24834,40.81973331177657
24835,40.32099951602763
24840,40.7177245911091
24844,40.7177245911091
24845,40.7177245911091
24846,40.7177245911091
24847,40.7177245911091
24848,40.7177245911091
24849,40.31222062291209
24850,40.61273721158298
24851,40.61273721158298
24852,40.61273721158298
24853,40.61273721158298
24855,40.612770134451694
24856,40.612770134451694
24858,40.588334220147445
24862,40.58833422014746
24863,40.58833422014746
24864,40.584868777814954
24867,40.84762843904193
24868,40.84762843904193
24870,40.84762843904193
24871,40.848010312476866
24874,40.84874904907239
24876,40.935347771663885
24877,40.935347771663885
24881,40.935347771663885
24883,41.03756412586491
24884,40.700269073116544
24886,40.65736386890239
24887,40.65736386890239
24888,40.66094253124568
24889,40.66094253124568
24894,42.48504894463873
24895,42.48720686292263
24897,42.48720686292264
24898,42.249033025814086
24904,42.24947806072352
24906,42.24947806072352
24907,42.24947806072352
24908,41.90245225671987
24909,41.90245225671987
24912,42.08965005926247
24913,42.08965005926247
24914,42.08965005926247
24916,42.08965005926247
24924,42.08985142598517
24926,42.0896187494689
24927,42.10060644903869
24928,42.10060644903869
24929,41.6976864122535
24930,41.6976864122535
24932,42.03540866979728
24935,42.06541283306096
24936,41.97167681876858
24937,41.76633671993259
24939,41.813258791157786
24943,42.91927580410946
24945,42.91927580410946
24946,42.91927580410946
24947,42.92097076561628
24949,42.04479946797339
24952,42.08654866858183
24955,42.57222258637138
24956,42.57222258637138
24957,42.57222258637138
24959,42.57222258637138
24960,42.254045198276295
24963,42.233939019552544
24966,42.23726825156899
24967,42.23751618200176
24968,42.617301607237906
24970,42.617301607237906
24971,42.617301607237906
24972,43.3721967195152
24973,43.3721967195152
24975,43.344013080758565
24977,43.20252678354006
24978,43.20259533808622
24979,43.07011893843722
24980,43.78974533737051
24981,43.776942486820225
24982,43.77694248682022
24983,43.77694248682022
24985,43.87235512501871
24986,43.698810845830174
24987,43.69881084583018
24988,43.64298429463465
24989,43.52364390408633
24990,43.854287404605245
24991,43.854287404605245
24992,43.854287404605245
24993,43.713910033688336
24995,44.47857676628135
24996,43.421993352692574
24997,43.421993352692574
24998,43.3606271073074
24999,43.3606271073074
25000,42.95695129625163
25001,43.081963422421786
25002,43.082055865187975
25004,43.110661041318444
25005,43.110661041318444
25006,43.25238434681272
25007,43.25238434681272
25010,43.25316197131757
25012,43.25316197131757
25013,42.755366539717116
25015,42.79954101312214
25016,42.799880902156545
25020,42.799880902156545
25021,42.71067021275833
25027,42.716384748266556
25028,42.73224253058748
25029,43.092418612752
25031,42.702843215148775
25032,42.36934289593856
25033,41.56937630205954
25035,41.56937630205954
25036,41.57744649553304
25037,41.57744649553304
25040,41.58134729465144
25042,41.58134729465144
25043,41.63970849818852
25044,41.63970849818852
25045,40.99117078405387
25048,40.97186965311374
25049,40.97186965311374
25050,42.529767887178
25051,42.529767887178
25053,42.529767887178
25054,42.5326858410441
25056,42.72421245386799
25058,43.78654540809493
25059,43.07524030796732
25062,43.07524030796732
25064,44.62546664009856
25066,44.62546664009856
25067,44.62546664009856
25068,44.62579559267029
25072,44.62579559267029
25074,44.62579559267029
25075,44.79666073089007
25079,44.79666073089007
25082,44.79666073089007
25084,44.323534075840385
25086,44.79623833043895
25087,44.79623833043895
25088,43.787957761656024
25090,43.787957761656024
25092,43.79470038081075
25094,43.79170798326999
25095,43.80294400659274
25096,44.01086133905856
25097,44.24653535382571
25102,44.25911337118464
25104,44.25911337118465
25105,44.25911337118465
25106,44.25911337118465
25108,44.25911337118465
25109,44.25911337118465
25111,44.25911337118465
25112,44.25911337118465
25113,44.264574324962304
25114,44.264574324962304
25116,44.264574324962304
25117,44.2772447968354
25122,44.37709041716469
25123,44.37709041716469
25125,44.37709041716469
25126,44.37709041716469
25127,43.79814159669103
25128,43.7994502357642
25129,43.79945023576419
25130,43.79945023576419
25131,43.79945023576419
25132,43.79945023576419
25136,43.79945023576419
25137,44.12650494614862
25138,44.12812188229967
25142,43.93363675336167
25143,43.933636753361675
25145,43.933636753361675
25147,43.933636753361675
25153,44.16808911879511
25154,44.16929203563521
25156,44.301757717636335
25157,44.301757717636335
25159,44.301757717636335
25160,44.301757717636335
25161,44.22584650898589
25162,44.22584650898589
25163,44.22584650898589
25165,43.72640624562922
25167,43.79948228872242
25169,43.76839904760938
25170,43.76839904760938
25171,43.412876070585014
25172,43.28899422867367
25173,43.28899422867367
25174,43.28899422867367
25175,43.50975891499311
25181,43.218076838389784
25182,42.40423619093566
25183,42.63774944873321
25184,42.69390595201627
25187,43.32518488503088
25188,43.423471439243464
25190,43.087439425825906
25191,43.087439425825906
25192,43.08724215723068
25193,43.08724215723068
25194,43.17943188703172
25195,43.27941714166713
25196,43.17943188703172
25198,43.17943188703172
25199,43.17943188703172
25200,44.75492671657399
25203,44.767131464534884
25204,44.787857038216636
25205,44.80333391474209
25206,44.8033339147421
25208,44.8033339147421
25210,44.8033339147421
25213,44.58045093809791
25214,44.58045093809791
25215,44.581947288882645
25216,44.68213236576825
25217,43.51292612774565
25218,43.52790364248047
25219,43.52790364248047
25221,43.52790364248047
25222,43.52790364248047
25223,44.0300199118989
25224,44.083210084532844
25225,44.057255567619684
25226,43.74113179558422
25227,43.52790364248047
25230,44.25908480494666
25232,44.25908480494666
25234,44.25908480494666
25235,44.242288355209745
25236,44.242288355209745
25237,44.242288355209745
25240,43.96219189606157
25241,44.13512433039148
25242,44.13512433039148
25243,44.13512433039148
25244,44.064521741638764
25246,43.69984528557952
25247,43.51028135573686
25248,43.50767030114307
25250,43.59579654377594
25251,43.35785297647465
25253,43.36885374055869
25256,43.494921951252394
25257,43.494921951252394
25258,43.64529017416563
25260,43.494921951252394
25261,43.494921951252394
25262,43.494921951252394
25263,43.494921951252394
25264,43.77692740290863
25265,43.77692740290863
25266,43.777814003754415
25267,43.89894038933817
25269,43.48480128235324
25270,43.48955671501854
25271,43.489556715018544
25273,43.36348850432484
25274,43.236892789383255
25275,42.839093323531756
25277,43.08092504149896
25278,43.099499478970465
25279,42.66654563262368
25286,43.31890549552696
25287,43.31890549552696
25288,43.335394217931956
25291,43.36147753567091
25292,43.38302702552889
25293,43.40446398445679
25294,43.40525064688829
25296,44.664618511675464
25297,44.66271337915221
25299,45.76864778784764
25300,46.93762078058465
25301,47.69820855118614
25303,47.70051906985246
25304,47.70051906985246
25306,47.70092427404229
25307,47.70092427404229
25308,47.48418496129088
25311,47.48418496129088
25312,47.48418496129088
25313,47.48418496129088
25314,48.05801238500718
25317,48.05801238500718
25318,48.05801238500718
25323,48.053146903767434
25325,48.053146903767434
25327,48.053146903767434
25328,48.053146903767434
25329,46.89557297587041
25330,46.48301024699874
25331,46.47920745118045
25334,46.47921410598312
25335,46.34137462331155
25337,46.34137462331155
25338,46.34137462331155
25340,46.34137462331155
25341,46.4663434549959
25342,46.353388127195565
25343,46.38131970625477
25345,46.38131970625477
25348,46.6371562017984
25350,46.63715620179839
25352,46.63715620179839
25354,46.63715620179839
25355,46.63715620179839
25357,48.19094311040124
25358,48.19094311040124
25359,48.4333093561557
25360,48.56146853979835
25361,48.4553124486192
25364,48.4553124486192
25367,48.46117720813035
25368,48.46117720813035
25369,48.54999204711723
25371,48.54999204711723
25373,47.41692056372268
25374,47.42195624604286
25375,47.42195624604286
25376,46.57945634857127
25377,46.57945634857127
25379,46.57945634857127
25380,45.80251057836312
25381,46.03919332275485
25382,46.03919332275485
25383,46.03919332275485
25384,46.03919332275485
25385,46.03919332275485
25386,46.22568250429643
25387,46.22568250429643
25388,45.85589876752337
25389,45.785249493810184
25390,45.67561515062003
25391,45.67561515062003
25393,45.645529166679594
25394,45.64553545735754
25395,45.56504544415896
25396,45.57730908040773
25398,46.155058956857296
25399,46.155058956857296
25401,46.03938005949114
25402,44.49199563524057
25403,44.297505535135535
25404,44.297505535135535
25405,44.297505535135535
25406,43.807342849920325
25408,43.80734284992032
25409,43.80734284992032
25410,43.80734284992032
25411,43.48606069296623
25416,43.893564774869006
25418,44.87538444285215
25420,44.875866117155624
25421,45.347559209239606
25422,45.789508578969375
25426,45.789508578969375
25427,45.789508578969375
25430,45.871017364438366
25431,45.858428773267136
25432,45.858428773267136
25433,46.208093991171175
25438,46.21363816923438
25440,46.21363816923438
25441,45.858505582369006
25443,45.52730819790704
25444,45.52730819790704
25454,45.52730819790704
25455,45.52730819790704
25457,45.445756917957084
25458,46.28627693722855
25461,46.512358725054774
25462,46.47619197954311
25463,46.47619197954311
25465,45.8490299603316
25466,45.45962625568985
25467,45.46013399985546
25468,45.12493696194262
25470,45.12493696194262
25471,45.12493696194262
25473,45.12493696194262
25474,44.857222607834174
25480,44.857222607834174
25483,44.691492951698734
25484,44.69178289779067
25485,44.69178289779067
25486,44.691674160913784
25487,44.691674160913784
25488,44.54541976016052
25493,44.55848064542848
25499,44.55848064542848
25501,44.59809681065763
25502,44.45805144690129
25504,44.45805144690129
25508,44.45816735094768
25510,44.45816735094768
25511,44.45816735094768
25512,44.45816735094768
25513,44.45816735094768
25514,44.45816735094768
25515,44.45816735094768
25520,43.3710561415725
25522,43.67559619608261
25523,43.67559619608261
25524,43.68193373333363
25526,44.131831236742464
25529,44.131831236742464
25530,44.131831236742464
25531,44.5121271480184
25532,44.6611924940056
25535,44.63149236266507
25539,44.72241535915596
25542,44.51168783653896
25543,44.69206296707769
25544,44.69206296707769
25545,44.924249907612484
25547,44.924249907612484
25548,44.92426323086424
25549,44.92426323086424
25553,44.936550551475726
25554,44.71672225227419
25555,44.71672225227419
25556,44.71672225227419
25557,44.71672225227419
25558,44.749920514236656
25560,44.74984276513177
25561,44.74984276513177
25562,44.74984276513177
25564,44.99748433563504
25566,44.84459367386346
25568,44.918290745995925
25569,44.918290745995925
25570,44.91274656793272
25574,44.91274656793272
25575,44.584512178799244
25576,44.51517053424762
25582,44.45483207779159
25583,44.45483207779159
25585,44.518232942525415
25586,44.518232942525415
25587,44.518232942525415
25588,44.518740686691025
25589,44.639934339364935
25590,44.26403630135829
25591,44.26403630135829
25593,43.62857481055551
25595,44.064871604406925
25596,43.8902859994623
25599,44.35070586770467
25600,44.35070586770467
25601,45.84795326065743
25604,45.455249608713224
25607,46.27507492717026
25608,46.27507492717026
25610,46.27507492717026
25612,46.27507492717026
25614,46.27507492717026
25615,46.27507492717026
25616,46.12795044239849
25617,46.12795062806805
25618,46.330335730804954
25620,45.80161968600464
25622,45.80161968600464
25623,45.90673357436201
25624,46.09796569590185
25625,46.80389682702616
25627,46.80446464949566
25628,46.86912077335989
25630,46.86912077335989
25631,46.8505693513483
25632,46.858054075006216
25634,46.858054075006216
25635,46.858054075006216
25637,46.858406031585865
25640,46.69422841180335
25641,46.7095882508664
25642,46.5562065745524
25645,47.09060728777086
25646,47.09060728777086
25647,47.14517044225274
25648,46.48567041408944
25649,46.48567041408944
25650,46.48567041408944
25651,46.48567041408944
25652,46.48567041408944
25653,45.35029885455568
25654,45.35306253686387
25657,45.35437298023709
25658,45.354372980237095
25659,45.356456431098984
25660,45.37900742331289
25661,45.37907742805031
25662,45.37907742805031
25667,45.3790774280503
25668,45.66994353777403
25669,45.66994353777403
25672,44.76743415519826
25675,44.76743415519826
25676,45.13583676724451
25677,45.06085934462201
25678,44.84301411353595
25679,44.84301411353594
25680,45.39827168213182
25681,45.25553005565944
25682,45.25553005565945
25683,45.25553005565945
25684,45.25553005565945
25685,45.25553005565945
25687,45.25647467306105
25688,45.25675208152097
25689,45.25675208152097
25692,44.536181602507455
25693,44.611502929567834
25695,44.611502929567834
25696,44.61813315263056
25698,44.61813315263057
25700,44.75304035711714
25702,44.73812624822536
25703,44.73812624822536
25708,44.73694756088353
25711,44.290930069960616
25713,44.290930069960616
25717,44.45241343840905
25719,44.44845116638947
25725,44.44845116638947
25726,45.903442629332964
25727,45.903442629332964
25729,45.903442629332964
25734,45.903442629332964
25736,45.903442629332964
25738,45.903442629332964
25739,45.691760556090614
25740,45.691760556090614
25741,45.69132774504303
25744,45.861229646057865
25747,46.072379351150694
25749,46.29904451182339
25750,45.859749362802575
25752,45.92945640493504
25758,46.32787630362053
25760,46.363623627263195
25761,46.363623627263195
25762,46.36373505211099
25763,46.363735052111
25764,46.36320289773862
25765,46.33871365964796
25768,46.217203856014265
25771,46.21729277938985
25773,46.21729277938985
25777,45.304702004509394
25778,45.32378470087361
25779,45.32378470087362
25780,45.564772533469
25784,45.564772533469
25786,45.564772533469
25788,45.564772533469
25791,45.56477636129614
25792,45.35208431353514
25796,45.35208431353514
25797,45.796865871963554
25799,45.822778080462264
25803,45.990627258233914
25804,45.15722939317498
25807,45.15722939317498
25808,45.15722939317498
25809,45.29456573881389
25810,45.29456573881389
25811,44.80286961835574
25812,44.80286961835574
25813,44.80286961835574
25818,44.80286961835574
25819,44.69151788840792
25820,44.70406080881388
25821,44.70406080881387
25822,44.70406080881387
25823,44.764023271673814
25827,44.764023271673814
25831,45.42092725648722
25833,45.42092725648722
25834,45.42092725648722
25836,45.55721054155747
25837,45.55721054155747
25838,45.60714238676068
25839,45.60714238676068
25842,45.967656159001386
25843,45.79857932919572
25847,45.607147221090976
25849,44.883599718457276
25850,45.1041759801224
25851,44.64994357372602
25852,44.64994357372602
25853,44.65310292068753
25854,44.659906451816255
25856,44.62668301184338
25859,44.260284006422744
25860,44.47310394786347
25861,44.88111172048592
25868,44.942940142876594
25869,44.95644811124347
25871,45.58949947856456
25873,45.21136899308868
25875,45.24535789387633
25880,45.457041709163526
25883,45.51154621587518
25886,45.51154621587518
25887,45.39623595491024
25888,46.5081617437946
25889,46.5081617437946
25893,46.26087025161019
25894,45.867114524801465
25895,46.311201059020966
25896,46.311201059020966
25898,46.31509500595471
25899,45.709828759890755
25901,45.709828759890755
25902,46.239552094833776
25903,46.239552094833776
25904,46.23955300403482
25914,46.787803593823924
25916,46.787803593823924
25918,46.7870141343273
25921,46.98088999784986
25922,46.98088999784986
25923,46.98088999784986
25926,46.75107060963741
25927,46.75107060963741
25928,46.67210827350526
25929,46.663838720711446
25931,46.609369296961226
25937,48.2790333970979
25938,48.2790333970979
25939,48.2547635145146
25940,48.2547635145146
25941,48.358349103518975
25943,48.358349103518975
25944,48.1122708379437
25945,47.931452791842084
25946,47.931452791842084
25948,47.91891541583387
25949,47.93272445781489
25950,48.21798966772259
25951,47.583236637497876
25952,47.58323663749788
25953,47.58323663749788
25954,47.58323663749788
25955,47.733494273095566
25956,47.58323663749788
25958,47.58323663749788
25959,47.58323663749788
25960,47.58332217215979
25962,46.99254738495442
25963,46.92543506519139
25964,46.614946368336426
25967,46.61550184427413
25968,46.61550184427413
25970,46.78176604952002
25971,46.6053873540845
25972,46.52997123551233
25973,46.546532961120285
25975,46.546532961120285
25977,45.94649000268583
25978,47.22487084563892
25979,46.96564111514389
25980,46.931919356761604
25981,46.706331638004585
25984,46.706331638004585
25986,46.57746398542878
25987,46.060041672166236
25988,46.060041672166236
25989,46.05220819963433
25990,45.863373164177574
25991,45.843193179167415
25994,45.843193179167415
25996,46.27398535359703
25997,46.27398535359703
25998,47.037253294865664
26000,46.26314720727223
26002,45.75106652549258
26003,45.937562833461534
26004,47.95854154073792
26007,47.95854154073792
26008,47.95854154073792
26009,48.38767090106489
26012,48.38767090106489
26013,48.38767090106489
26014,48.79502354675011
26016,48.166353194963804
26018,48.16635319496381
26019,48.16635319496381
26020,48.16635319496381
26024,47.991181369089766
26025,47.06589404019642
26026,47.06589404019642
26027,46.70163768816381
26028,46.908191945749756
26030,46.908191945749756
26032,46.908191945749756
26033,46.90910425104838
26034,46.909104251048376
26036,46.99067677255344
26038,46.99067677255344
26041,46.90811839520764
26045,46.92183717661597
26046,46.77266195541986
26047,46.77266195541986
26048,46.77266195541986
26049,46.71430647253376
26052,46.71430647253376
26054,46.71430647253376
26056,46.71430647253376
26057,46.844699169402965
26058,46.85037808143856
26059,47.37897736453941
26060,47.37897736453941
26065,47.38644808366548
26066,46.794197173420095
26067,46.794197173420095
26068,46.794197173420095
26073,46.79420233295863
26074,46.723665947908685
26076,46.72366594790868
26078,45.998546637154426
26079,46.012194636210005
26080,45.97141712088158
26081,45.47484819804157
26082,45.50492194586774
26083,45.755004366779104
26087,45.83396443183063
26089,45.83396443183063
26091,45.83396443183063
26092,45.82431089598071
26094,46.028753922239794
26095,46.74873405851607
26097,46.85818247885762
26098,46.85839816290486
26099,47.03381909318833
26100,47.03381909318833
26101,47.09680904833242
26103,46.74873405851607
26104,46.77412650013965
26107,46.77412650013965
26108,46.77412650013965
26109,47.003233025491845
26112,47.2849049828016
26114,47.88701275545629
26116,47.886931769203954
26118,47.886931769203954
26119,47.31982867672226
26120,47.31827910157182
26121,47.39585184869971
26128,48.56964387631482
26131,48.29110445310495
26132,48.29110572450093
26133,48.29110572450093
26134,48.292165636544794
26136,47.91954596374113
26138,47.91954596374113
26139,47.91954596374113
26140,47.91954596374113
26144,47.91954596374113
26145,47.91954596374113
26146,47.91954596374113
26147,47.91954596374113
26151,47.572395945780436
26152,47.57524508063182
26153,47.39094668064028
26157,47.393155160477825
26158,47.393155160477825
26159,47.64994283958597
26160,47.65038414428234
26161,47.657833695855395
26162,47.657833695855395
26163,47.657833695855395
26164,47.657833695855395
26165,47.623982311601985
26168,47.942265382610294
26169,47.942265382610294
26170,47.942265382610294
26171,48.058720172465605
26173,48.2231752458375
26174,48.24472650301322
26177,48.246426875500475
26178,48.246426875500475
26179,48.246426875500475
26180,48.21126447744289
26182,48.211266709281006
26183,48.12530977391651
26184,47.627088583767495
26186,47.627088583767495
26190,47.62734210459669
26191,47.52311071537615
26193,47.52311071537615
26195,47.52311071537615
26197,47.52329443978158
26199,47.21185180819148
26201,47.21697294495227
26203,47.22634937180686
26206,46.85117094590977
26207,48.3350411589562
26208,48.3350411589562
26210,49.38899597251286
26211,49.38899597251286
26212,49.10921151116521
26213,49.10921151116521
26214,49.04899381219128
26215,49.04899381219128
26216,48.94320522642409
26217,48.94276392172772
26219,48.94444919974178
26220,49.01690147992785
26221,49.016901479927846
26222,49.21491646198333
26223,48.965142311411974
26224,48.965142311411974
26225,48.49284668380191
26226,48.49284668380191
26228,48.722327991228994
26229,48.722327991228994
26230,48.08899575073589
26231,48.08899575073589
26233,48.772961827280824
26234,49.577760202579654
26235,49.577760202579654
26236,49.577760202579654
26237,50.51698179380047
26238,50.51698179380047
26239,49.71486386942371
26240,49.14855536753535
26242,48.103822900423246
26243,48.103822900423246
26244,48.103822900423246
26245,48.1398879513113
26246,48.440977685662425
26249,48.407990708554586
26250,48.407990708554586
26253,48.407990708554586
26254,48.39966000862042
26255,48.39966000862042
26258,48.39966000862042
26262,48.39966000862042
26263,48.39966000862042
26264,47.86578583000059
26265,47.8657858300006
26266,47.8657858300006
26267,47.86456719108166
26269,47.864567191081655
26270,47.864567191081655
26271,47.85790537642008
26274,47.06440941972226
26277,47.07588059863744
26279,47.34889736639943
26280,47.34604823154805
26281,47.34604823154805
26285,47.34604823154805
26286,47.27392728543238
26290,47.275535009671295
26291,47.150574791519105
26292,47.14829187384808
26294,47.14830261304801
26296,47.158907268013984
26297,47.158907268013984
26298,46.754915727402896
26300,46.79517620292392
26302,46.79517620292392
26303,46.751858897178316
26305,46.751858897178316
26306,46.751858897178316
26307,46.751858897178316
26308,46.75131120189013
26310,46.57996744814368
26313,46.57996744814368
26314,46.57996744814368
26319,46.633518018345725
26320,46.633518018345725
26321,46.61015230074467
26323,46.6386388968149
26325,46.6386388968149
26326,47.478270153666294
26327,47.498662543866196
26332,47.498662543866196
26334,47.498662543866196
26335,47.498662543866196
26339,47.498662543866196
26341,47.498662543866196
26342,48.89128207200914
26343,48.657186706345804
26344,48.657186706345804
26345,48.60869792312807
26346,47.485085728473095
26351,47.391382230095964
26352,47.40009850085442
26354,46.815570514053384
26355,46.815570514053384
26356,46.3988840297161
26357,46.32661747301039
26359,46.3270844471111
26360,46.37696143558292
26361,46.774094191086775
26362,46.774094191086775
26364,45.975942027265376
26365,46.07046026122929
26366,46.07046026122929
26368,46.07046026122929
26369,46.368936713265825
26370,46.368936713265825
26371,45.902261424729915
26373,45.827343286225315
26374,45.828048530717794
26375,45.828048530717794
26376,45.13067651144204
26377,45.13220580207178
26379,45.212948009234196
26381,45.21294956812733
26382,45.21294956812733
26384,45.21463505098096
26385,45.25448567477199
26386,45.19890330188054
26387,44.92293938243316
26388,44.93392084543466
26391,45.16748802579988
26393,45.16748802579988
26395,45.16788949356202
26396,45.16788949356202
26397,44.98726429006874
26398,44.98726429006874
26401,45.326297514437115
26402,44.77559867769149
26403,44.25820815204877
26407,44.230107346492524
26408,43.974398211527856
26409,43.974398211527856
26410,43.974398211527856
26411,44.33487168907459
26412,44.35445223905305
26413,44.35445223905305
26414,44.55435987303816
26416,44.55435987303816
26417,44.197843691135404
26419,44.197843691135404
26421,46.638931175060655
26422,46.638931175060655
26423,46.638931175060655
26424,46.638931175060655
26425,47.21747051312733
26426,47.21747051312733
26428,47.40583596148377
26429,47.40583596148377
26431,47.40583596148377
26432,47.40583596148377
26434,47.59763239743337
26435,47.59763239743337
26436,47.6919721293767
26437,47.6919721293767
26438,47.6919721293767
26440,45.80933506257937
26442,46.19166072475204
26444,46.79235090243102
26448,46.79235090243102
26449,46.08594742366714
26450,46.08594742366714
26451,45.026185350158904
26456,45.026185350158904
26458,45.026185350158904
26459,45.03559167830783
26467,45.87413860922647
26470,46.103170686072765
26471,46.13471988770448
26473,46.13471988770448
26475,46.13826494894491
26476,46.47018000440889
26480,46.07644836929738
26482,46.07644836929739
26483,46.07644836929739
26485,46.101026711031416
26486,46.101026711031416
26487,46.21121283523839
26489,46.1029242765053
26490,46.249184574022635
26491,46.29452224470831
26492,46.25569036782383
26493,46.2573666129585
26495,47.19557819843991
26498,46.49281734980653
26500,46.49281734980653
26502,46.462692190672314
26503,46.5929871199713
26504,47.44630709460804
26506,48.20992401659997
26508,48.20992401659997
26509,48.178242691803305
26511,48.18696548600836
26513,48.18696392711522
26521,48.4063914310156
26524,48.4063914310156
26525,48.07342371600671
26526,47.50348468444498
26527,47.34663047280842
26528,47.242573996983296
26530,47.242573996983296
26531,47.24282836022701
26532,47.19155433609526
26533,47.19515889226894
26534,47.19515889226894
26535,47.19515889226894
26536,47.19515889226894
26538,47.19515889226894
26539,47.19515889226894
26541,47.773446105911724
26542,47.773446105911724
26543,47.77795715354029
26544,47.613304011413874
26545,47.310336982733475
26549,47.310336982733475
26551,47.310336982733475
26553,47.310336982733475
26554,47.310336982733475
26555,47.31038007491066
26556,47.30987322573083
26557,47.11392919405361
26558,47.11392919405361
26560,47.11392919405361
26561,47.31847966788925
26563,47.297395396536565
26565,47.11404474482214
26566,47.11404474482214
26567,47.09494740190969
26568,47.169445578741794
26569,47.15834269271942
26571,47.15834269271942
26572,47.15834269271942
26574,48.42623195685406
26575,48.42623195685406
26577,48.42623195685406
26578,47.080007273988116
26579,47.382826494497394
26581,47.42584317168559
26583,47.080007273988116
26584,47.080007273988116
26588,46.878913346384174
26589,46.90178832149608
26590,46.8655788570033
26591,46.86688627398411
26593,46.8668862739841
26594,46.5023931288104
26595,46.68729238338908
26596,46.137218526304466
26597,45.72182459750483
26598,45.42767881223208
26599,45.42767881223208
26601,45.16519991607129
26603,46.39391291087858
26604,46.92158810521471
26605,47.12212984847511
26606,47.37962868840273
26607,47.37962868840273
26608,47.38367997507831
26609,47.75804638973294
26610,47.78641799468553
26611,47.74353141674919
26612,47.07554551911941
26614,47.07554551911941
26615,47.07554551911941
26616,47.0800291504425
26617,47.080029150442506
26618,47.07554551911941
26619,47.07554551911941
26625,47.07554551911941
26628,47.11828947606161
26629,47.11828947606161
26634,47.11828947606161
26636,47.33938038094234
26637,47.13085935309849
26641,47.13085935309848
26643,47.17710899087461
26644,47.17770582416993
26646,47.17050784168829
26647,47.12165702920896
26648,47.02934613444009
26649,47.74655846309415
26650,50.58980401837376
26651,51.39119500263939
26653,51.39119500263939
26655,51.39119500263939
26656,51.622218161474706
26657,49.514206879911534
26661,49.514206879911534
26665,49.18018833292339
26666,49.18030978010274
26667,49.18030978010274
26668,49.18030978010274
26669,48.8655422113219
26670,48.23247690795896
26671,48.23247690795896
26672,47.50557457765458
26673,47.50557457765458
26674,47.10698692157975
26676,47.10698692157975
26678,47.10698692157975
26679,47.09461880767993
26680,47.09461880767993
26681,46.90290779323948
26683,46.90290779323948
26684,46.90290779323948
26685,46.84100355920331
26687,46.84100355920331
26689,46.84100355920331
26690,46.83838207620315
26691,46.83838207620315
26692,46.83838207620315
26693,46.83838207620315
26695,46.83825849305752
26696,46.83825849305752
26697,46.58800368442084
26703,46.981073981278286
26704,46.981073981278286
26708,46.981073981278286
26711,48.107015874849694
26713,47.530639014501375
26718,47.7574116562089
26719,47.7568268911147
26720,47.7568268911147
26723,47.7568268911147
26726,47.73949419214508
26727,47.73949419214508
26728,47.73949419214508
26729,47.73949419214508
26730,47.63092402482405
26732,48.33830411280647
26733,48.33830411280647
26734,48.34285406457487
26736,48.342854064574865
26737,48.342854064574865
26738,48.50598171729451
26741,48.50598171729451
26742,48.50598171729451
26743,48.4254964316307
26745,48.4254964316307
26746,48.4254964316307
26748,48.4489477332463
26749,47.34154345156262
26750,47.34154345156262
26751,47.34154345156262
26753,47.14398701941211
26754,47.14398701941211
26755,47.14398701941211
26756,47.14093165863975
26757,47.57375238528889
26758,47.36285905788138
26759,47.36285905788138
26760,47.40740666680939
26761,47.40740666680939
26764,47.15732667189131
26766,47.00711991181034
26767,46.70896690868765
26768,46.70896690868765
26769,46.7202506138941
26770,46.720250613894095
26772,46.46333691438624
26773,46.46333691438624
26775,46.46333691438624
26776,46.70001443453339
26777,46.18324760429167
26778,46.161169306336944
26779,46.16116930633694
26782,46.16116930633694
26784,46.16116930633694
26785,46.16116930633694
26787,45.88587608062795
26788,47.18665613722074
26789,47.18665613722074
26790,47.31373473444974
26791,47.31373473444974
26792,48.00090756886739
26793,48.01011123115136
26794,48.10945651522678
26795,48.10945651522678
26796,48.10945651522678
26798,47.71152423023291
26799,47.681793727917416
26801,47.681793727917416
26802,47.681793727917416
26803,48.493999991561125
26805,48.493999991561125
26806,48.493999991561125
26807,48.55903722860771
26808,48.560063046466205
26809,48.94315909746321
26810,48.94315909746321
26811,48.65955189186963
26813,48.659551891869626
26814,47.979955918474175
26816,49.39036453302435
26818,49.39036454799983
26819,49.02530342863155
26820,49.01092518213199
26821,49.01092518213199
26826,49.01133847774001
26828,49.01133847774002
26831,49.96521791941754
26832,49.96521791941754
26834,50.28232946899092
26837,51.124515768730475
26839,49.895226317698985
26841,50.061036263493015
26842,47.63473405672552
26845,47.597023039269274
26846,47.597023039269274
26847,47.596661162403564
26849,47.60591597525901
26852,47.608788318686685
26853,48.13928594523768
26854,47.48170972145768
26855,47.405805592316135
26856,47.49600674621974
26857,47.689149764804675
26859,47.689149764804675
26861,47.54007029357977
26862,47.53951613138038
26864,47.53951613138038
26867,47.53951613138038
26870,47.46362504185033
26871,47.46362504185033
26873,47.70947494328912
26875,47.23120652377991
26876,47.23120652377991
26878,47.23693431061273
26881,47.238898655052346
26882,47.238898655052346
26884,47.58817726115039
26885,47.74452143946203
26886,47.742705481617364
26888,47.742705481617364
26889,47.36731506901399
26892,47.14082173310266
26893,46.98927692532497
26895,46.98927692532497
26896,46.98927692532497
26898,46.98927692532497
26899,46.98927692532497
26901,46.914770451205676
26902,46.77160424274599
26903,46.81205682644589
26907,46.81206903778838
26908,46.375500384344434
26910,46.669561949345784
26912,46.669561949345784
26913,46.669561949345784
26914,46.669561949345784
26917,46.669561949345784
26918,46.669561949345784
26919,46.701102678749514
26920,46.9554143322529
26923,46.856705947634744
26926,46.85097816080192
26930,46.39849504226083
26932,46.398495042260826
26933,46.398495042260826
26935,46.398495042260826
26936,46.119926880669986
26937,46.119926880669986
26938,46.119926880669986
26939,46.119926880669986
26940,46.119926880669986
26941,46.124051899479134
26942,46.21809785861983
26944,46.3034529479813
26945,46.3034529479813
26947,46.3034529479813
26949,46.65523772248713
26951,46.655201130842904
26952,46.65786908291569
26953,46.65786908291569
26956,47.537049285816835
26957,47.26727507542784
26958,46.17024913124075
26960,46.17024913124075
26961,46.17024913124075
26962,46.19235125642719
26966,46.10699616706572
26967,47.04676975532277
26971,47.18896852625459
26972,47.18896852625459
26973,46.77649839835183
26976,46.7893024966863
26977,46.02059867197279
26979,46.02059867197279
26980,46.02059867197279
26982,46.12981944886499
26983,46.14999096706743
26985,46.14999096706743
26987,46.14304042576377
26988,46.14304042576377
26991,46.143636643872966
26994,46.143636643872966
26996,45.69425265285335
26997,45.69430994703698
26998,45.65739124991092
26999,45.65739124991092
27000,45.65739124991092
27001,45.321866220677194
27002,45.23429811988154
27003,45.14680875543528
27004,45.14680875543528
27005,45.14680875543528
27006,44.949109119136835
27007,45.178147643217315
27009,45.01356825690491
27010,45.01356825690491
27014,45.01356825690491
27015,45.01356825690491
27016,45.01356825690491
27017,45.01365345357812
27018,44.44926943641818
27019,44.44926943641818
27022,44.44926943641818
27023,44.44926943641818
27024,44.44926943641818
27025,43.89600861433917
27027,43.89600861433917
27028,43.89600861433917
27029,44.84460275511354
27032,44.81306202570981
27033,44.78421955279885
27035,44.83434673346708
27036,44.83282854730541
27038,44.83282854730541
27039,43.674030516799085
27040,43.674030516799085
27042,43.194346635684006
27043,42.58395603762055
27044,42.87018342940509
27045,42.87123516219585
27048,42.871661468060864
27049,43.16215835881581
27050,43.36300270900531
27054,43.36476460567251
27055,43.15878327390659
27056,43.39716545763813
27057,43.46979703568831
27058,43.37349543148588
27059,43.37349543148588
27061,43.37349543148588
27062,43.051135598721
27063,43.053788695910725
27065,42.8948926549159
27066,42.8948926549159
27068,42.8948926549159
27069,42.169929699662745
27072,42.169929699662745
27073,41.754772533415625
27075,41.754772533415625
27076,41.754772533415625
27077,41.754772533415625
27078,41.88637136904023
27080,41.70728336895055
27083,41.70728336895055
27084,41.33283965742273
27085,41.332548634724546
27087,41.053449810427104
27088,41.03419218627302
27089,41.03419218627302
27090,41.035343938035524
27091,41.45303181756681
27092,41.305915935382764
27093,41.305915935382764
27097,41.35841527793778
27098,41.35871829758417
27099,41.292068548385224
27100,41.51584743202087
27102,41.515847869105855
27103,42.18347522853466
27104,42.02466984075179
27106,41.173945357084335
27108,41.173945357084335
27110,41.2225759079341
27111,41.21501438695494
27113,41.383265716324466
27115,41.383265716324466
27116,41.383265716324466
27117,40.28723624344729
27118,40.28723624344728
27119,40.22756871577486
27120,40.22790470192444
27121,40.22790470192444
27124,40.228159925808114
27125,40.228159925808114
27129,40.31392758947648
27133,41.81632925438291
27134,41.582113865062155
27135,42.013003246093966
27136,42.01110081180767
27137,42.01110081180767
27138,42.01110081180767
27144,42.01110081180767
27146,42.01110081180767
27148,41.9111180055993
27149,41.91228362846254
27151,41.4705352374483
27153,41.64723942713161
27154,42.1450544140009
27155,42.14506604143144
27156,42.142272598594666
27157,41.69212852043861
27158,41.72528566519958
27159,41.69212852043861
27161,41.60603312546382
27162,41.60603312546382
27163,42.50791744910035
27164,42.50843050420907
27166,42.50843050420907
27168,41.89638225301043
27169,41.80065625145637
27170,41.32446232196389
27171,41.32446232196389
27174,41.32446232196389
27176,41.076903493120824
27179,41.076903493120824
27182,41.09890786829818
27183,41.09890275158611
27185,40.73269384635207
27188,41.52570716844289
27193,41.52570716844289
27194,40.886004657154466
27195,40.70162576806519
27196,42.266264772662474
27197,41.88818746746869
27198,41.99311562403623
27200,41.99311562403623
27202,41.72501753418617
27203,41.72784683818798
27204,41.72784683818798
27205,41.017916119561285
27206,41.017916119561285
27207,41.017916119561285
27208,41.017916119561285
27209,41.02186580407253
27210,41.021865804072526
27211,40.31506923538475
27213,39.54686080670441
27216,39.5453305627657
27217,39.5453305627657
27218,40.40395707543569
27219,40.399151314758456
27221,40.40047203143679
27223,40.40047203143679
27227,40.40047203143679
27228,40.40152117173731
27231,40.4015211717373
27233,40.20083576945428
27236,40.02889811012942
27239,40.48506378850632
27241,40.028898110129425
27244,40.028898110129425
27245,39.98397883812927
27246,39.98281321526603
27250,39.96596309369755
27254,39.96596309369755
27257,40.17721984609075
27258,40.17721984609075
27261,39.58579802780186
27262,39.59540044435406
27263,39.59699997119458
27264,39.58579802780186
27266,39.58579802780186
27267,39.58579802780186
27270,40.19647554827623
27272,40.151222726381796
27274,40.151222726381796
27277,40.151222726381796
27278,40.151222726381796
27280,40.151764911454634
27285,40.45442221769328
27286,40.45442221769328
27287,40.456077938806295
27288,40.4560779388063
27294,40.4560779388063
27296,40.0232327808514
27302,40.02323278085139
27305,40.09792626149121
27309,40.02323278085139
27312,40.02323278085139
27314,40.02323278085139
27315,39.89551309109959
27316,39.83863023294246
27317,39.6912138956026
27318,39.32655476310055
27321,39.326554763100546
27323,39.326791344260236
27324,39.58443219161497
27325,39.58443219161497
27326,39.58443219161497
27327,39.76848089309912
27329,39.76848089309912
27334,39.76848089309912
27335,39.76848089309912
27337,39.90189302880866
27338,39.76848089309912
27339,39.76848089309912
27340,39.76852431510244
27341,39.76852431510244
27342,39.76852431510244
27343,39.76852431510244
27344,39.76852431510244
27345,38.75616153633575
27346,38.677172835585395
27349,38.677172835585395
27350,38.677630925480806
27355,38.677630925480806
27358,38.69300969937549
27364,38.69300969937549
27365,38.69300969937549
27366,38.69595697893719
27369,38.69595697893719
27372,38.69595697893719
27374,38.69595697893719
27376,38.71371759249034
27377,38.71371759249034
27378,38.71371759249034
27382,38.71511098650162
27383,40.02233633614514
27385,40.02233633614514
27387,40.00066020985543
27388,40.00074140727884
27390,39.924190617626195
27392,39.924190617626195
27393,39.10434861632334
27394,40.42487515473586
27395,40.410662601136096
27398,40.384951501825796
27399,39.78595150572358
27400,39.78595150572358
27402,39.92626759618151
27404,39.927546552689826
27407,39.927546552689826
27408,39.78870473507968
27414,39.79366078983921
27418,39.79366078983921
27419,39.87002831941104
27420,39.76671665402696
27421,40.19840573818086
27423,40.19840573818086
27424,40.13062142214554
27425,40.13062142214554
27429,40.131611222172296
27432,40.01353533716595
27434,39.8618121843238
27435,39.695946644101205
27437,39.695946644101205
27438,39.695946644101205
27439,39.728252869713636
27440,39.728252869713636
27441,40.39991311307354
27444,40.50721765504049
27448,40.42144999137213
27451,40.42144999137213
27452,40.49467314230056
27455,41.12188472730986
27457,41.12583127005345
27458,40.86876817234377
27463,41.57029266907862
27465,41.57029266907862
27467,41.57029266907862
27471,41.34366674058382
27474,41.56849262755398
27476,41.61301934289977
27477,41.6686296321425
27479,41.66915628125309
27481,41.47276457766344
27484,41.43481253725974
27485,41.46143789684859
27486,41.36739988284513
27487,41.07933814772016
27488,41.08816695869129
27490,41.24214028992465
27492,41.64927566810514
27493,41.03172920567628
27496,41.01728367148954
27498,41.01752883328374
27500,41.01752883328374
27501,41.01752883328374
27502,39.68062921225885
27503,39.68062921225885
27504,39.68062921225885
27507,39.681360028950905
27511,39.6682955055029
27514,40.07756038712279
27515,40.0776589731831
27516,40.08483545895349
27519,40.08493404365991
27520,40.08493404365991
27521,40.25740540767556
27522,40.25740540767556
27523,40.39694325915375
27525,40.39694325915375
27526,40.332519781877224
27527,39.15994468550901
27529,39.16027631465098
27530,39.41017178875747
27533,39.41017178875747
27535,39.40954904351003
27536,39.40954904351004
27537,40.60107405759474
27539,40.5068611514507
27540,40.41205894233808
27541,40.41205894233807
27543,40.41292350902515
27544,40.412923509025156
27546,40.412962989281375
27547,40.412962989281375
27548,40.24092986954609
27549,40.24092986954609
27550,40.25706091917371
27551,39.65152599215405
27552,39.654378291137185
27553,39.65518232633712
27554,39.65518232633712
27555,39.53373865770987
27556,39.533112596832495
27558,39.35769563872063
27560,39.35769563872063
27561,39.35769563872063
27562,39.56285622238104
27563,39.535170940775934
27564,39.535170940775934
27568,39.535170940775934
27570,39.47012599997956
27574,39.47012599997956
27575,39.47012599997956
27578,39.50044630067178
27579,39.50953226167652
27581,39.50953226167652
27582,39.51349075211029
27584,39.51514840603301
27585,39.51514840603301
27588,39.51747539877409
27589,38.23269678424171
27590,38.213834663785605
27591,38.213834663785605
27592,38.213834663785605
27597,38.171520875324
27599,38.171530120814815
27600,38.171530120814815
27601,38.171530120814815
27603,38.171530120814815
27606,38.171555205254414
27607,38.37630939903136
27609,38.37630939903136
27611,38.37630939903136
27612,38.634863323472395
27613,38.634863323472395
27618,38.634863323472395
27619,38.634863323472395
27620,38.634863323472395
27623,38.54288925863663
27627,38.56979676329978
27628,38.56979676329978
27629,38.569796752877096
27630,38.569823086352734
27631,38.56982308635273
27632,38.56982308635273
27635,38.1443811146362
27636,38.1443811146362
27638,38.32625376396903
27641,38.3280314825328
27645,38.08320119707178
27646,38.293441068377994
27647,38.293441068377994
27649,38.293441068377994
27650,38.293441068377994
27651,38.15720632942391
27652,37.86359272620084
27653,38.56575454289052
27655,38.55430306670794
27656,38.5547008614239
27658,38.55471788261204
27659,38.120674999768404
27661,38.1206749997684
27662,38.000683849412596
27663,37.983489950363634
27664,38.082432675105004
27666,38.082432675105004
27667,38.082432675105004
27671,38.082432675105004
27672,38.2158531784811
27674,38.2158531784811
27676,38.2158531784811
27677,38.68121034396176
27678,38.288358011740826
27679,37.97889371183852
27681,37.97889371183852
27683,37.88896565373348
27685,38.96838324086333
27687,39.01226844014693
27688,38.865677838205414
27691,38.86567783820541
27692,38.86567783820541
27695,39.80094024573112
27698,39.86909971426527
27703,39.86909971426527
27706,39.86909971426527
27708,39.86922434191797
27709,39.86922434191797
27710,39.86922434191797
27711,39.86714367027131
27714,39.86714367027131
27717,39.85914031370591
27718,39.93000504406799
27724,39.95272748992141
27725,39.95272748992141
27727,40.93660653692593
27728,40.93660653692593
27729,41.281358062176274
27730,41.281358062176274
27732,41.26836771785097
27733,43.06889131912502
27736,42.77485683982918
27737,42.77485683982918
27738,42.77485683982918
27739,42.86924644743457
27740,42.96247100528962
27741,42.96247100528962
27742,42.30644421752834
27745,42.30799009449309
27747,42.90694722509444
27748,42.94666175583965
27749,42.94666175583965
27751,42.94666175583965
27752,42.94666175583965
27756,42.9296828404039
27757,42.9296828404039
27759,42.926513176698634
27761,42.926513176698634
27762,42.926513176698634
27765,41.92095756368676
27767,41.92095756368676
27768,40.89514552919111
27770,40.89514552919111
27772,40.9015093142254
27773,40.9015093142254
27774,40.9015093142254
27775,40.82576394473835
27776,40.80059000242231
27779,41.098113460220524
27781,41.098113460220524
27782,41.7394542903307
27789,41.75845543357399
27791,41.758455433573985
27792,41.758455433573985
27793,42.11934279155581
27796,42.11934181609237
27797,42.11934178131503
27798,42.11768412739231
27799,42.125259603207994
27800,42.125259603207994
27801,42.266473562332976
27802,42.27875217240341
27803,42.278752172403415
27806,42.27962691391658
27807,42.20102631553006
27808,42.20102631553006
27809,42.20102631553006
27810,42.20102631553006
27812,42.20102631553006
27813,42.20102631553006
27814,42.20188975739768
27815,42.20267767262975
27816,42.20267767262975
27819,42.67939318673295
27820,42.67369423544127
27821,42.62675090525429
27822,42.212983718311456
27823,41.71884226756622
27824,41.71729639060146
27825,42.50888918475287
27830,42.512843740438655
27831,42.51284374043866
27833,43.771614785731714
27834,43.771614785731714
27835,43.771614785731714
27836,43.580973135225136
27839,43.580973135225136
27840,43.580973135225136
27841,43.580973135225136
27845,43.580973135225136
27846,43.580973135225136
27847,43.59496940589123
27852,43.59496940589123
27854,43.59496940589123
27856,44.01345356000617
27857,44.01345356000617
27858,44.01345356000617
27860,42.840354133140664
27863,42.840354133140664
27864,42.840354133140664
27865,42.7495607865848
27866,42.74787987717963
27867,42.59673779356912
27868,42.59673779356912
27869,41.87175232608617
27872,41.86810572216142
27879,41.86818640753625
27880,41.89645344150609
27882,41.89645344150609
27883,41.810566919206806
27885,41.81056691920681
27886,41.81056691920681
27887,41.81056691920681
27889,41.81056691920681
27890,41.82314493656574
27891,41.824114237578605
27892,41.50153128667373
27895,41.118084881665624
27896,41.97889028093202
27897,40.88014339235868
27899,40.88014339235869
27905,40.88014339235869
27906,40.46440072456914
27907,40.46440072456913
27909,40.46388955297534
27912,40.48875903597654
27914,41.16201580629241
27915,41.16201580629241
27918,40.37697127337172
27920,40.40250648598593
27922,40.41307125424127
27923,40.42520461957578
27928,40.836000615471995
27930,40.836000615471995
27932,40.836560723145006
27933,40.836560723145
27937,40.836560723145
27938,40.836560723145
27941,40.84291097142103
27943,40.84291097142103
27944,41.532902805472524
27945,41.31055699124908
27946,41.31055699124908
27947,41.31055699124908
27948,41.29930848298116
27949,41.29930848298116
27950,40.83086576312167
27953,40.83086576312167
27955,40.65479358569743
27957,40.64772317401315
27958,40.84801962503721
27959,40.64772317401315
27960,40.64772317401315
27961,40.64772317401315
27962,40.64772317401315
27963,40.64772317401315
27964,40.64862188810967
27965,40.881911588769334
27966,41.296715600500214
27967,41.29379757356138
27969,40.10486073928933
27970,40.20742923006277
27971,41.58961849848282
27974,41.5895653481908
27976,41.589565348190796
27978,41.879085167217575
27980,42.029726315033805
27981,42.06823307639674
27983,42.01236139839752
27985,42.057397780165445
27986,42.531732209135086
27988,42.531732209135086
27989,42.531732209135086
27990,42.057397780165466
27991,42.057397780165466
27992,42.057397780165466
27993,42.05740647917498
27994,42.05740647917498
27995,42.05740752583378
27997,41.934173252630735
27998,41.93417325263072
27999,41.93439416997542
28000,41.93439416997543
28001,41.932069442094146
28002,41.932069442094146
28003,41.967961956843276
28007,41.96731014518766
28009,41.96783359289945
28011,42.55651494394151
28012,42.559308386778284
28016,42.07763173831046
28017,42.30762217777616
28020,41.93666404050537
28021,41.93666404050537
28024,41.93666404050537
28026,41.93666404050537
28031,41.87839079564283
28032,41.87839079564283
28033,41.883015704806795
28034,41.883015704806795
28037,42.50042247056124
28038,42.50042247056124
28039,42.50833385652101
28040,43.36268629506976
28041,43.36268629506976
28042,43.36268629506976
28043,42.73747378491687
28044,42.16258976533054
28046,42.165274171843464
28047,42.165274171843464
28048,42.165274171843464
28050,41.94003057649383
28051,41.94003057649383
28053,42.12938966924146
28054,42.12938966924146
28056,42.12940149517384
28058,42.20416729806154
28060,42.20416729806154
28061,42.20416729806154
28062,42.19402076147854
28063,42.74071129064009
28065,42.74071129064009
28066,42.76760764684383
28068,42.76937333529482
28069,41.68452379062073
28070,41.68452379062072
28072,41.7910128304614
28073,41.79325309192006
28074,41.793253091920064
28075,41.793253091920064
28076,41.793253091920064
28082,40.87838895323446
28083,40.87838895323446
28084,40.87838895323446
28086,40.87838895323446
28087,40.87838895323446
28089,40.91249296122307
28091,40.93797871122668
28092,40.93797871122668
28093,40.93797871122668
28095,40.83050418256987
28096,40.85412210419192
28097,40.85412210419192
28098,40.9408560302611
28100,40.9408560302611
28105,40.90042828854129
28106,40.897795463704064
28107,40.89779546370406
28108,40.60402646092381
28110,40.6082659587356
28112,40.6082659587356
28114,40.58705261273033
28115,40.516090543968986
28116,40.45049779744963
28117,40.46020692299643
28118,40.46033121512948
28119,40.46046305419569
28120,40.46046305419569
28122,40.9198111536478
28123,40.9198111536478
28125,40.108701392395425
28126,40.108701392395425
28128,40.076326702007044
28129,39.92046657140405
28130,40.24795205042028
28132,40.83691748183959
28133,40.83691748183959
28136,40.83691748183959
28138,40.83691748183959
28139,40.83691748183959
28140,40.837307416825276
28143,41.36577653995786
28144,40.837307416825276
28145,40.837307416825276
28147,40.837307416825276
28149,40.83753920755191
28151,41.04623291646917
28152,41.04623291646917
28153,41.04338968455899
28154,41.04338968455899
28155,41.09845166030327
28156,41.04338968455899
28159,41.044290815005525
28160,41.04424442894971
28161,41.04424442894971
28162,41.04518079019878
28164,41.04655327235116
28167,41.112024961742144
28168,41.200507259641675
28169,41.200507259641675
28170,40.648347799982844
28171,40.648347799982844
28172,40.14312330758236
28173,39.7292777528816
28174,39.72927775288159
28176,41.29841542986164
28177,41.29841542986164
28181,41.29841542986164
28182,41.29841542986164
28183,41.29841542986164
28184,40.864885914378775
28185,40.864885914378775
28190,40.92562762918149
28194,41.08239500958039
28195,41.08239500958039
28196,40.88545543177682
28198,40.88545543177681
28201,40.88545543177681
28204,40.88545543177681
28205,40.88545543177681
28208,40.88545543177681
28211,41.14954400792821
28214,40.72367594212327
28215,40.73415003905406
28218,40.14022380344525
28220,39.86100373348454
28222,40.77746072810332
28226,40.77746072810332
28227,40.778521040686734
28230,40.388989141415884
28235,40.08544685222595
28238,40.08544685222595
28240,40.08544685222595
28241,39.62082689656985
28243,39.93018226362502
28246,39.57032865571013
28250,39.57032865571013
28252,39.57032865571013
28254,40.49415422141834
28256,40.49415422141834
28257,40.49415422141834
28261,41.19210583262591
28262,41.087237282564146
28263,43.49469783878276
28264,43.49469783878276
28266,44.09644458583784
28267,44.09644458583784
28268,44.32607549173476
28270,44.32607549173476
28271,44.32607549173476
28273,44.363026213451725
28274,44.92643381899613
28275,45.16794771545391
28277,45.16794771545391
28283,45.0011730969027
28284,44.591176408109334
28286,44.591176408109334
28288,44.64837326560866
28290,44.64837326560866
28291,44.64837326560866
28292,44.64837326560866
28293,44.64837326560866
28295,44.64895376561254
28297,44.64895376561253
28298,44.64895376561253
28300,44.64895376561253
28301,44.74355011661754
28302,44.74355011661754
28303,44.74355011661754
28307,44.70200935882992
28308,44.69090993215652
28309,44.69044081697019
28314,44.663655958714486
28315,44.635379377716674
28318,44.635379377716674
28319,44.635379377716674
28320,44.67293582870916
28321,44.850832190840705
28322,44.81645377583111
28324,43.55193337766694
28327,43.55193337766694
28331,43.55193337766694
28333,43.55193337766694
28334,42.718359142232295
28336,42.718359142232295
28338,42.718359142232295
28341,42.718359142232295
28342,42.718359142232295
28343,42.64350073823616
28345,42.64642794727253
28346,42.64823762740155
28348,42.64642794727253
28349,42.566849805756405
28351,42.54308526411236
28354,42.54308526411236
28355,42.54308526411236
28357,42.44262784156803
28358,42.160463032396194
28360,42.88579633158799
28362,42.88579633158799
28364,42.776150068178424
28365,42.755697393377105
28367,42.755697393377105
28368,43.47260788619436
28369,43.45837308737716
28371,43.45837308737716
28373,43.45837308737716
28374,43.45837308737716
28375,42.889647576506235
28377,42.889647576506235
28384,42.889647576506235
28385,43.21783429545469
28386,43.94208759947128
28388,43.95320847966164
28390,43.81278319516291
28393,43.81278319516291
28394,43.81278272655312
28395,42.76187045164402
28397,42.62649104445357
28406,42.36706758759746
28407,42.36706758759746
28408,42.36706758759746
28409,42.33364786000145
28410,42.33364786000145
28411,42.33364786000145
28413,42.33466847949676
28414,42.33480925922612
28416,42.33480925922612
28418,42.33480925922612
28419,42.3352277596449
28422,42.33522775964491
28423,42.30199212987096
28424,42.30199212987095
28425,42.05030282775688
28427,42.06694592532783
28429,42.06694592532783
28430,42.05101150054297
28436,42.534227790552265
28439,42.27973424226323
28441,42.27973424226323
28442,42.27973424226323
28443,42.27973424226323
28446,42.255976708862036
28449,42.095134864669696
28451,42.095134864669696
28452,41.99203784702584
28454,41.86287459730687
28456,41.86287459730687
28457,41.95669377779838
28460,42.47701024723283
28461,41.986743271082666
28462,41.986743271082666
28463,41.986743271082666
28467,42.213411285272265
28469,42.21928701091688
28471,42.25053431576304
28472,42.21928701091688
28473,42.21928701091688
28475,42.34458288537785
28476,42.353322773267266
28477,42.366152416996805
28478,42.93743498871265
28479,42.93922874283804
28480,42.93922874283804
28483,42.936190371308506
28485,42.93619037130851
28486,42.93619037130851
28487,42.93619037130851
28488,42.93619037130851
28492,42.93619037130851
28493,42.93619037130851
28494,42.9400362203858
28495,42.96978788319869
28497,42.96978788319869
28499,42.96978788319869
28501,42.96978788319869
28502,42.32316292547848
28504,42.32316292547848
28505,42.32316292547848
28508,42.32386505906466
28509,42.32386505906466
28510,42.339081549929986
28511,42.33908154992999
28512,42.33908154992999
28513,42.35020787431745
28514,42.361798993465385
28515,41.14096259863679
28516,41.14422098928764
28518,41.28598231971784
28519,41.288172464940295
28523,41.288172464940295
28526,41.288172464940295
28527,41.288172464940295
28528,41.288172464940295
28529,41.17402305563477
28530,41.17402305563477
28533,40.90811254124082
28536,40.87798888656794
28537,40.850066157121574
28538,41.23834165676008
28541,41.23834165676008
28542,41.23834165676008
28543,41.277726965789256
28544,41.27911868972719
28545,40.91403917782061
28546,40.91403917782061
28548,40.91403917782061
28550,40.607047788232265
28551,40.60704778823227
28552,40.60704778823227
28553,40.60704778823227
28554,40.59668717133944
28557,40.596955231427074
28558,40.59695523142708
28564,40.5969749746778
28565,40.69769226962446
28566,42.40232994142734
28567,42.40232994142734
28568,42.40232994142734
28569,42.40232994142734
28570,42.40232994142734
28571,42.40232994142734
28572,42.40232994142734
28573,41.54029111325287
28574,41.54031893217045
28576,41.767820606126435
28581,41.76357540060218
28582,41.291770905121886
28583,41.291743086204306
28584,41.29174308620431
28586,41.29174308620431
28588,41.00711702901966
28590,41.02147047106882
28592,41.02147047106882
28593,40.998737415951986
28594,40.89020667819007
28597,40.89020667819007
28598,40.94020880632303
28599,40.94020880632303
28601,40.78303298618503
28602,40.538398997563704
28603,41.18095753807851
28604,41.7710196885219
28605,41.942903175678744
28606,41.87635833165739
28607,41.85210887325746
28608,41.85210887325746
28612,41.85210887325746
28613,41.51170240497399
28614,41.51170240497399
28615,41.51191159332656
28616,42.12070292448533
28617,40.54545377511969
28618,40.59677749114934
28619,40.908390181490034
28620,40.908390181490034
28622,40.919484289525826
28625,41.00526494194134
28626,41.00526494194134
28629,41.065683080825394
28630,41.108021504781
28632,41.10833634478469
28633,41.20159528078729
28635,41.22077173211932
28636,41.736547283262645
28639,40.08383482338037
28641,40.11327265615048
28643,40.11327265615048
28645,40.11327265615048
28647,41.14902467927284
28648,40.13287307938021
28650,40.13287307938021
28653,40.13130345601035
28655,40.04341722744807
28656,40.33172574482761
28657,40.33172574482761
28661,40.33172574482761
28662,40.33172574482761
28663,40.234144853483855
28664,40.234144853483855
28666,39.90653711697704
28667,39.69982797024977
28669,39.69982797024977
28670,39.69982797024977
28672,39.69982797024977
28673,39.69982797024977
28674,40.33435956300625
28675,40.33435956300625
28678,39.717124191292505
28680,39.717124191292505
28681,39.96455009629761
28683,41.0391963699451
28684,41.0391963699451
28685,41.64476566174499
28686,41.480194585490096
28691,41.99499213784089
28692,41.99499213784089
28694,42.06744187300842
28696,42.06744187300842
28699,42.06744187300842
28702,42.06744187300842
28704,42.06264535600333
28706,42.06264535600333
28707,42.06264535600333
28708,41.58144335773906
28709,41.58832389999583
28710,41.58832389999583
28711,41.588703817642525
28712,41.588703817642525
28714,41.72334999054241
28716,41.64333001565757
28717,41.64474796235946
28719,41.697209763276796
28723,41.697209763276796
28724,41.97350896185109
28727,43.03402145960467
28731,43.03402145960467
28733,42.563193145920735
28734,42.56317228472027
28738,42.18045815419835
28739,42.18045815419835
28741,41.98570673884362
28743,41.96533432281726
28744,41.965425964488134
28745,41.966505333889295
28746,41.966505333889295
28747,41.980945193363034
28754,43.943810980757384
28756,43.78602185373513
28757,43.801938873997294
28758,44.125603066888814
28760,42.162737279494465
28762,42.162737279494465
28764,42.167781889449515
28765,42.16587716272356
28767,41.984423385683854
28768,41.99068376192612
28773,41.927735123641405
28774,42.34865376736004
28776,42.34865376736004
28780,42.907307854108886
28781,42.88721334340926
28783,42.88721334340926
28784,42.88721334340926
28787,42.88721334340926
28789,42.9199548386519
28791,42.99782780908161
28792,43.642890332246814
28793,43.642890332246814
28794,43.281991928404
28795,41.96905996107379
28796,41.96710168686911
28797,41.967101686869114
28798,44.4278219442304
28799,44.4278219442304
28801,43.61187315036641
28802,43.61187315036641
28803,43.11396065229355
28804,42.621288401645394
28806,42.6212884016454
28807,42.6212884016454
28809,42.62678176004382
28810,42.62678176004381
28812,42.62678176004381
28813,43.58518287548568
28814,43.774963079030215
28816,44.52337624800859
28817,44.24700919609376
28818,43.90644761267909
28819,43.791772932053846
28822,43.791772932053846
28824,44.033639008287786
28825,44.033639008287786
28826,44.033639008287786
28828,44.033639008287786
28830,44.033639008287786
28832,44.033639008287786
28833,44.033639008287786
28835,44.033639008287786
28838,44.033639008287786
28840,44.033639008287786
28842,44.033639008287786
28843,44.033639008287786
28844,44.35578861061528
28846,44.03358496385322
28849,44.03358496385322
28850,45.53494368077751
28851,46.686700749396
28852,46.6924333742571
28854,46.6924333742571
28855,47.113280711354854
28856,47.113280711354854
28858,47.113280711354854
28860,47.113280711354854
28862,47.31815807137093
28863,47.74177388954069
28865,47.113280711354854
28866,47.224594947595016
28867,46.04121122931363
28868,46.04121122931363
28869,45.90234877860218
28870,45.9059213507963
28873,46.20157626199262
28874,46.70464367773619
28875,46.70464367773619
28876,46.70464367773619
28877,46.70464367773619
28878,46.70464367773619
28879,46.551918617941325
28881,46.551918617941325
28882,46.570522177789975
28886,46.570522177789975
28887,46.570522177789975
28888,46.570522177789975
28890,46.570522177789975
28891,46.570522177789975
28892,46.570522177789975
28893,46.570522177789975
28894,46.57247287387716
28898,46.04652922620123
28899,45.3890454269249
28903,44.98496244800875
28904,45.040272043021986
28905,45.04073495168851
28907,45.04460365119295
28908,45.04460365119295
28909,45.04651140945093
28912,44.64645043587267
28913,43.92760048209517
28914,43.92733383164749
28917,43.92733383164749
28918,43.92665616692509
28921,43.92665616692509
28922,43.92665653419004
28923,45.634836461927954
28925,45.65667180919156
28927,45.65667180919156
28929,45.65667180919156
28930,44.94612242471595
28931,44.94612242471595
28932,44.94612242471595
28934,44.94612242471595
28938,45.38728255475155
28940,45.38728255475155
28941,45.47616763584359
28942,45.47616763584359
28943,45.38596336536857
28944,44.945407551858615
28945,44.87374082042616
28948,44.789199841382
28949,44.789199841382
28951,44.789199841382
28952,45.295522502040996
28953,45.295522502040996
28954,45.364930786602145
28955,45.842393062939806
28956,45.842393062939806
28957,45.014659688979656
28958,45.342052697322075
28959,45.342052697322075
28962,45.344849059458234
28964,45.265216730566195
28965,45.53528141071556
28966,45.53528141071556
28967,45.53528141071556
28969,45.53528141071556
28970,44.97456703299119
28971,45.09266285864325
28972,44.81234756236433
28973,45.11747784278224
28975,45.267059106734834
28976,45.2613787259115
28977,44.39931806118919
28980,44.39931806118919
28982,44.39254980371816
28984,44.39254980371816
28989,44.51173822681902
28990,44.91372492788571
28991,44.91372566551327
28992,44.9978507845651
28996,44.9978507845651
28998,44.18794461259885
28999,44.18603685434087
29000,44.18612026826923
29002,44.18612026826923
29004,44.18612026826923
29005,43.87652251435586
29007,43.439240031028355
29008,43.439240031028355
29009,43.439240031028355
29010,44.28234426116748
29011,44.28234426116748
29012,44.52509610494331
29015,44.52509610494331
29016,44.28221353851543
29018,44.28221353851543
29020,44.28221353851543
29022,44.28221353851543
29023,43.66250951011246
29026,43.66250951011246
29027,43.667092380876255
29030,44.50248999236946
29033,44.50248999236946
29034,44.5328774170818
29035,44.5328774170818
29037,44.5328774170818
29038,44.5328774170818
29040,44.5328774170818
29041,44.5328774170818
29042,44.5328774170818
29044,44.5328774170818
29045,44.532814159064294
29046,45.08118260148284
29048,45.08118260148284
29050,45.08118260148284
29053,45.072808214268505
29055,45.47670493458834
29057,45.47894641317324
29059,45.54436168675671
29061,45.54436168675671
29063,45.65960850581578
29064,45.65962840036608
29065,45.76621871207761
29067,45.33502736995618
29069,45.906209983973305
29074,45.86843481139506
29075,45.868434811395055
29076,45.868434811395055
29077,45.67382712700916
29079,45.67486590284856
29080,45.67528363844121
29081,45.67528363844121
29082,45.676237287061845
29084,45.73124395387133
29085,45.73124395387133
29086,45.73124395387133
29088,45.43429461191101
29089,45.02726679583986
29091,45.011875707580515
29092,45.13726311090299
29093,44.63938071681907
29099,44.9108812744343
29101,44.9108812744343
29102,44.9108812744343
29105,44.924097585731325
29106,44.924097585731325
29111,44.62228972984935
29112,44.622289729849356
29114,44.622289729849356
29115,44.622289729849356
29117,44.622289729849356
29119,44.59565860213069
29121,44.597292489241134
29123,44.597292489241134
29126,44.66052938145662
29127,45.86019936832966
29128,46.09071204246681
29130,46.09071204246681
29131,46.15100846568433
29132,46.15100846568433
29133,46.15100846568433
29136,45.87204283551786
29137,45.79679493861015
29139,45.45727842135986
29140,45.45727842135986
29142,45.45727842135986
29143,45.45727842135986
29145,45.45727842135986
29146,45.51308893028823
29149,45.51308893028823
29152,45.26555435258918
29153,45.26555435258918
29156,45.26555435258918
29157,45.652186393050904
29158,45.652186393050904
29159,45.65232211749444
29163,47.376444278260145
29164,47.33582760294293
29165,47.33582760294293
29167,47.33582760294293
29168,46.943764286180254
29169,47.39484702432659
29170,46.781398926006965
29173,46.781398926006965
29174,46.781398926006965
29175,48.09760924639652
29178,48.08436055789225
29180,48.08436055789225
29182,48.08436055789225
29183,48.08436055789225
29184,48.08436055789225
29186,48.08436055789225
29187,48.104248455362374
29189,48.104248455362374
29192,48.104248455362374
29193,47.82920511400745
29194,47.527344059555965
29196,47.527344059555965
29197,46.740311830350535
29198,46.745935570712234
29199,46.65534622841604
29200,46.65534622841604
29201,46.6595094258853
29202,46.6595094258853
29203,46.69797835934699
29205,46.73677906822587
29206,47.37429662713442
29209,47.54055333867659
29215,47.268552742222234
29217,47.268552742222234
29218,47.514569421824575
29219,47.39970763644645
29220,47.401069505281725
29221,47.69342462132893
29222,47.69342462132893
29224,47.552592793982825
29225,47.4093866470394
29229,47.40920971975807
29230,47.51552193066864
29231,47.061608319367345
29232,47.06153917427235
29233,46.95548200817628
29234,46.9022381103187
29236,46.9022381103187
29239,46.9022381103187
29241,46.605663008012364
29243,46.515483188644644
29244,46.515483188644644
29245,46.42951563068874
29248,46.42951563068874
29249,46.458928938713036
29250,46.42151813010401
29252,46.42151813010401
29253,45.72552223873241
29255,45.74778321303529
29257,45.65520924579403
29258,45.65515323846888
29259,45.65515323846888
29262,45.23714559292614
29267,45.237292052237706
29268,45.237292052237706
29269,44.76936211589169
29271,44.63325553920665
29273,44.51798395805835
29274,44.51798395805835
29275,44.51798395805835
29276,44.51798395805835
29277,44.51798395805835
29278,44.51911210350802
29279,44.79275957779898
29280,44.79275957779898
29282,44.79275957779898
29283,44.894317386811494
29286,44.894317386811494
29289,45.06082818811421
29291,45.28140059286441
29292,45.28140059286441
29293,44.8073313406301
29294,44.81725439820786
29296,44.817254398207865
29298,44.81932234468372
29299,44.81932234468371
29303,45.13345757825448
29304,44.88799438402794
29306,44.88799438402794
29307,44.88799438402794
29312,45.00622303761279
29313,45.00622303761279
29314,44.896818671424775
29317,45.13613188060445
29319,45.13613188060445
29320,45.130402709205576
29325,45.13162951798739
29326,45.13162951798739
29334,45.135467164899694
29335,44.816887169328886
29336,44.816887169328886
29337,44.70909129696012
29338,44.241324296802844
29342,43.91512745873992
29343,43.91512745873992
29344,43.91512745873992
29347,43.917953884066954
29348,43.917953884066954
29351,43.58005984314351
29352,43.58005984314351
29354,43.570175397281254
29355,43.570175397281254
29357,43.52959034106886
29360,43.52959034106886
29362,43.616947527451714
29363,43.61694752745171
29365,43.19714053815921
29366,43.19714053815921
29368,43.19714053815921
29370,43.47221179817958
29372,42.999620262692126
29373,42.999620262692126
29374,43.03627035792707
29375,42.302450740771505
29376,42.30251174003309
29377,42.22120238641569
29380,42.22433956959438
29382,42.22433956959438
29384,42.22433956959438
29385,42.31781066340071
29388,42.31781066340071
29389,42.31781066340071
29391,42.31781066340071
29392,42.31781066340071
29393,42.355558092995885
29397,42.55851087246694
29398,42.56766644634038
29399,42.56766644634038
29401,42.75566405931948
29403,42.761924435561745
29404,42.56462867790044
29406,42.565342272256416
29407,42.281647405422405
29409,42.281647405422405
29411,42.28098061531089
29412,42.09940480931763
29415,42.74676634764927
29418,42.74676634764927
29419,42.74676634764927
29420,42.69934992420023
29421,43.29453581494978
29422,42.69486177203263
29424,42.69486177203263
29425,42.564102547714675
29427,42.85723179299203
29431,42.85723179299203
29432,42.85723179299203
29433,42.922801486832476
29436,43.120609006811144
29438,42.923486147298426
29439,42.316015501364305
29440,42.316015501364305
29441,42.15251186855236
29442,42.15251186855236
29443,42.89584343212476
29444,42.95375798050906
29445,42.95375798050906
29447,42.95375798050906
29448,42.95375798050906
29451,42.95375798050906
29452,42.455088976199484
29453,42.414989554203316
29454,42.41500553335506
29455,42.415005533355064
29456,42.432787185679516
29457,42.432787185679516
29458,42.74653694216374
29459,42.74653694216374
29460,42.74653694216374
29461,43.20197660142096
29462,43.20197660142096
29463,43.20197660142096
29465,43.20197660142096
29466,43.20197660142096
29467,43.20197660142096
29470,43.20197660142096
29471,43.20197660142096
29472,43.20197660142096
29474,43.19152633206562
29475,43.29518539009431
29476,43.29518539009431
29477,42.1231906431309
29479,42.1231906431309
29480,42.1231906431309
29482,42.1231906431309
29483,42.09026953092034
29484,42.090269530920324
29485,42.11490853224957
29487,42.11546789866939
29490,42.11546789866939
29495,42.11546789866939
29497,42.11546789866939
29498,42.11546789866939
29499,42.453741815358875
29502,42.45578466979249
29503,42.45584509166636
29506,42.45622863885088
29509,42.45622863885088
29510,42.45622863885088
29511,42.627253634652774
29513,42.627253634652774
29514,42.69642681510197
29516,42.69642681510197
29518,42.233967474076834
29519,42.23396747407684
29522,42.23398269739695
29523,41.411534187145676
29524,41.62001184492555
29529,41.62001184492555
29530,41.63610698909978
29531,41.63758920823052
29532,41.63758920823053
29533,41.466564212428636
29534,41.835743299235546
29536,41.835743299235546
29537,41.83574329923554
29542,40.831865906538006
29543,40.831865906538
29544,40.8322380920255
29545,40.8322380920255
29547,40.8322380920255
29548,40.8322380920255
29549,41.4656684828798
29550,41.505043864304035
29554,41.48188427738127
29555,41.48188427738127
29556,41.48188427738127
29557,41.49671636781528
29558,41.073265683709515
29559,41.150244259184944
29561,41.15024425918495
29562,41.66511464531239
29563,41.50495741788644
29564,41.50694054173338
29568,41.52312642552761
29570,40.93217248337469
29571,40.651545327861335
29572,40.47157454467135
29573,40.61030633075552
29574,40.64938773405091
29577,40.64944141845082
29578,40.64944141845083
29579,40.6925969031996
29580,40.69259690319959
29582,41.29571867868381
29583,41.29571867868381
29584,40.082185321019686
29585,40.08218532101969
29586,40.08218532101969
29589,40.08218532101969
29591,40.084040749265164
29593,40.79447675032679
29594,40.586476197202
29595,40.586476197202
29597,40.710679257199736
29599,40.588441657398434
29600,40.591270570028435
29601,40.360230369171994
29603,40.360230369172
29605,40.071605935114306
29609,40.071605935114306
29610,40.071605935114306
29611,40.086379610566205
29612,41.27081505106069
29613,40.81783938826516
29615,40.81783938826516
29620,41.40795468514448
29623,41.67444501835729
29627,41.67444501835729
29629,41.67444501835729
29630,41.67444501835729
29631,41.67444501835729
29632,41.559609672166324
29634,41.559609672166324
29635,41.559609672166324
29636,41.507588712699025
29638,41.507588712699025
29640,41.41391365456011
29642,41.41338527887415
29644,41.18747598852151
29645,41.18747598852151
29648,41.14179928773253
29649,41.141799287732525
29650,40.73722962457909
29651,40.45955045646615
29653,40.45955045646615
29655,40.45955045646615
29656,39.875242351933665
29657,40.021404889769585
29659,39.875242351933665
29660,39.859056468139435
29661,39.87369169470858
29664,39.99079806745393
29665,39.97616284088478
29669,40.17497472830064
29670,40.175630930646896
29671,40.21315325666205
29672,40.213237442626436
29673,40.244409919963225
29674,40.24440991996323
29675,40.24440991996323
29676,40.24440991996323
29681,41.102929498325096
29684,41.91719702575978
29688,41.73236380654344
29690,42.00988065772792
29691,42.23450535855172
29692,42.23450535855172
29693,42.23450535855172
29694,42.23450535855172
29696,42.23450535855172
29697,42.232618399469395
29699,42.238947460571346
29701,42.2535826871405
29702,42.21630655053828
29704,42.21630655053828
29707,41.42312810445404
29708,41.42312810445404
29709,41.42312810445404
29710,41.79520602533222
29712,41.79520602533222
29713,41.624051815358094
29714,42.46164405945199
29715,42.46164405945199
29716,42.19921786871445
29719,42.63642550382044
29721,42.55952775420565
29724,42.41848604439123
29727,42.40347934490364
29729,42.40347934490364
29730,42.39825929894694
29731,42.399352887652306
29732,42.39935288765231
29733,41.44681732153178
29735,40.55403169460402
29737,40.56431618579228
29739,40.564300962472174
29741,41.04937756192288
29743,40.55480779429288
29744,40.55480779429288
29745,40.55480779429288
29746,40.55536879756897
29747,40.555368797568974
29749,40.392993068650135
29752,40.392993068650135
29753,40.392993068650135
29755,40.392993068650135
29758,40.392993068650135
29759,40.39689535121571
29761,40.39689535121571
29762,39.864641680573904
29764,39.87031060487817
29765,39.865829391387244
29766,39.865829391387244
29767,39.10345130950386
29769,39.10345130950386
29770,39.057912708424496
29771,39.057912708424496
29772,39.03952063803428
29773,39.60332340472377
29774,38.904751121978265
29775,38.904751121978265
29776,38.904751121978265
29777,38.767142329770905
29778,38.767142329770905
29782,38.598316326220974
29784,39.31438405444005
29788,39.31438405444005
29789,39.31438405444005
29790,39.31458835426085
29791,39.31458835426084
29792,39.31458835426084
29793,39.31462103580536
29794,39.31462103580536
29796,39.31458983827333
29798,39.44353685424991
29803,39.44353685424991
29805,39.356658985639484
29806,39.42016690526356
29807,39.420166905263564
29809,39.719736510026706
29810,39.70668759613172
29811,39.70668759613172
29812,40.4703966277633
29814,40.448038904397855
29815,40.44801067190403
29816,40.44801067190403
29817,40.44801067190403
29818,40.44801067190403
29819,40.69936626025189
29821,40.69936626025189
29822,40.6993935170472
29823,39.683956379331235
29824,39.68422222810862
29825,39.65303471711368
29827,39.87930670053888
29831,39.87959113853456
29834,39.40167195004073
29836,40.567181875544144
29837,40.567181875544144
29838,40.93244408727378
29839,40.93244408727378
29840,40.93244408727378
29841,40.93244408727378
29842,40.490145176740974
29844,40.490145176740974
29845,40.6265457841013
29848,40.16303959009669
29850,40.16303959009669
29852,40.16303959009669
29853,40.16303959009669
29854,40.16303959009669
29855,40.16303959009669
29858,40.29984480573346
29859,41.342354009335445
29860,41.3424765392047
29862,41.3424765392047
29863,41.3424765392047
29866,41.479536720858476
29867,41.479536720858476
29871,41.479798185169074
29874,41.48248394824557
29876,41.48248394824557
29877,41.051860227089236
29878,41.08836517825558
29879,41.08836517825557
29880,41.08836517825557
29881,41.34205469267761
29882,41.34205469267761
29884,41.233852681716314
29886,41.23385268171632
29888,41.66040847961033
29890,41.66040847961033
29891,41.98885004143494
29892,41.79734400813876
29893,41.79734400813876
29896,41.66040847961033
29898,41.66040847961033
29899,41.66162917559426
29900,41.661636886948024
29901,41.661636886948024
29902,40.68031301390727
29903,40.68031301390727
29907,40.68031301390727
29908,40.68031301390727
29909,40.68031301390727
29910,40.68031301390727
29913,40.72163946031013
29914,40.72163946031013
29916,40.72163946031013
29918,40.72163946031013
29919,40.054258555029364
29922,39.894191519259635
29923,40.447722744296705
29924,40.447722744296705
29925,40.447722744296705
29926,40.45513457096283
29927,43.17165106156387
29928,43.17165106156387
29929,43.17165106156388
29930,44.30063961258356
29931,44.307228042544985
29933,44.307255604617716
29934,44.45046180212858
29936,44.3746411504049
29937,44.3746411504049
29939,44.17680625769436
29940,44.17680625769436
29942,44.17680625769436
29943,44.17680625769436
29945,44.176810707862515
29946,44.17681070786252
29947,44.185272571977244
29950,44.185272571977244
29951,44.185272571977244
29952,45.23619521536267
29953,45.23619521536268
29954,46.09178206192829
29955,46.09178206192829
29956,46.09178206192829
29957,46.09178206192829
29958,45.80146947295845
29959,45.63540684472649
29960,45.33085927227913
29962,44.62837438389628
29965,44.66625444802452
29966,44.928299048302335
29967,44.928299048302335
29969,44.50159819092553
29970,44.50159819092553
29971,44.50159819092553
29974,44.64059149398537
29975,44.64059149398537
29980,44.634780898878276
29981,44.634780898878276
29982,44.634780898878276
29983,44.634780898878255
29986,44.68318696941656
29988,44.634780898878255
29989,44.63721833159655
29990,44.63721833159655
29994,44.63721833159655
29997,44.559079820786096
29998,44.559079820786096
29999,44.559079820786096
30000,44.559079820786096
30001,44.55924906409223
30002,44.55924906409222
30004,44.55924906409222
30005,44.55924906409222
30006,44.55924906409222
30007,44.55924906409222
30009,44.55924906409222
30013,44.559079820786096
30014,44.559079820786096
30016,44.33660326526059
30018,43.76958252930282
30020,43.769582529302824
30021,43.76966475001658
30023,43.76966475001658
30024,43.98221822323665
30025,43.98221822323665
30026,43.767203722449715
30027,43.73116374830347
30028,43.73116390623349
30029,41.92033247829296
30030,41.92033247829296
30032,42.77285253239161
30035,43.33628371666022
30036,43.33628371666022
30037,43.33628371666022
30039,43.186071264954776
30040,43.10684064065455
30043,43.10684064065455
30044,42.97734385017566
30045,42.97734385017566
30046,42.86463160982672
30047,42.41032020231638
30049,42.410483401328335
30051,42.410483401328335
30053,42.414624925776565
30055,42.41462492577657
30056,42.41462492577657
30057,42.41462492577657
30058,42.41462492577657
30061,42.41462492577657
30067,42.41502016950633
30068,42.36383920561866
30069,42.366442620216894
30071,42.366442620216894
30073,42.366442620216894
30076,42.366442620216894
30078,42.366442620216894
30079,42.366442620216894
30084,42.30929353410172
30086,42.58946365773769
30087,42.693235400694796
30088,42.61806851860399
30089,42.61806851860399
30091,42.61806851860399
30092,42.6396778931584
30095,42.6396778931584
30096,42.6396778931584
30097,42.63767421818569
30100,42.31095025133314
30101,42.30669830344546
30102,42.31299412656027
30104,42.31299412656027
30106,42.30669830344545
30107,42.342782623053125
30108,42.35059040515679
30109,42.350590405156794
30110,42.35124301802272
30115,42.35124301802273
30116,42.35124301802273
30117,41.61459343702675
30118,41.614593437026755
30120,41.614593437026755
30122,42.58594391575732
30123,43.70502067409973
30125,43.612673756595974
30126,43.51930848558447
30127,43.40936601895339
30133,43.4239574915213
30134,43.4239574915213
30135,43.349197611673304
30137,43.75361494285369
30138,43.75361494285369
30139,43.75361494285369
30140,43.75361494285369
30142,43.75361494285369
30144,43.798254338187746
30145,43.798254338187746
30147,43.798254338187746
30151,42.88037737928108
30153,42.880377379281086
30159,43.20174020682734
30160,43.20174020682734
30161,43.20174020682734
30162,43.20251896776189
30164,43.177144347666335
30169,43.177144347666335
30170,43.177144347666335
30171,43.5220047424084
30173,43.5347230681166
30176,43.5347230681166
30177,43.5347230681166
30179,43.326420186014644
30181,43.326420186014644
30183,43.326420186014644
30185,43.19025163933235
30186,43.167453702800806
30188,43.823692179138185
30189,44.16856296823678
30190,44.16856296823678
30195,44.16856296823678
30197,44.16856296823678
30199,44.16856296823678
30202,44.16856296823678
30204,44.157693969823455
30205,44.15505654058291
30206,44.86482938224801
30207,43.62752176078954
30208,43.26408510412618
30209,43.526585437225
30212,43.516466682791155
30214,43.309980943516344
30216,43.16985843072036
30219,43.16985843072036
30221,43.05770595842753
30222,43.07689635829276
30223,43.06405745004046
30225,43.06405745004046
30226,43.06406023083041
30227,43.50881883270805
30229,43.50881883270805
30230,43.50881883270805
30231,43.50881883270805
30232,43.50881883270805
30234,43.50881883270805
30235,43.16509676386563
30239,43.16509676386563
30243,43.16509676386563
30244,43.16509676386563
30245,43.16509676386563
30246,43.4160447891033
30247,43.37014894971314
30248,42.67993751602573
30249,42.55550245432825
30253,42.55550245432825
30254,42.251357726645644
30255,42.42248553939123
30256,41.61486658932103
30263,41.61486658932103
30267,41.61486658932103
30270,41.4636641670731
30273,41.405001874649756
30274,41.24337824645591
30276,42.463983083014384
30280,42.46221118696248
30281,41.494728421095246
30284,41.38033941395253
30286,41.380339413952534
30288,41.531149226880515
30289,41.52550891661384
30290,41.29401071992427
30295,41.294010719924266
30296,41.45403858314407
30297,41.45403858314407
30301,41.294010719924266
30303,40.77748991247874
30304,40.77748991247875
30305,40.77748991247875
30307,40.77715323173793
30309,40.77715323173793
30310,40.70882886555412
30314,40.50306483619396
30315,40.50306483619396
30317,40.40538713275471
30318,40.993225678905496
30319,40.993225678905496
30323,40.993225678905496
30326,40.993225678905496
30331,41.430356584519565
30332,41.444334010088404
30334,41.44459571788701
30335,41.44459571788701
30337,41.275406966006194
30338,41.275406966006194
30344,41.34873012047078
30349,41.185452843153804
30354,41.91231778613875
30355,41.92054656230365
30357,42.071301951847985
30361,42.10270289210394
30362,42.61367136141884
30365,42.5606871946936
30366,42.28317259363073
30367,42.28317259363073
30369,41.42971875989342
30370,41.29953077186628
30371,41.27969442389399
30372,41.49986780928518
30375,41.505555765212605
30377,41.505555765212605
30378,41.505555765212605
30379,41.505555765212605
30381,41.505555765212605
30383,41.51684813646871
30384,41.51684813646871
30385,41.779938561058614
30388,43.196744211036865
30390,43.196744211036865
30392,42.822223810258805
30393,42.73924083899599
30397,42.73924083899599
30398,41.144463188318845
30405,41.04944348789604
30406,41.066422095742745
30407,41.066470267374896
30408,41.10040343461081
30410,41.000600960497756
30411,40.63996687603506
30412,40.763884122730644
30413,40.763908555656734
30416,41.1151429188271
30417,41.1151429188271
30418,41.09816431098039
30422,41.09816431098039
30423,41.09816431098039
30425,41.09816431098039
30429,41.098164897810484
30430,41.098164897810484
30431,41.19761649963771
30432,43.84484564899247
30433,43.84484564899247
30435,43.84448565843717
30436,43.84448565843717
30437,44.805951457115405
30439,44.805951457115405
30441,44.80648198578908
30444,44.81503995850556
30445,44.92986832452952
30449,44.81503995850556
30450,44.81866532941583
30453,44.81866532941583
30454,44.45370203086396
30455,44.348834721397694
30456,44.35093311623285
30457,44.92154365909791
30459,44.570309295927544
30460,44.57087947051378
30462,44.57950113273877
30464,44.509525043684626
30465,44.509525043684626
30466,44.509525043684626
30467,44.541990243912245
30470,44.54199024391225
30471,44.54199024391225
30472,44.543062090589714
30473,44.54306209058971
30474,44.54306209058971
30475,44.54306209058971
30477,44.65281220569134
30478,44.65281220569134
30481,44.65281220569134
30482,44.74524576401738
30483,44.59908437267688
30484,44.59908437267688
30485,44.59908437267688
30486,44.59908437267688
30487,43.84993910569615
30488,43.84993910569616
30489,43.81261613590486
30491,43.81261565813856
30492,43.42721199035334
30495,43.80491619423136
30496,43.80235162588429
30497,43.80235162588429
30499,43.81067673601024
30500,43.78299740594675
30501,43.78299740594675
30504,43.73032740563475
30507,43.879858975974
30508,43.879858975974
30511,43.886336731879545
30515,43.32364136819796
30516,43.35202520639123
30519,43.35202520639123
30520,43.35202520639123
30521,43.35202520639123
30523,43.35202520639123
30526,43.35202520639123
30530,43.35202520639123
30532,43.35202520639123
30534,43.52488004011156
30535,43.400377223677864
30538,43.400377223677864
30539,42.86234567458164
30540,42.81990017619055
30543,42.82637355761215
30544,42.830616422259624
30545,42.83061642225962
30546,42.83061642225962
30548,42.83061642225962
30552,42.3128720250418
30553,42.3128720250418
30555,42.3128720250418
30559,42.31288706604736
30561,42.31288706604736
30563,42.312944758538826
30564,42.321325590197354
30567,41.770946800671986
30568,41.77094680067198
30572,41.79886691067847
30573,41.79886691067847
30574,42.05589625102663
30575,42.05589625102663
30577,42.05589625102663
30578,42.29039481724259
30581,42.33776237267805
30583,42.437591516394406
30585,42.40230036874086
30586,42.40230036874085
30589,41.93612802788479
30590,41.9361280278848
30591,41.9361280278848
30596,41.93609995802272
30600,41.72124239109624
30601,41.72124239109624
30602,41.507329860377766
30607,41.50893787312996
30608,41.50893787312996
30609,41.41280452343672
30610,41.41280452343672
30614,41.419309175859404
30615,41.34414727422647
30617,41.55959410188752
30622,41.602471006399384
30623,41.60247100639939
30625,41.60247958474428
30628,41.602523972270205
30631,41.602523972270205
30632,41.60327559283408
30633,41.602523972270205
30635,41.333067824159926
30636,41.32160081332587
30638,41.32169764637843
30640,41.32169764637843
30643,41.32169764637843
30645,41.36450915408955
30646,41.36450915408955
30651,41.134291221621254
30654,41.037857951396866
30655,41.037857951396866
30657,40.96712965033669
30658,40.96715411218054
30659,41.062634207148704
30661,41.062634207148704
30663,41.067784670285754
30664,41.06778467028575
30666,41.06777609194086
30668,40.93507973261573
30672,40.25035806977687
30673,40.24869231731634
30674,40.24869231731633
30677,40.24869231731633
30679,40.24869231731633
30682,40.19736263248877
30683,41.103653643110974
30684,41.0521602582333
30687,41.0521602582333
30689,41.0521602582333
30690,41.00911096685543
30691,41.00911096685543
30697,41.00911096685543
30699,41.37115826557395
30701,41.37115826557395
30704,41.37115826557395
30706,41.34908775523889
30707,41.34908775523889
30711,41.34908775523889
30713,41.34908775523889
30714,41.34908775523889
30718,41.34908775523889
30720,41.75725984506523
30723,41.75725984506523
30724,41.75725984506523
30725,41.75725984506523
30727,41.75725984506523
30729,41.75725984506523
30730,42.802019268439246
30732,42.61491510602183
30733,42.61491510602183
30734,41.65823768908436
30737,41.6490306413177
30739,42.18359907381638
30740,41.97700416108506
30741,42.451938609951675
30744,41.98074917846635
30746,42.20232663338253
30747,42.50372837377244
30748,42.539580999442435
30749,42.502473140812505
30754,42.4620578523348
30756,42.46191020362982
30757,42.81743443598924
30758,42.636497719680655
30759,42.636497719680655
30760,42.636497719680655
30761,43.13621264753365
30762,43.215500337268885
30763,43.21556987905657
30765,43.30934474914002
30766,43.30934474914002
30767,43.30934474914002
30768,43.309492397845
30769,43.04493359452149
30770,43.08514202573106
30772,43.085142025731066
30773,43.35433541021563
30774,44.39567040373615
30775,43.710597069008294
30778,43.7065231308635
30779,42.9747460710285
30781,43.03414013762937
30784,43.0340705958417
30785,43.43574722417295
30786,43.41939071028824
30788,43.41939071028824
30790,43.643269476833694
30792,43.643269476833694
30794,43.64326947683371
30797,43.51558001913818
30799,43.359996643687374
30800,42.98985002691047
30801,42.425569483833286
30802,43.16944265115002
30803,43.16945374252038
30804,43.16945374252039
30805,43.1657087251391
30809,43.16736793038939
30810,42.31253000491684
30814,42.33129161139772
30815,42.14672990637749
30816,42.17976621298772
30818,42.14672990637749
30819,42.147459405227735
30820,42.147459405227735
30821,41.99044626426219
30823,42.016484699893425
30829,42.016484699893425
30830,42.34419424748582
30831,42.34419424748582
30832,43.00293338726479
30833,43.00293338726479
30835,42.469616353263234
30837,42.469616353263234
30840,42.469616353263234
30841,42.469616353263234
30842,42.75450059452942
30843,43.165580022095895
30844,43.165580022095895
30847,43.165580022095895
30849,43.739605449331535
30850,43.772102248890285
30851,43.78121766539813
30852,43.78121766539813
30853,44.92680919752263
30855,44.879766273776
30856,44.879766273776
30857,44.879766273776
30859,45.199658229997084
30862,45.199658229997084
30863,45.23222591075155
30865,45.529780055618694
30869,45.529780055618694
30872,45.52979282867321
30873,45.52979282867321
30874,45.52979282867321
30875,44.633674250003054
30876,43.81601238059578
30877,43.81601238059578
30878,43.81601238059578
30879,43.81601238059578
30880,43.374331523115686
30883,43.374331523115686
30885,43.374331523115686
30886,43.37436258956863
30890,43.04382374005253
30891,43.04382374005253
30893,43.049060917609154
30897,43.537418415206375
30899,43.53626115250397
30900,43.53626115250397
30901,43.02977496489409
30902,43.03237309837742
30903,43.218298782382654
30904,43.218298782382654
30907,43.01425743014368
30908,43.01425743014368
30909,43.01425743014368
30910,43.01425743014368
30911,43.01478474994332
30912,42.5714427165794
30913,42.6867253586132
30914,43.19904138756227
30915,43.19904138756227
30920,43.19904138756227
30921,43.19904138756227
30922,43.138256040730745
30923,42.55568666787014
30925,42.55568666787014
30926,42.55568666787014
30927,43.463883125386346
30928,43.463883125386346
30929,43.463883125386346
30931,43.463883125386346
30932,42.81430195791104
30935,42.81430195791104
30937,42.92856586576628
30940,42.92856586576628
30941,42.92856586576628
30942,42.92856586576628
30943,42.92856586576628
30945,43.082688916558276
30947,42.84788057428748
30948,42.988937891938875
30949,43.50559791075737
30950,43.50559791075737
30951,44.96690959987735
30953,44.96690959987735
30954,44.96690959987735
30955,44.96690959987735
30956,43.50559791075737
30957,43.50559791075737
30964,43.58946717459728
30969,43.58946717459728
30970,43.50559791075737
30971,43.356756049682765
30975,43.768537673549886
30976,43.768537673549886
30978,43.768537673549886
30979,44.09527508358518
30980,44.09527508358518
30982,44.43049020117397
30985,45.44694644506955
30987,45.45079980909115
30989,45.360098610492145
30991,45.360098610492145
30993,45.360098610492145
30996,45.360098610492145
30997,44.558919727439914
30999,44.62499702157226
31000,44.62799484307372
31001,43.802106845570314
31004,43.802106845570314
31005,43.802106845570314
31006,43.802106845570314
31007,43.80173229062218
31009,43.80173229062218
31010,41.65574869333769
31011,41.797393020816884
31012,41.797393020816884
31013,41.70001427465263
31019,42.01184847044429
31020,42.01184847044429
31024,42.55696186980994
31030,41.822307609302996
31032,41.822307609302996
31034,41.8244389786414
31038,42.827953001591894
31039,42.827953001591894
31040,42.617370962040305
31042,41.96605175287755
31043,41.966051752877554
31045,41.38429740240158
31049,41.38129958090012
31050,41.38129958090011
31051,41.38129958090011
31052,41.37940528704672
31053,41.651260583481346
31054,41.99418927471169
31055,41.98010872858122
31056,41.79825729369791
31057,41.77619811787906
31058,41.77619811787906
31059,41.77619811787906
31061,41.371461925961974
31062,41.372196166674875
31064,41.35881260907472
31066,40.958137511198636
31067,40.39683476821999
31070,40.45095069087848
31071,41.25143402723193
31072,41.056154284572145
31075,40.959989169747224
31076,40.959989169747224
31081,40.50543643486719
31086,40.50543643486719
31088,40.949997126048714
31091,40.66044046221913
31097,40.66044046221913
31099,40.66044046221913
31103,41.11531765778463
31105,41.11531765778463
31107,43.23737489309416
31108,43.98397405546443
31110,43.676619652252185
31111,43.6765863537828
31112,43.64842297215444
31115,41.5258050329467
31116,41.52580503294669
31119,42.018001094565335
31120,42.018324884769484
31122,42.018324884769484
31123,41.703926703030895
31126,41.96613478576808
31127,41.96613478576808
31129,41.913162299010914
31130,41.913162299010914
31131,42.51254323173632
31132,42.51254323173632
31135,42.51254323173632
31136,41.92188689370162
31137,41.92188689370162
31140,41.925577165382734
31141,41.92557716538274
31143,41.92557716538274
31144,42.28417206025237
31146,41.871386047942906
31148,41.87138604794291
31151,41.83776377569338
31152,41.83776377569338
31153,41.8434503435423
31154,42.11299590789392
31155,42.11299590789392
31156,42.11373098105792
31157,42.1300993345113
31159,42.1300993345113
31161,42.1300993345113
31165,42.201804768212924
31168,42.201804768212924
31170,42.07091586704176
31173,42.010262130248435
31174,42.010262130248435
31176,42.817594342216864
31177,42.817594342216864
31179,42.817594342216864
31181,42.817594342216864
31184,42.67317463529406
31186,42.39376343395615
31187,42.39376343395615
31188,42.39379976027576
31193,41.82539856708365
31196,41.82539856708365
31197,41.83604335536997
31202,41.72322054564394
31204,41.72346723620776
31205,41.72322054564393
31207,41.72322054564393
31208,41.72339206343526
31209,41.72339206343526
31213,41.731655956253455
31214,41.731655956253455
31215,41.731655956253455
31221,41.731655956253455
31223,41.70378664841195
31225,41.70378664841195
31227,41.62372399466922
31229,41.64850321363216
31231,41.4712097589188
31233,41.4712097589188
31236,41.4938355420287
31239,41.4938355420287
31241,41.4938355420287
31242,41.62764750906091
31243,41.52938815665153
31245,41.50359923862761
31249,41.210838477282145
31251,41.20708555036808
31252,41.09342144371451
31253,41.09348347650043
31256,41.093483476500424
31258,41.347557847192434
31261,41.347557847192434
31263,41.347557847192434
31267,41.347557847192434
31268,42.129001425797966
31271,42.129001425797966
31272,42.12911649716724
31276,42.39722309876201
31277,42.39722309876201
31278,42.298601213367974
31281,42.29933049333548
31283,42.30540425439427
31284,42.30540425439426
31286,42.31042583374584
31287,42.434542034527
31288,42.43518509673754
31289,42.20282268798272
31290,41.68908060178209
31292,41.68908060178209
31295,41.71715989706279
31296,41.71987986707405
31297,41.70443178319445
31299,41.705067410221844
31301,41.70506741022185
31302,41.40222823291024
31303,41.84082649225017
31304,41.84082649225017
31305,41.648286059858734
31307,41.648286059858734
31308,41.648286059858734
31309,41.648286059858734
31310,41.65119475872927
31312,41.65119475872926
31313,41.65119475872926
31317,41.651492569749614
31318,42.01103929671389
31319,42.01103929671389
31322,41.29318777040864
31324,41.29319971037016
31326,41.29319971037016
31328,41.29319971037016
31329,39.65596548462524
31331,39.65596548462524
31332,39.65596548462524
31334,39.65596548462524
31335,39.65747680323294
31338,39.65747680323294
31342,39.53033931187227
31344,39.51985885313255
31345,39.51985885313255
31346,39.51985885313255
31348,39.42278908146275
31350,39.28267203443701
31356,39.09689461274424
31359,39.55226126706257
31363,39.52208455336607
31364,39.522603529274285
31365,39.513465643102876
31369,39.513465643102876
31372,39.20018933919672
31377,39.20018933919672
31378,40.4307711927632
31379,39.339255112625736
31380,39.339255112625736
31384,39.339255112625736
31388,39.46593270049864
31393,39.452813122825155
31394,39.452813122825155
31396,39.74954391659936
31402,39.463865167284276
31403,39.46980667523682
31404,39.44221826327194
31405,39.44221826327194
31406,39.44288523237048
31407,39.44186907467829
31410,39.15569048752835
31413,38.67578786998873
31414,38.20745914966064
31415,38.20745914966064
31417,38.20745914966064
31418,38.618985631176514
31419,38.618985631176514
31420,37.774111414808345
31421,37.66677262858557
31423,37.66677262858557
31425,37.66677262858557
31426,37.66677262858557
31427,37.66677668338304
31428,37.66677668338304
31429,37.66677668338304
31433,37.653091732342844
31436,37.42101875509283
31443,37.47431911300953
31444,37.56197952699003
31445,37.504582582738344
31447,37.85692010947384
31448,37.529795102888166
31449,37.791317579017424
31451,37.791317579017424
31452,37.756123606300044
31453,37.567097014470356
31454,37.567097014470356
31455,37.06004154447313
31456,37.21449922502259
31457,37.167138895085266
31458,37.380395368498405
31461,37.380395368498405
31463,37.380395368498405
31464,37.380395368498405
31465,37.380395368498405
31471,37.50783830597735
31472,37.50783830597735
31475,37.50783830597735
31477,37.50783830597735
31479,37.50783830597735
31482,37.461805815297794
31483,37.296185647867354
31484,37.296232033923175
31487,37.45223184893111
31490,38.31721637201441
31491,38.3275767555679
31492,37.81199290304093
31493,37.81222099946832
31494,37.81338592940442
31495,37.813385929404426
31497,37.813385929404426
31502,37.816176996826265
31505,37.845048530127926
31506,37.85422109859849
31507,37.457152484391
31511,37.48382495614792
31512,37.48382495614792
31513,37.48382495614792
31514,37.48382495614792
31517,37.46408195292249
31520,37.59361651684144
31522,36.866583136706936
31524,37.108236986445824
31527,37.108236986445824
31528,37.108236986445824
31529,37.83743251501004
31530,37.83743251501004
31531,37.83743251501004
31532,37.83743251501004
31533,40.07491275992456
31534,40.173654602686554
31535,40.905729185876204
31536,40.905729185876204
31539,40.905729185876204
31540,40.90606409116408
31541,40.90606409116408
31542,40.90606409116408
31543,40.90606409116408
31545,40.905724720982185
31546,40.59492774837072
31547,40.399164228321155
31553,40.07615765991311
31554,40.07615765991311
31556,39.95159807434107
31557,39.95159807434107
31558,40.59364689338191
31559,40.59364689338191
31560,40.59364689338191
31561,40.04620885906562
31562,40.04620885906562
31564,40.04620885906562
31566,40.04620885906562
31568,40.27120985625072
31582,40.40911449259708
31584,40.69956603608135
31591,40.997127845420565
31593,40.997127845420565
31594,40.997127845420565
31596,40.997127845420565
31597,40.997213805730944
31598,41.328065808829024
31599,41.328065808829045
31600,41.745870271430185
31601,41.745870271430185
31603,41.745870271430185
31604,41.292071091177924
31608,41.29207109117793
31609,40.06704331453848
31610,40.06704331453848
31612,40.124067201221926
31613,40.291095975015885
31614,40.24132860802785
31616,39.98121916058836
31617,39.875757698984565
31618,39.384849825387505
31619,39.45639541435392
31621,39.45639541435392
31622,39.45639541435392
31623,39.93050519105338
31627,39.93050519105338
31628,39.93050519105338
31635,39.930523919317885
31637,39.936571500145796
31638,39.90778744075668
31640,39.432978623219896
31641,39.432978623219896
31642,39.43288304895699
31645,39.433078211236925
31647,39.21801193471557
31648,39.21801193471557
31649,39.21801193471557
31652,39.21800553177405
31653,39.665582967583
31654,39.665582967583
31655,39.67153959647952
31657,39.823905307642804
31658,39.82390530764281
31659,39.82390530764281
31660,39.82390530764281
31661,39.3885582568501
31665,38.983779478642134
31666,38.96474725132219
31667,38.976220804109154
31670,38.976220804109154
31672,38.976220804109154
31673,38.93617603089487
31675,38.93617603089487
31678,39.02288416904167
31679,39.18323637640765
31680,39.063095154750194
31682,39.063095154750194
31683,39.60133504145916
31684,39.60133504145916
31685,39.62154523900403
31687,39.62154523900403
31688,38.82672267910226
31690,38.494261763488694
31693,38.52668183905127
31696,38.53099776821239
31697,38.48979776891229
31698,38.48914229269864
31699,38.48914229269864
31701,38.48759164392329
31703,38.48759164392328
31705,40.57849089850401
31707,39.89032485345251
31708,39.89032485345251
31709,39.89032485345251
31711,39.89032485345251
31712,40.92876902928824
31714,40.22618732903831
31715,40.24438805086309
31717,40.15747429386069
31718,40.10645343152897
31719,40.10645343152897
31722,40.10645343152897
31723,40.107144680376955
31726,39.796764161403374
31729,39.862546462479344
31731,39.8795770615456
31733,39.88593162579688
31734,39.879577061545604
31736,39.879577061545604
31739,39.879577061545604
31741,39.70290845950088
31743,39.70290845950089
31751,39.70290845950089
31752,39.70290845950089
31755,40.268714123350534
31757,40.27695042772755
31761,39.83863809420541
31763,39.84035774847898
31765,40.234913053178225
31766,40.55788142140488
31769,40.7966754127762
31770,40.7966754127762
31771,41.363520744582125
31772,41.28861166676225
31774,41.236363173097565
31776,41.23636317309756
31779,40.851656860542356
31780,40.85390302326876
31782,40.853903023268764
31784,40.7259413495071
31785,40.66635835022877
31788,40.677086013964534
31792,40.638914465901145
31793,40.638914465901145
31795,40.64587615028221
31796,40.64587615028221
31797,40.64587615028221
31799,41.3584333878328
31800,40.781015423875864
31803,40.781015423875864
31805,40.781015423875864
31806,40.781015423875864
31807,40.52025612757505
31808,40.52025612757505
31809,40.562174978760794
31810,40.52025612757505
31811,40.51932445281229
31814,40.5193244528123
31815,40.55898623505502
31816,40.568582009406015
31817,40.57479651626134
31818,40.574796516261344
31819,39.566494465373424
31820,39.566494465373424
31822,39.56079682252108
31823,39.240626786367905
31825,39.240626786367905
31828,38.82867193904039
31829,38.82867193904038
31832,38.82867193904038
31835,38.828674336169904
31836,38.828674336169904
31838,38.03784562810807
31839,38.037845628108066
31840,38.037845628108066
31846,38.037845628108066
31847,40.30903339575902
31848,40.31576344789949
31851,40.31576344789949
31852,40.31576344789949
31853,40.31769617518236
31855,40.317696175182355
31857,40.33595101091611
31858,40.335951010916126
31859,40.335951010916126
31860,40.335951010916126
31861,40.335951010916126
31863,40.335951010916126
31865,40.335951010916126
31868,40.339271298798934
31869,40.33927129879893
31871,40.33927129879893
31872,40.28045896066788
31882,39.955821170987704
31885,39.99940613293223
31886,39.999416509972946
31888,40.408374461279905
31889,40.408374461279905
31890,40.40844778341865
31891,40.40844778341866
31894,40.40844778341866
31896,40.40844778341866
31900,40.40844778341866
31901,39.83637116840947
31902,39.82029419924089
31903,39.8202941992409
31907,40.80445027230531
31908,40.80445027230531
31909,40.80445027230531
31912,40.80445027230531
31914,40.794573186980564
31918,41.09660986154118
31919,41.14406766523934
31920,40.863598361544746
31921,40.33256607025384
31924,40.35801956857101
31925,40.361050315827164
31926,40.36105031582717
31928,40.36105031582717
31931,40.361308589991346
31932,40.72844138984368
31933,40.72844138984368
31935,40.92126095923007
31938,41.19234584751037
31939,41.19234584751037
31941,40.75089337456597
31942,40.75283179630559
31945,40.93481286056587
31948,40.93481286056587
31951,40.93481286056587
31955,40.51326228039309
31956,40.329051334135386
31958,40.329051334135386
31959,40.33024929050433
31960,40.3563309871239
31961,40.70057979156115
31962,40.70057979156115
31966,40.70057979156115
31967,40.70057979156115
31969,40.70214182562324
31973,40.70214182562322
31974,40.13418602889289
31975,40.13418602889289
31978,40.06787084995642
31979,40.07940922160038
31981,40.085582908476106
31982,39.93876726165223
31984,39.93876726165223
31985,39.93876726165223
31989,40.22695910244891
31990,39.93876726165223
31992,39.95110568782333
31995,39.95110568782333
31996,39.81538989056724
31998,39.81538989056724
32003,39.81538989056724
32005,39.82380134053378
32007,39.82380134053377
32008,39.4271876598427
32009,39.42780820930702
32012,39.42780820930702
32013,39.718184862022994
32014,39.718184862022994
32015,39.50286818389384
32016,39.74472940003808
32018,40.61331895366229
32023,40.61331895366229
32028,40.61305630521424
32029,40.315930215636754
32030,40.38721808786098
32031,40.470357449314584
32034,40.470357449314584
32035,40.470357449314584
32039,40.470357449314584
32040,40.58296993322798
32041,40.634322827096916
32042,40.74189398426222
32043,40.74189398426222
32045,40.78403926618607
32046,40.78403926618607
32047,40.78403926618607
32049,40.78303788930207
32053,40.78303788930207
32056,40.78303788930207
32059,40.71302362556627
32064,40.71302362556627
32068,40.72996303023319
32069,41.723706635134405
32070,41.723706635134405
32071,41.73690852911544
32072,41.061253126634526
32077,40.9206228636807
32082,40.9206228636807
32085,40.62646596786558
32090,40.62646596786557
32091,40.4660435706862
32098,40.4660435706862
32099,40.4660435706862
32101,40.4660435706862
32105,40.4660435706862
32108,40.19435098714352
32109,40.464172497744634
32110,40.87180368258272
32111,40.871867123525064
32112,39.3498462096849
32113,39.39122790293699
32114,39.48559940547081
32115,39.40791656028345
32118,39.407916560283454
32122,39.407916560283454
32123,39.407916560283454
32125,39.407916560283454
32131,39.47428452049456
32132,40.86293692590317
32133,40.86293724843797
32136,40.70751561012895
32137,41.27076071169694
32138,41.27076071169694
32139,41.27076071169694
32140,41.27076071169694
32141,40.67110070194801
32143,40.775253821822695
32144,40.64260348252022
32145,40.64260348252022
32147,40.64260348252022
32148,40.64260348252022
32150,40.64260348252022
32151,40.745915437029645
32153,40.76026400231906
32158,40.32041423374408
32159,40.32048236042748
32160,40.32048236042748
32162,40.32048236042748
32163,40.4803221277862
32164,40.4803221277862
32167,40.48040030101638
32169,40.26404227422039
32170,40.35617232052928
32171,40.534048444413145
32173,40.91006761688486
32174,40.91006761688486
32177,40.91006761688486
32179,40.91006761688486
32180,39.805041607945036
32183,39.80504160794503
32190,39.19116150624036
32191,39.2954158377761
32193,39.2954158377761
32195,39.2954158377761
32199,38.84396840875773
32200,38.83723835661726
32204,39.273736450078175
32207,39.43749518405494
32208,39.490043521917876
32209,38.81491577341155
32214,38.889405743556246
32217,38.57904796839748
32218,38.579047968397475
32221,38.55367726911254
32222,38.70946099643541
32226,38.84882938988328
32227,38.84882938988328
32229,39.07885474310513
32234,39.06879041136465
32236,39.21178280033184
32237,39.04618601283198
32238,38.9801930876698
32239,40.30764734071914
32241,39.11407382935883
32245,39.11407382935883
32247,39.11407382935883
32248,39.11665463983965
32249,39.1979259441398
32252,39.2536143218481
32253,39.2536143218481
32255,39.34572632294571
32257,39.18730330976208
32258,39.70066134406219
32260,39.70066134406219
32261,39.67856920484822
32262,39.67856920484822
32263,40.355863675834044
32264,40.55673348082857
32265,40.55673348082857
32268,40.55976684361739
32269,40.55976684361739
32271,40.51601386665388
32273,40.51601386665388
32275,40.40967453721239
32276,40.68822162019112
32284,40.642388957243476
32287,40.524603563130135
32289,40.524603563130135
32290,40.28782144013921
32291,40.25193084801911
32293,40.251930848019114
32295,40.274600973914666
32296,40.274600973914666
32299,40.03364124410749
32301,40.03364124410749
32305,39.84447814600687
32307,39.858103667589404
32308,39.80887973148724
32312,39.812309929851445
32315,39.74728902256908
32316,39.59981202938562
32318,39.73468837507833
32319,38.720490925135536
32321,38.720490925135536
32323,38.71239228430061
32326,38.71239228430061
32327,38.71239228430061
32328,38.87723295339239
32329,38.87723295339239
32330,38.87723295339239
32332,38.89295864246873
32333,38.89558395431792
32335,38.895583954317914
32336,38.90250117566326
32338,38.902810919124235
32341,38.90281091912423
32342,38.89274901164932
32346,38.89274901164932
32348,38.96917537340748
32349,38.97202628559287
32351,39.09562692398723
32358,39.09562692398723
32359,38.99378471747823
32360,38.99746102245472
32363,39.8485347440617
32364,39.8485347440617
32365,40.18761534962329
32366,40.18761534962329
32368,40.18761534962329
32372,40.18761534962329
32374,40.18761534962329
32375,40.13156509189579
32376,40.55179462923103
32377,39.81779024735754
32378,39.924275662145426
32382,38.32625322499908
32386,38.08485674276105
32390,38.08118043778455
32391,38.081182851774685
32392,38.081182851774685
32396,38.081182851774685
32398,38.081182851774685
32401,38.1708134860075
32402,37.90812238817493
32403,37.90812238817493
32406,37.908557228530476
32407,37.926110783911724
32409,37.92611078391172
32410,37.93623172777479
32412,37.93715667503674
32415,37.93715667503674
32416,37.93715667503674
32420,37.92339145887808
32421,38.5468713984721
32425,39.008858183374464
32426,39.01155975839223
32427,40.154954639516646
32432,40.154954639516646
32433,40.154954639516646
32434,40.154954639516646
32435,40.154954639516646
32436,40.154954639516646
32437,40.09076392672899
32438,40.01817657566546
32440,40.01817657566546
32445,39.59441994410778
32446,40.13560974943125
32448,39.56577422301936
32450,39.70537123659209
32452,39.70537123659209
32453,39.70537123659209
32455,39.70537123659209
32456,38.68906310097058
32458,38.68986014227397
32461,38.509022847484836
32462,38.5329577132312
32464,38.53180318194987
32466,38.5316271610512
32468,38.531681063365696
32469,38.5814625646813
32474,38.6095768866115
32475,38.6095768866115
32477,38.6095768866115
32478,38.323711787832906
32479,38.19217640486144
32481,39.05847982021411
32483,39.05847982021411
32484,39.07830937718707
32487,39.07830937718706
32489,39.07830937718706
32496,39.07830958069169
32497,39.02313963875364
32499,39.02313963875364
32500,37.76476006470569
32508,37.76476006470569
32510,37.732627136174976
32511,36.93041631474974
32512,36.988649006799406
32516,36.920510245363076
32517,36.95661415999287
32518,36.95661415999287
32525,36.86039309140028
32528,37.45181511019693
32529,37.45181511019693
32532,37.45181511019693
32533,37.45181511019693
32536,37.45181511019693
32537,37.632692272243865
32539,37.632692272243865
32540,37.60266204587951
32544,38.13412140502017
32545,37.76044842862115
32546,37.76044842862115
32549,37.843600770860064
32551,37.843600770860064
32552,37.60475225982563
32553,37.60475225982563
32554,37.50460528804058
32556,37.38031615088226
32558,37.38031615088226
32559,37.54153547291564
32561,37.5422117922022
32564,37.05844970922181
32567,37.123019546858785
32572,37.68057278565686
32576,38.37651197623063
32577,38.37651197623063
32581,38.350109371393614
32582,38.350109371393614
32584,38.35011072708099
32585,38.35011072708099
32587,38.499479406853446
32588,38.392890195008476
32589,38.76886740277378
32590,39.29947066739952
32592,39.28065543533401
32593,40.05750607329591
32595,40.056926505480334
32596,40.056926505480334
32597,40.056926505480334
32598,41.573149131196324
32599,41.573149131196324
32600,41.581163582349625
32601,41.581163582349625
32603,41.49857553589488
32605,40.32256165520098
32608,40.30344264831197
32610,40.30344264831198
32611,40.30344264831198
32612,39.98777173475943
32613,39.942333924937515
32614,39.955783563425555
32616,39.95578356342556
32620,39.94991811499825
32621,39.94991811499825
32622,41.19718758861873
32626,41.067767322494475
32629,41.06776732249448
32631,41.06776732249448
32633,41.06776732249448
32634,41.06776732249448
32636,41.29425384882156
32639,40.58595312997459
32641,40.58595312997459
32643,40.58595312997459
32644,40.58595312997459
32645,40.59769573169373
32646,40.59769573169374
32649,40.59769573169374
32651,40.6040665045764
32654,40.60444965681564
32655,40.60444965681563
32656,40.50625435461431
32657,40.425421357095175
32659,40.425421357095175
32660,40.425421357095175
32661,40.425421357095175
32662,40.42965566620502
32669,40.261751168581554
32675,40.26288300397211
32677,40.09051642674332
32678,39.949949480916494
32685,39.949949480916494
32686,40.94277025940359
32687,40.7647053295226
32688,40.7647053295226
32689,40.7647053295226
32690,40.7647053295226
32695,40.93486969375909
32696,40.74581939742298
32697,40.74581939742298
32702,40.758024306952656
32703,40.7934639038237
32704,40.817657230273326
32707,40.83861366651211
32708,40.83861366651211
32709,40.83920074080904
32710,40.83920074080904
32711,40.805886232403076
32715,40.77321307150429
32717,40.56910764261423
32718,40.40054060193197
32721,40.38758148431461
32722,40.66633380248559
32724,40.46148480146311
32725,40.46148480146311
32729,40.780097923201275
32730,40.76946430478419
32733,40.51981498012978
32736,40.493744645487524
32738,40.49374464548752
32739,40.31470862133172
32740,40.88421991188239
32743,41.14794103181107
32744,41.10287786922927
32748,41.10373220594387
32751,41.10373220594387
32754,41.10373220594387
32756,41.10373220594387
32759,41.10415539685906
32765,41.07594895319901
32770,41.07594895319901
32774,41.07517736432009
32775,41.07517736432009
32776,40.98259482942211
32777,40.46235554713143
32781,40.46235554713143
32782,40.46235554713143
32784,40.46235554713143
32786,40.35251731483066
32787,40.35251731483066
32789,40.35251731483066
32793,40.35251731483066
32794,40.33129002924262
32796,40.3403107307696
32798,40.3403107307696
32803,40.349052918226256
32804,40.65909845053362
32805,40.65944534888552
32806,40.784397709228216
32807,40.383915196019345
32810,40.502412074563416
32811,40.58798544968718
32812,40.952165199835136
32815,40.95396574091522
32823,40.95396574091522
32824,40.95396574091522
32826,40.95396574091522
32828,40.9543172952428
32829,40.9543172952428
32830,40.78379886848896
32831,40.78379886848896
32837,40.78753959956877
32843,41.22223204617677
32844,41.22223204617677
32846,41.22223204617677
32848,41.22008592729178
32851,41.449111013384595
32852,41.6023966607953
32854,41.6023966607953
32855,41.6023966607953
32856,41.6015423240807
32857,41.6015423240807
32859,41.60161322222538
32860,41.60161322222539
32861,42.28156368967726
32862,42.173269610015105
32871,42.173269610015105
32872,42.173269610015105
32873,42.140677380751804
32874,42.140677380751804
32876,42.140677380751804
32878,41.99437361591787
32879,41.99437361591787
32881,41.285497769259855
32883,41.285497769259855
32884,40.58205981768758
32885,40.58205981768758
32886,40.58205981768758
32887,40.58205981768758
32888,40.58205981768758
32890,40.62459252756543
32891,40.62663712111765
32892,40.626659790277
32897,40.054002256843134
32898,39.52847746890712
32901,39.76058548083892
32902,40.85959508156142
32905,40.85959508156142
32906,40.859599612046374
32907,40.859599612046374
32910,40.86025463373251
32911,41.0294945049073
32912,41.014523024053965
32918,40.86410976798749
32920,41.064120990583994
32921,41.064120990583994
32924,40.965742547415374
32926,40.96651722124561
32928,40.96651722124561
32929,41.02114594399894
32931,41.021145943998945
32933,40.878125221793105
32935,41.150490354721185
32936,41.150490354721185
32942,41.150490354721185
32943,41.150490354721185
32944,41.15020315422378
32945,41.15020315422378
32946,40.613860744539664
32949,40.613860744539664
32951,40.613860744539664
32956,40.613860744539664
32957,41.0766274360271
32958,41.0766274360271
32959,41.0766274360271
32960,41.0766274360271
32961,41.0766274360271
32962,40.40255473047878
32965,41.34911579306048
32967,41.355786856676794
32968,40.81785447784993
32973,40.42369885597543
32974,40.65673846839757
32976,40.65673846839757
32980,40.65673846839757
32981,40.58969338890814
32985,40.58969338890814
32986,40.58969338890814
32987,40.58943938186581
32988,40.58943938186581
32989,40.58943938186581
32991,40.58943938186581
32994,40.58943938186581
32996,42.28348552900312
32997,42.28348552900312
32998,42.45519464094517
32999,42.72463262031473
33002,42.72463262031473
33004,43.22703235738635
33005,43.22703235738635
33006,43.22703235738635
33007,43.22703235738635
33008,43.22703235738635
33009,43.227051389422364
33011,43.227051389422364
33013,43.09669130779036
33014,43.303669915459515
33015,43.303669915459515
33016,44.041532525670426
33017,44.041532525670426
33018,44.041532525670426
33019,44.041638367609416
33020,44.04163836760941
33021,44.04163836760941
33023,44.04163836760941
33024,43.931701067111845
33025,43.931701067111845
33026,44.144842258039986
33028,44.144842258039986
33030,44.144842258039986
33031,44.144842258039986
33032,44.004706036836026
33033,44.04478628782026
33035,43.99840876304436
33036,43.99960428106643
33040,43.999604281066425
33041,43.55461302344439
33044,43.29146983762385
33047,43.29146983762385
33048,43.29146983762385
33050,43.248937127746
33051,43.24896606115958
33052,43.24896606115958
33053,43.24896606115958
33054,43.24896606115958
33055,43.23332291422742
33056,43.3486436592878
33057,43.3486436592878
33060,43.3486436592878
33061,43.3486436592878
33062,43.3486436592878
33063,43.61044357914167
33065,43.06843624349921
33066,43.062365349381345
33067,43.22357063050337
33069,42.74390144697318
33072,42.74390144697318
33073,42.74400014490667
33074,42.74400612163939
33075,42.97266468891693
33077,43.790227930074366
33078,43.7688788450635
33079,43.7688788450635
33080,42.63533608315305
33081,42.63533608315305
33082,42.4866844716322
33083,42.4866844716322
33084,42.44769932977684
33087,42.44769932977684
33088,42.44769932977684
33091,42.44769932977684
33093,42.76157140787068
33095,43.158264322938244
33096,43.15836378705832
33099,43.19997239120628
33100,43.34956294148654
33103,43.34956294148654
33107,43.34956294148654
33109,43.62650954653749
33110,43.59197480316394
33115,43.59197480316394
33117,43.59197480316394
33119,43.59197480316394
33120,43.59197480316394
33122,43.59199812047606
33123,43.591998120476056
33124,43.591998120476056
33125,43.588476749871454
33126,43.588476749871454
33130,43.588586622783325
33131,43.3736719033449
33134,43.3736719033449
33138,44.023796812569095
33139,43.875186604528494
33140,43.875186604528494
33142,43.87689905035035
33144,43.91115138647283
33146,43.91115138647283
33148,43.91115138647283
33149,43.91115138647283
33150,43.88622899964612
33153,44.1927606340929
33154,43.921010061460926
33155,44.03703718321384
33156,44.05668838773146
33157,44.2010608067781
33160,44.20106080677811
33161,44.201070925296605
33162,44.2010709252966
33163,44.2010709252966
33165,43.94629208693857
33166,44.006010903319066
33168,44.006010903319066
33169,44.006010903319066
33170,44.32841729654883
33171,43.58086400742317
33172,43.56121280290555
33173,43.568690315936095
33174,42.832652454082535
33175,42.83265245408254
33176,42.788033291931704
33177,42.791187152713945
33179,42.789413535385
33180,42.618169327416844
33181,42.61825431124352
33182,42.61654186542166
33185,42.61654186542165
33187,42.61654186542165
33190,42.61654186542165
33191,42.61710461091129
33198,43.14408682377568
33200,43.16777543859959
33201,43.254913240362555
33203,43.25492008419456
33204,43.25492008419456
33205,43.287222809946925
33206,43.287222809946925
33208,43.057801814345105
33212,43.057801814345105
33216,43.05127316314421
33220,43.05127316314421
33221,43.05127316314421
33222,43.03459654407528
33223,43.01704007896356
33224,43.03756995649172
33225,43.48411080516154
33226,43.48684802962775
33228,43.48684802962775
33229,43.49271941923653
33230,43.1623057812328
33231,43.026991798738095
33232,42.87143986162673
33234,42.884874340302495
33236,43.13450310784539
33238,43.13502783045669
33241,43.13502783045669
33244,43.13502783045669
33245,42.69886218452155
33247,42.69886218452155
33252,42.96447185301571
33254,42.96447185301571
33255,43.52565725285689
33257,43.2889386404683
33258,43.58628637755737
33259,43.58628637755737
33263,43.73742933929357
33264,44.65695358779388
33266,43.450659909260246
33269,43.554996367333715
33272,43.554996367333715
33274,43.684954287445365
33276,44.6106528253798
33279,44.24337935255034
33280,44.24337935255034
33285,44.24337935255034
33286,44.24418243610312
33288,44.205754960798856
33289,44.205754960798856
33291,43.803527305662215
33292,43.968967005695035
33293,43.96900410075964
33295,43.96900410075964
33298,43.973063243668314
33300,43.97514782592864
33301,44.07104273277246
33303,44.06895815051213
33305,44.06895815051213
33308,44.7684475396034
33309,44.767362545945495
33310,44.767362545945495
33316,44.5116968438185
33318,44.78065291890222
33319,44.190369576942516
33321,44.190369576942516
33322,43.77053979325675
33323,43.77053979325675
33326,43.77053979325675
33327,43.76169832666085
33329,43.76169832666085
33335,43.76169832666085
33336,43.68347481958939
33337,43.6843865614748
33338,43.5806944327477
33340,44.44578283200332
33341,44.463202243824085
33342,44.463202243824085
33343,44.46205250740023
33345,44.846007007313894
33346,45.2346753619566
33347,45.430603342493804
33349,45.430603342493804
33351,45.28631191812343
33353,45.28631191812343
33356,45.28631191812343
33359,45.28631191812343
33360,45.183523155363446
33363,44.979396508076285
33365,44.979396508076285
33366,44.986177228900026
33369,44.98617722890002
33370,44.98619704540082
33371,44.46621723267151
33373,44.36888811941844
33374,44.3706740706383
33375,44.371364343819636
33376,44.371364343819636
33377,44.371364343819636
33379,45.163301839666175
33381,45.53604677127164
33382,45.44468390946586
33383,45.444683909465866
33384,45.444683909465866
33385,45.138850479309724
33386,45.138850479309724
33391,45.138850479309724
33392,45.107663848531885
33399,45.13134085849557
33400,45.13134085849557
33401,45.13134085849557
33406,44.78165297069293
33410,44.88648958594767
33411,45.07101575674572
33412,44.91295412103872
33417,44.88648958594767
33418,44.88648958594767
33420,45.85199902107881
33421,45.85199902107881
33423,45.24852741821944
33424,45.24852741821944
33425,45.14644254869889
33427,45.13626701281252
33428,44.735470940014345
33429,44.963278514089154
33430,44.963278514089154
33431,45.07164956366627
33432,45.0675904207576
33434,45.0675904207576
33438,45.0675904207576
33440,45.0675904207576
33443,45.0675904207576
33446,45.06763860210097
33447,45.07130634055536
33449,45.07130634055537
33451,44.29286809511947
33452,44.29286809511947
33454,44.29946042963671
33456,44.29946042963671
33457,44.29946042963671
33460,44.29957025383338
33462,44.55649901416001
33466,44.55649901416001
33467,44.59481021442818
33468,44.7528501438774
33470,44.865948958978784
33472,44.55649901416001
33474,44.55672583504913
33477,44.557214714778034
33478,44.515562943603705
33479,44.698137776298836
33480,44.595553391591515
33481,43.22767087416421
33483,43.232769513851125
33484,43.07349773261489
33485,43.07349773261489
33488,43.151780500189574
33489,42.97770849603269
33490,42.96774668623459
33492,42.96984377722388
33499,42.96984377722388
33500,43.4416217994691
33501,43.4416217994691
33502,43.44221609882356
33503,43.317194132361806
33504,43.317194132361806
33505,43.317194132361806
33506,43.317194132361806
33507,43.31930534159818
33508,43.31930534159818
33509,43.31930534159818
33511,43.31930534159818
33512,43.23245199743727
33513,43.23245199743727
33516,43.11098140340264
33520,43.11098140340264
33521,43.110461105264044
33522,43.112830196718235
33523,43.11844833716569
33524,43.40087924997437
33527,43.40087924997437
33528,43.08115957607303
33529,43.08115957607303
33530,43.037462236737795
33534,43.274683436321865
33535,43.274683436321865
33536,43.91930483875936
33539,43.91930483875936
33540,43.91930483875936
33542,43.86405440080707
33543,43.27881484438932
33545,43.27881484438932
33546,43.38322017784481
33548,43.383777043962866
33549,43.69286298547373
33553,43.69404930585419
33554,43.697709534265776
33557,43.67933750592158
33561,43.67933750592158
33562,43.49016811162675
33567,43.49016811162675
33569,43.46938934374048
33572,43.46938934374048
33574,43.46938934374048
33576,43.46938934374048
33578,43.46938934374048
33582,43.469448814785025
33584,43.09536282825801
33586,43.09536282825801
33588,42.939143393998826
33589,42.5703090798863
33591,41.80696324471573
33592,42.86067206813971
33594,42.86067206813971
33595,42.60567649382505
33596,42.60567649382505
33597,42.59807965384355
33599,42.59807965384355
33602,42.322979340945565
33605,42.32297934094556
33606,42.32297934094556
33607,42.32367409527313
33608,42.32367409527313
33610,43.3805353608356
33611,43.3805353608356
33612,43.88282536049643
33613,42.79244998294326
33614,42.7930885556181
33615,42.7930885556181
33616,42.619702360969306
33618,42.55682256258062
33627,42.55682256258062
33629,42.59353135562872
33631,43.07851724048652
33634,43.18942073870517
33635,43.18942073870517
33637,43.18942073870517
33640,43.199398184882696
33641,43.199398184882696
33643,42.75560900922494
33644,42.75560900922494
33647,42.582013928820594
33649,42.26582716105712
33651,42.33532496833542
33652,42.378464111000994
33653,42.378464111000994
33654,42.46003816437345
33656,42.460038164373444
33657,42.460038164373444
33658,42.460038164373444
33659,42.718072220423814
33666,42.69916522678949
33667,42.69916522678949
33668,42.69916522678949
33670,43.536929484149105
33673,43.536929484149105
33674,43.100336591512125
33675,43.1006380677893
33676,43.1006380677893
33677,43.0985414778606
33678,43.0985414778606
33679,43.065141536516215
33680,43.383465331082334
33681,43.383465331082334
33682,43.383465331082334
33687,43.88331575609879
33688,43.160766101215806
33689,43.30663284696991
33690,43.30663284696991
33692,43.18087704483687
33693,43.281786468559226
33694,43.39398393801122
33695,43.6540876034912
33697,43.6540876034912
33698,43.6540876034912
33699,43.71630992466521
33700,44.39522820619739
33705,45.1306170869382
33706,45.1306170869382
33708,45.1306170869382
33709,45.1306170869382
33712,45.13106933292487
33713,45.70796466564208
33714,45.70796466564208
33716,45.70796466564208
33717,45.74643907404291
33724,45.74643907404291
33725,45.74643907404291
33731,45.48219472754839
33732,45.48219472754839
33733,45.20131201030749
33736,45.20131201030749
33737,45.44053839059634
33738,45.44053839059634
33739,45.71294178383817
33741,46.23230195130304
33744,46.23230195130304
33745,45.492479559360056
33748,45.62918165550719
33749,47.57046257295453
33751,47.57198142815241
33753,48.168665567489974
33754,47.026695438520704
33755,47.026695438520704
33756,47.026695438520704
33757,47.026695438520704
33759,47.0602380312967
33761,47.0602380312967
33762,47.0602380312967
33763,46.87511748068079
33764,46.97121639390417
33765,47.347570841271875
33766,46.660954853948255
33767,46.66095877755853
33768,46.66140424943281
33769,46.66464555268602
33770,46.66712433104838
33773,46.667124331048385
33774,44.94749720179716
33775,44.94749720179716
33776,44.94749720179716
33780,44.94751574351428
33781,44.94751574351428
33784,44.998498643941744
33785,44.998498643941744
33786,45.898308673545245
33787,45.81520517632626
33789,45.35753706142446
33791,45.35753706142446
33792,45.35753706142446
33793,45.35753706142446
33794,45.35753706142446
33796,45.351396331325866
33799,45.351396331325866
33800,45.351396331325866
33804,45.351396331325866
33808,45.351396331325866
33809,44.81210030226266
33811,44.81210030226266
33812,44.585115144869015
33815,45.14172078665846
33816,45.14172078665846
33818,45.14172078665846
33819,45.14172078665846
33822,45.14172078665846
33823,45.14172078665846
33824,45.485089568617454
33825,44.97764929752351
33826,44.87457519057994
33828,44.87457519057994
33830,44.87457519057994
33831,44.87443163743506
33832,45.114057908568824
33833,45.114057908568824
33835,45.114057908568824
33839,44.58568682719349
33841,44.63651986095076
33842,44.60792971743061
33844,44.60660696217787
33845,44.54614170524838
33846,44.47912245847848
33848,44.47912245847848
33851,44.47912245847848
33852,44.47912245847848
33853,44.47956519148019
33854,44.21602389792532
33856,44.21602389792532
33857,44.120922155110826
33858,43.95118068053532
33863,43.824429972914764
33864,43.16692237832819
33867,43.427963800664685
33869,43.427963800664685
33871,43.42768269358805
33874,43.43136745112707
33875,43.431673172194586
33879,43.18232754140608
33880,43.04021657988552
33881,43.09442960219474
33884,43.09445616200193
33886,43.12034965848282
33887,43.024669011591676
33888,43.024669011591676
33890,43.02467922467309
33891,43.10976144530108
33892,43.10976144530108
33893,43.06140939917583
33895,43.06140939917583
33896,42.99831851965634
33897,42.99831851965634
33898,42.99831851965634
33900,42.99674686226461
33901,42.94167996162896
33902,42.94167996162896
33903,42.83180097400815
33905,42.84914771180977
33906,42.84924374955416
33909,42.84924374955416
33912,43.21267413914055
33918,43.0298642372258
33919,43.0298642372258
33922,43.084443409887136
33923,43.23787805067438
33924,42.76472998391023
33926,42.76472998391023
33928,42.76472998391023
33933,43.493865976181034
33934,43.493865976181034
33935,41.76242579345852
33936,41.76242579345851
33937,41.87301309199012
33940,42.71529072144918
33941,42.71529072144918
33942,42.71529072144918
33944,42.491777068521586
33945,42.491777068521586
33946,42.34481751261106
33948,42.966604585674474
33949,42.966604585674474
33950,42.95906294932117
33951,42.95906294932117
33954,42.41551429774339
33956,42.48377172828144
33958,42.48377172828144
33959,42.415514297743364
33960,42.415514297743364
33963,42.38591174134496
33966,42.38591174134496
33967,42.36422433746748
33968,42.3648216593174
33973,42.15246786170252
33974,41.73233563319271
33975,41.73233563319271
33976,41.716576709735314
33977,41.63970622740244
33978,41.63970622740244
33980,41.63970622740244
33982,41.63970622740244
33984,41.63970622740244
33985,41.63970622740244
33988,41.62722274857511
33989,41.4257407713388
33990,41.435849163620375
33991,41.42887206877292
33992,41.42887206877291
33993,42.05915541144352
33994,42.05915541144352
33995,42.05915541144352
33996,42.05918101209836
33997,42.05918101209836
33998,42.05918101209836
33999,41.93128520469292
34000,41.93128520469293
34001,41.93128520469293
34002,41.93146460378438
34003,41.49338222473171
34004,41.64604004058665
34005,41.64604004058665
34007,42.02325575447428
34009,42.02325575447428
34010,42.02325575447428
34015,42.02325575447428
34016,42.02325575447428
34017,42.02325575447428
34018,41.97130750842768
34019,42.113143083037556
34020,42.113143083037556
34022,42.11365233757372
34023,42.113652337573726
34026,42.113652337573726
34028,42.113652337573726
34029,42.113652337573726
34033,42.113652337573726
34034,41.06296196592456
34035,41.0755437506284
34036,41.40112492612373
34037,41.40112492612373
34038,41.40112492612373
34039,41.40112492612373
34040,41.11791830034862
34041,42.822382562618955
34042,42.822382562618955
34043,42.41375309218161
34045,41.60858536208833
34050,41.616876606524066
34057,41.61687660652407
34058,41.61687660652407
34060,41.6184580989949
34065,41.633970946202396
34066,41.633970946202396
34068,40.84719552009419
34070,40.602537814959945
34071,41.345039988579956
34072,41.34150872251848
34073,42.256115815702564
34075,41.239199957454396
34076,41.239199957454396
34077,41.239199957454396
34078,41.239199957454396
34080,41.239199957454396
34084,41.239199957454396
34085,41.239199957454396
34087,41.22342224991676
34088,41.41031347409071
34089,41.41121424433891
34090,41.4112142443389
34092,41.40108500963756
34094,41.63670578387737
34095,41.63670578387737
34106,41.41282706395184
34107,41.55967575647207
34108,41.93395903762176
34109,42.47691509108083
34110,42.47900761877823
34111,42.47900761877823
34112,41.88997869125345
34114,42.532714700422545
34119,43.27422773339582
34121,43.27316536170876
34122,43.270141444510756
34123,43.270141444510756
34130,43.661232733533225
34131,43.661232733533225
34132,43.83078513373195
34134,43.83078513373195
34137,44.59393428604602
34139,44.59393428604602
34140,44.45166862016425
34143,45.40882751593596
34144,45.38157164930082
34146,45.38157164930082
34147,44.35588974762496
34149,44.37151681093746
34152,43.96367708416152
34154,43.91461732138102
34155,43.91461732138103
34156,43.59493986537012
34157,43.646548552730536
34163,43.646548552730536
34166,43.47524894856592
34167,44.15805214552527
34169,44.15805214552527
34170,43.40369465615261
34171,43.34083490266754
34172,43.112398606120166
34176,42.76181638431186
34181,42.85429085282218
34182,42.85429085282218
34186,42.63227794106924
34187,42.63227794106923
34188,42.60201588582125
34191,42.710235796725115
34193,42.710235796725115
34194,42.710235796725115
34196,42.75461673883785
34198,42.77147199848622
34201,42.78350496129657
34205,42.78392471444026
34206,42.77147199848621
34208,42.889355605347504
34213,42.44034089637702
34218,41.68782450592798
34219,41.68782450592798
34220,40.90586215402963
34226,40.90586215402963
34230,40.90586215402963
34233,40.912538662197
34234,40.912538662197
34235,40.289581526523214
34236,40.48109800867589
34240,40.48109800867589
34243,40.44941783950583
34244,41.60251335723392
34245,41.60659771824046
34248,42.6435250582514
34249,42.64352505825141
34251,42.64352505825141
34252,42.64352505825141
34253,42.64417864077143
34256,42.24226800356385
34260,42.24327896781786
34261,42.245125811740856
34262,42.41569307779382
34264,42.41569307779382
34266,42.41569307779382
34267,42.41569307779382
34270,42.4159804251582
34273,42.41571499685341
34277,42.41571499685341
34278,42.40400785016372
34280,42.7207486687027
34285,42.7207486687027
34288,42.7207486687027
34289,42.720374419644045
34291,42.720374419644045
34293,42.7207486687027
34296,42.7207486687027
34298,43.553657445466314
34299,43.28169610699732
34300,43.28169610699732
34302,43.28169610699732
34307,42.84896248467765
34318,43.11375297636907
34319,43.11375297636907
34321,42.65353213465304
34323,42.65353213465304
34325,42.65353213465304
34326,42.65353213465304
34327,42.664340901145124
34328,43.14781162974655
34329,43.147815373578624
34330,43.05553108962942
34331,42.897764144816485
34332,42.897764144816485
34335,44.544007690376006
34337,44.56266103393599
34340,44.56266103393598
34341,44.691833187303395
34343,44.57807750490372
34344,44.57807750490372
34345,44.57807750490372
34346,44.89456222745021
34347,45.618376785684035
34351,45.618376785684035
34352,45.241896801511686
34353,45.241896801511686
34354,45.04997457802059
34356,45.04997457802059
34358,45.07195136661684
34360,45.43627268372097
34361,45.064092347945035
34362,45.538624016644775
34366,45.03981270379013
34367,45.03981270379013
34369,44.98119214781756
34370,45.018113002054726
34374,45.018113002054726
34375,44.96868510014362
34376,44.92646828965612
34379,44.92646828965612
34380,44.92646828965612
34381,44.949224144697695
34383,44.977636169164136
34384,43.854643626994346
34386,43.854643626994346
34387,43.854643626994346
34388,43.854643626994346
34389,43.49224117767824
34391,43.49734107177307
34393,43.6685930859419
34394,43.9560442218788
34397,43.9560442218788
34398,43.9560442218788
34399,43.9560442218788
34400,44.192010674380676
34402,44.192010674380676
34403,44.192010674380676
34413,44.192010674380676
34414,44.009550899678764
34416,44.00971200709358
34421,43.85723625218505
34423,44.2911122807286
34424,44.751967122540655
34425,45.1549314411113
34428,45.419677212542155
34429,45.39107680899849
34430,45.39202013787463
34431,45.39202013787463
34432,45.39202013787463
34433,45.31303007803464
34434,45.66286350509977
34437,45.663591553107935
34438,45.66359155310793
34439,44.93733905688206
34441,44.93733905688206
34442,44.93733905688206
34443,44.93733905688206
34445,44.93745666282031
34446,44.22143684554985
34447,44.29326302534926
34449,44.19570477749595
34450,44.61106652023339
34451,44.61106652023339
34452,43.70239157233048
34453,43.702825130099306
34457,43.68882829763255
34458,43.68882829763255
34459,43.68882829763255
34460,43.68882829763255
34461,43.68882829763255
34462,43.630922579918426
34464,43.66810951362308
34466,43.764073000840874
34468,43.764073000840874
34469,43.764073000840874
34470,43.652234013061765
34471,43.652234013061765
34472,43.652234013061765
34473,43.6459736368195
34476,43.74703984357404
34479,43.707780262889685
34480,43.73340056808025
34481,44.351704978234544
34482,44.351704978234544
34483,44.70330001556952
34485,44.70615978785552
34486,44.949518342204954
34488,46.262370566143154
34489,46.214261638077886
34490,46.21426163807788
34491,45.90719585582178
34493,45.907195855821776
34495,45.90748546441541
34499,45.90748546441541
34500,45.83900347469629
34501,45.83900347469629
34502,45.83900347469629
34503,45.9841467620135
34504,45.9841467620135
34506,45.9841467620135
34509,44.989301101653176
34510,44.989301101653176
34511,45.12184548210599
34512,45.12184548210599
34513,44.78468272807357
34514,44.78468272807357
34515,44.78468272807357
34517,44.37189332754618
34518,44.38374376413557
34520,43.91329237191725
34521,43.91329237191725
34522,43.89269624208992
34523,43.807865148012326
34526,43.807798515568344
34528,44.32536072731155
34529,44.31310284607457
34530,44.415381169263675
34531,44.415783662743905
34532,44.415783662743905
34533,44.416069848133276
34534,44.482148432539276
34535,44.48337367020691
34536,44.48337367020691
34537,43.86962927413607
34538,43.86962927413607
34539,43.86962927413607
34540,43.86962927413607
34543,43.86962927413607
34544,44.213426720475375
34546,44.213426720475375
34547,44.213426720475375
34548,44.84940651041564
34549,46.43678906641059
34550,46.43101856462611
34551,46.618474790853774
34552,46.618474790853774
34554,46.618474790853774
34555,46.618474790853774
34556,46.618474790853774
34557,46.618474790853774
34558,46.78068868315099
34560,47.070181662542915
34561,47.067908908004256
34562,47.06825263118858
34563,46.68159156456287
34564,46.712830418492985
34566,46.71283041849299
34568,46.71283041849299
34569,47.09886659930947
34570,47.09886659930947
34572,46.959693661879875
34575,47.58597771274411
34576,47.35172052833813
34577,47.44601846480503
34581,47.43604302820708
34583,47.43605059918081
34586,48.02503784424526
34587,49.4484983479879
34588,49.4484983479879
34589,49.4484983479879
34590,49.44952452653829
34591,49.4495245265383
34592,49.954226610576086
34593,50.17138544961039
34594,50.17138544961039
34595,50.17138544961039
34596,50.17138544961039
34597,50.17138544961039
34599,50.09554874550555
34603,50.09554874550555
34605,49.406277004871306
34606,49.17669509202789
34608,48.16850200363983
34609,48.16850200363982
34612,48.16850200363982
34614,47.57177431717728
34616,47.57177431717728
34617,47.5576584702092
34618,48.207861904691434
34623,48.10948093808419
34624,48.1094809380842
34625,47.83465806251947
34630,47.83465806251947
34632,47.97494097315839
34633,48.356944688127584
34636,48.356944688127584
34637,48.356944688127584
34641,48.35695177176592
34642,47.95592430606355
34643,48.62150797335806
34645,48.62150797335806
34647,48.648598479661025
34649,48.648598479661025
34650,48.08562733748288
34651,48.083372553294396
34656,48.0833725532944
34659,48.0833725532944
34660,48.298774502519784
34662,48.298774502519784
34663,48.070008342257786
34664,47.72937902102509
34665,47.72937902102509
34666,47.72937902102509
34668,47.72817865571559
34669,47.729691938831095
34673,47.72969193883109
34675,47.72969193883109
34676,47.42187990779102
34679,47.421879907791016
34681,47.421879907791016
34682,47.438205967272566
34684,47.43820596727257
34686,47.43820596727257
34687,46.570538379485406
34688,46.6467388972058
34689,46.61802992509899
34690,46.570538379485406
34691,46.570538379485406
34693,47.21737942474983
34694,47.21737942474983
34695,47.38801425863262
34697,46.95625974325443
34699,46.95625974325443
34701,46.990343585957525
34704,46.990343585957525
34705,46.99147867335028
34706,46.991478673350265
34708,46.98743799556543
34710,47.096540723041436
34713,47.11988008416281
34714,47.11988008416281
34715,47.11988008416281
34717,47.12955754217121
34718,47.11988008416281
34719,47.11988008416281
34720,47.11991582583744
34721,47.68331335784626
34722,47.68331335784626
34724,47.68331335784626
34726,47.68331335784626
34727,47.67350988847439
34728,47.67350988847439
34734,47.67350988847439
34735,47.67350988847439
34736,47.64620305819518
34737,47.64620305819518
34739,47.64811265744148
34742,47.6482978396133
34744,46.9392035020782
34745,46.65966702044201
34746,46.55724727537801
34747,45.97991258882364
34751,45.953392345939825
34752,45.88970090810417
34753,45.88970090810417
34756,45.88970090810417
34757,46.03374441903837
34761,46.562439558500934
34762,46.56645570093204
34763,46.56645570093204
34765,46.33266765050547
34766,46.33266765050547
34768,46.37893301291178
34769,46.38374440756212
34770,46.383744407562126
34771,46.383744407562126
34772,46.38003074150239
34774,46.38003074150239
34775,46.38003074150239
34778,46.326472143720046
34779,46.06951834411588
34781,46.07039060649616
34782,46.03952567303085
34786,46.0402200460384
34788,46.27772439157854
34792,46.04057672571064
34793,46.04057672571064
34795,45.85991022238066
34798,45.767407187645894
34799,45.74032509363062
34800,45.74032509363062
34801,44.504600927560055
34802,44.504600927560055
34805,44.504917348599825
34807,45.09456112148024
34808,45.09456112148024
34809,45.09456112148024
34810,45.09456112148024
34812,45.09456112148024
34813,45.09982060950066
34817,45.282968832512275
34818,45.28261215284003
34819,45.67652068938977
34820,45.753850577681455
34821,45.48126363710413
34825,45.48126363710413
34826,45.282615750821684
34829,45.282615750821684
34830,45.38025006101587
34831,45.399941281131056
34832,44.48822609641836
34833,44.488226096418366
34836,44.48829213601049
34839,44.05954994543719
34840,44.67069541888823
34841,44.67069541888823
34842,45.72989749831544
34843,45.72989749831544
34844,45.72989749831544
34845,45.72989749831544
34846,45.717653761727476
34849,45.71846000412139
34850,45.7184600041214
34851,45.7184600041214
34852,45.7184600041214
34854,45.31445260115372
34857,45.191150097571196
34859,45.19340488175968
34864,45.193404881759676
34869,45.23311703265338
34870,45.23311703265338
34871,45.23311703265338
34875,45.15351238003036
34876,45.15351238003036
34877,45.15351238003036
34879,45.539581372851686
34880,45.50521033004946
34885,45.676364540023584
34886,45.676364540023584
34887,45.676364540023584
34890,45.86681729347764
34891,45.889990959430285
34892,45.889990959430285
34893,46.52801400408075
34894,46.73781579716525
34895,45.873321401470605
34897,46.321162929072706
34898,46.32125069223974
34899,46.321250692239744
34900,46.321250692239744
34902,46.32164561204296
34904,46.93509881718738
34909,46.93509881718738
34910,46.5698834687804
34911,46.34397990611266
34914,46.343979906112665
34916,46.34561400082362
34918,45.482111404014525
34920,45.10323755145919
34921,44.48277070697097
34922,44.48277070697097
34923,44.91648966549803
34924,44.89125773659838
34931,44.89270101003098
34934,44.083826480731474
34935,44.083826480731474
34937,43.983711165987145
34940,43.981025815468215
34943,43.98392812387253
34944,43.99909701555632
34947,44.24870095342648
34948,44.24870095342648
34949,44.12324794096994
34950,44.11262058171406
34951,44.562587791935215
34952,45.037039398916136
34954,45.063349067056826
34955,44.735211433583146
34956,44.48414673093633
34958,44.48414673093634
34959,44.35502576350553
34960,44.35502576350553
34962,44.359247420063
34963,44.359247420063
34964,44.359247420063
34965,43.87756456026358
34968,43.877605035234865
34971,43.88669203550839
34975,44.55472485261173
34976,44.55472485261173
34977,44.55472485261173
34980,43.57714036161612
34982,43.57714036161612
34983,43.57714036161612
34986,43.577600730617306
34987,43.577600730617306
34988,43.69975733380233
34992,43.285891599280525
34994,43.285891599280525
34995,43.22438649180972
34996,43.22438649180972
34998,43.22443786817964
34999,43.22443786817964
35001,43.16435767865921
35002,43.79796164871042
35005,43.80329290870333
35006,43.80329290870333
35007,43.80329290870333
35008,42.13989575122155
35009,42.09235810973499
35010,42.16843205315956
35014,42.16843205315956
35015,42.16843205315956
35019,42.2632888474266
35020,42.26329703134105
35021,41.94864139692189
35022,41.94864139692189
35023,41.94864139692189
35026,41.55759811287546
35028,41.23820826194211
35030,41.23820826194211
35031,41.443622784439896
35036,41.443622784439896
35041,41.31714911902112
35042,41.31714911902112
35043,41.31714911902112
35046,41.31714911902112
35047,41.31714911902112
35048,41.31714911902112
35049,40.41210290786621
35050,40.54994350713334
35058,40.54994350713334
35060,40.54994350713334
35061,40.659156897735194
35062,41.99624187454991
35067,41.99624187454991
35068,41.99624187454991
35069,41.99624187454991
35070,41.99437451780537
35072,42.01110815502708
35073,42.011108155027074
35074,43.27242420689646
35076,43.118253789283024
35077,42.971951849889166
35078,43.01149674095612
35085,43.01149674095612
35088,42.40613960334305
35090,42.40613960334305
35091,42.16823000503244
35093,42.20284511369409
35094,42.218361833110045
35098,42.218361833110045
35099,42.43606823602861
35101,43.17325169825216
35102,43.243663511949876
35105,43.17325169825216
35106,43.173087074324286
35107,43.12280349192939
35108,43.12280349192939
35109,43.148318741136066
35113,43.148318741136066
35114,43.148318741136066
35116,43.11938837332646
35117,43.11886410137852
35120,43.0842149514683
35124,43.0842345373071
35126,43.3120987502828
35127,43.3120987502828
35128,43.88321948443229
35130,43.88321948443229
35131,43.97570497647887
35133,43.97570903127634
35135,43.97570903127634
35136,43.97570903127634
35137,43.97570903127634
35141,42.76729322189328
35142,42.458047663402866
35143,42.458047663402866
35144,42.39004631612771
35149,42.58435258038858
35150,42.584593273702836
35152,42.584593273702836
35154,42.584593273702836
35156,42.584593273702836
35158,42.568414294759656
35162,42.685565253426844
35164,42.6085805936618
35166,43.19420287794403
35167,43.36300651025063
35169,43.36300651025063
35170,43.36300651025063
35172,43.36300651025063
35174,43.66829694310913
35176,43.66829694310913
35177,43.11760443525212
35182,43.11760443525212
35185,43.11760443525212
35186,43.11760443525212
35187,43.29544848099233
35191,43.40737237061871
35192,42.928956106138415
35194,42.932042500620796
35195,42.926726558256014
35201,42.7106060010025
35203,42.82960136613566
35205,42.7106060010025
35206,42.7106060010025
35207,43.139015108944484
35208,43.139015108944484
35209,43.139015108944484
35214,43.13914682312772
35215,42.98591905348588
35217,42.98591905348588
35218,42.985678360171626
35219,42.98567836017163
35220,42.98567836017163
35222,42.98567836017163
35223,42.89405550355266
35225,42.89405550355266
35226,42.89405550355266
35228,42.18433834216978
35230,42.18433834216978
35231,42.38406394205256
35232,42.38406394205256
35233,42.37049576639754
35235,42.37049576639754
35237,42.37049576639754
35238,42.37049576639754
35239,42.37049576639754
35240,42.423849823759014
35241,42.423849823759014
35242,42.18447411668067
35243,43.96995860525859
35245,43.96995860525859
35246,43.46829991907361
35247,43.795428393617016
35248,43.795428393617016
35250,43.795428393617016
35253,43.795428393617016
35254,42.96186286522206
35259,42.96186286522206
35260,42.96186286522206
35261,42.96186286522206
35262,42.96186286522206
35263,42.96186286522206
35265,43.079950952162974
35266,43.20988157614659
35271,43.20988157614659
35272,43.20938138038022
35275,43.211002252262816
35278,43.213966892452156
35281,43.18816995001184
35282,43.203954723827
35283,43.203954723827
35284,43.203954723827
35285,42.580837984073426
35286,42.580837984073426
35287,42.38642908939949
35288,41.95187829813902
35289,41.71829625133608
35291,42.17811326308388
35294,42.17811326308388
35297,42.12251309507684
35299,42.147331849065125
35302,42.147331849065125
35303,42.1524991648194
35304,42.1524991648194
35305,42.0302324448353
35308,42.29680484622165
35310,41.89973278786622
35312,41.84699264519075
35316,41.85892879283271
35321,42.32014367162076
35322,42.32014765949619
35323,42.32014765949619
35324,42.32014765949619
35325,42.32014765949619
35327,42.32014765949619
35328,42.08807328578356
35329,42.51774579559601
35330,43.27993258092307
35331,43.27993258092307
35332,41.957772295019424
35334,42.4524805169637
35336,42.4524805169637
35342,42.452656905063286
35343,42.452656905063286
35346,42.452656905063286
35347,42.127487664237215
35348,42.127487664237215
35349,42.12780281950913
35351,41.95852330608316
35352,42.277225654159565
35353,41.962241389195476
35354,41.67743043108311
35355,41.67743043108311
35356,41.48130245623284
35358,41.48130245623284
35359,40.99718212617564
35360,41.00111041226402
35361,41.00111041226402
35364,41.00111041226402
35367,41.00111041226402
35369,41.00111041226402
35372,40.59116175393296
35373,40.59116175393296
35375,40.59127730354816
35377,40.483578017086955
35378,40.026243399718346
35379,40.02628920454701
35382,40.02628920454702
35383,40.02628920454702
35387,40.0757997135442
35388,40.0757997135442
35389,40.0757997135442
35390,40.0757997135442
35392,40.0757997135442
35393,40.0757997135442
35396,40.0757997135442
35397,40.0757997135442
35399,40.0757997135442
35400,40.12907043703127
35401,40.099978290317225
35402,40.099978290317225
35405,40.099978290317225
35406,40.099978290317225
35408,40.13651744527526
35409,40.13651744527526
35411,39.65533691533425
35415,39.62629033092652
35416,39.49822053164862
35417,39.49822053164862
35419,39.49822053164862
35421,39.49822053164862
35422,39.49822053164862
35424,39.4978822701052
35425,38.959799729775064
35427,38.959799729775064
35428,38.959799729775064
35429,38.95983212596645
35430,38.80473814662003
35431,38.80473814662003
35432,38.80473814662003
35433,38.81644231274452
35434,38.81644231274452
35435,38.81676610294867
35437,39.197542178844635
35443,38.80371002336532
35444,38.8495025384771
35445,39.040743192257274
35446,39.45537876006851
35448,39.45538521571477
35449,39.45141460882602
35451,39.45141460882602
35452,39.526887993199026
35453,39.67274981340536
35458,39.76947268360764
35460,39.76947268360764
35461,39.725925672295325
35462,39.72571244679092
35463,39.72571244679092
35464,39.814465217324695
35465,39.81455811390205
35466,39.728560569078645
35468,39.728560569078645
35469,39.728560569078645
35470,39.728560569078645
35471,39.728560569078645
35475,39.728560569078645
35476,39.75634785708764
35480,39.86349618851506
35481,39.86349618851506
35482,39.88513638991347
35483,39.67212851109358
35484,39.67212851109358
35485,39.67212851109358
35491,39.67212851109358
35492,39.66590641411402
35493,39.665906414114026
35494,39.665906414114026
35500,39.66596836991537
35502,39.5117675507735
35503,39.5117675507735
35504,39.371198052873105
35507,39.35777351349916
35509,39.35777351349916
35510,39.21439807686421
35511,39.69143292337945
35512,39.089480308166564
35513,39.089480308166564
35514,39.29439746523747
35515,39.30094037649331
35516,39.30491098338206
35518,39.30491098338206
35520,40.07259925869456
35521,40.07259925869456
35522,40.07259925869456
35523,40.22907146162886
35524,40.22732730763705
35525,40.227327307637054
35528,40.227327307637054
35529,40.269719874725745
35530,40.26971987472574
35531,40.25230141860091
35532,40.28368292762086
35533,40.28368292762086
35534,39.24735738482455
35535,39.02605298461849
35536,38.70339524379318
35541,38.88537580239966
35542,38.88538984280238
35545,38.65319024813448
35546,38.65592154714992
35548,38.655924733929815
35551,38.65413499169232
35552,38.652017043758015
35555,38.86701495625114
35556,38.839227668242145
35557,38.839227668242145
35559,39.15503978331348
35560,38.863495702517554
35561,38.863495702517554
35564,38.73095928596568
35568,38.73095928596568
35569,38.73095928596568
35570,38.73095928596568
35571,38.73095928596568
35573,38.6711298075106
35574,38.6711298075106
35576,38.6711298075106
35577,38.6711298075106
35579,38.6711298075106
35580,39.125359008319194
35583,38.90380184583056
35584,38.9039022997718
35585,38.9039022997718
35591,38.9039022997718
35596,39.403184925078676
35597,39.469304226832
35598,39.469304226832
35600,39.90498569237095
35601,39.90881559298948
35602,39.90881559298948
35603,39.90885080780307
35604,39.375878345548564
35605,39.315916400438795
35607,39.315916400438795
35608,39.315916400438795
35609,39.315916400438795
35613,39.42188815601891
35614,39.31043433599132
35615,39.16793086011813
35620,39.168964162450045
35621,39.176518006468186
35624,39.38388875307271
35625,39.38388875307271
35626,38.89420946757062
35627,38.845938332747544
35628,38.845938332747544
35633,38.845938332747544
35635,38.87796739100722
35640,38.881389760411565
35642,38.88138976041156
35643,38.88366682722552
35644,39.059942981564966
35645,39.060256318883845
35646,39.266595213171
35647,39.23518351581426
35650,39.23518351581426
35652,39.2085634798862
35654,39.2085634798862
35656,39.288535798509905
35657,38.50911096939049
35660,38.516545324193594
35661,39.85483755161892
35663,39.85483755161892
35664,38.42779507084742
35666,38.42779507084742
35671,38.427944572626714
35672,38.07656353812416
35673,38.07656353812416
35674,38.76508194157204
35675,38.76508194157204
35676,38.7633739490858
35679,38.763373949085796
35680,38.7063802946107
35681,38.7063802946107
35683,38.7063802946107
35684,38.65969636055624
35688,38.65969636055624
35691,38.65969636055624
35692,38.65969636055624
35694,38.86018990746607
35695,38.86018990746607
35697,39.16465707676143
35698,38.86018990746607
35699,38.828037110557716
35700,38.2821327559676
35703,38.327629200424916
35704,38.327629200424916
35705,38.26486557371388
35706,38.30406565622388
35707,38.304065656223884
35709,38.304065656223884
35713,38.283735268146096
35715,38.283735268146096
35716,38.283735268146096
35718,38.36784311680022
35719,38.282701965814184
35720,38.386582773682484
35722,38.386582773682484
35723,38.386582773682484
35725,38.423452443414405
35726,38.42359310096446
35728,38.42359310096446
35729,39.322943267015766
35730,39.315508912212664
35731,39.20736480114629
35732,39.20736480114629
35733,39.20736480114629
35735,39.20736480114629
35736,39.20736480114629
35738,39.21479915594939
35739,39.115986762578615
35740,39.01655692885703
35742,38.560633579668945
35745,38.560633579668945
35746,38.8167301189015
35747,38.8167301189015
35749,38.53376832696507
35751,38.268029465150036
35753,38.268029465150036
35754,38.235907428125785
35755,38.235907428125785
35756,38.235907428125785
35758,38.361168201422004
35763,38.361168201422004
35764,38.362285703529196
35766,38.362285703529196
35768,38.362285703529196
35769,38.36070617298155
35770,37.67586581008028
35771,37.67588840597376
35772,37.65888499061417
35773,37.65888499061417
35775,37.562707623303204
35776,37.48326094375059
35778,37.89257161909621
35781,38.23624947071357
35782,39.141574784502396
35786,40.4432500306257
35790,40.4432500306257
35791,40.4432500306257
35792,40.4432500306257
35793,40.641600561913634
35794,40.4432500306257
35796,40.4432500306257
35797,40.4432500306257
35798,40.48602078932763
35800,40.48602078932763
35802,40.48602078932763
35803,40.48602078932763
35804,40.48602078932763
35805,40.48602078932763
35807,40.61602934863566
35808,40.616097186643586
35809,40.616097186643586
35811,40.616097186643586
35816,39.816092183737965
35817,40.37717054536691
35818,40.306209020135746
35819,40.41521305128072
35822,40.15040295822352
35824,40.150402958223516
35825,40.150402958223516
35826,40.150402958223516
35827,40.150402958223516
35828,39.45173191226474
35831,39.45173191226474
35834,39.45173191226474
35835,39.45173191226474
35837,39.90751965564709
35838,39.90751965564709
35839,39.90751965564709
35840,39.90751965564709
35842,39.919725446902206
35845,40.06459101919508
35846,40.06459101919508
35850,40.33765506186476
35852,40.33765506186476
35853,40.087921743583586
35854,40.065607473294286
35855,40.73960474489766
35863,41.16246151842746
35865,41.224811697299415
35871,41.39933096464156
35872,42.12913061926855
35878,43.79272846550291
35879,43.79272846550291
35880,43.91955304479306
35881,43.91955304479306
35884,43.91955304479306
35885,44.581400340602286
35886,43.495805632024165
35887,43.49580563202416
35888,44.05278081417099
35889,44.16094997207855
35890,44.16094997207855
35891,44.16094997207855
35892,44.33509719785103
35894,44.33509719785103
35896,44.28819790923627
35897,44.28819790923627
35898,44.288509796074486
35899,44.288509796074486
35900,44.288509796074486
35903,44.288509796074486
35904,44.49473582738867
35906,44.452432605795835
35907,44.45990335431022
35908,44.45990335431022
35914,44.45990335431022
35917,44.49056256587748
35918,44.49056256587749
35922,44.273336868189006
35923,44.273336868189006
35924,44.273336868189006
35928,44.65220678621814
35932,44.65220678621814
35933,44.19491154679388
35937,44.248462116995924
35938,44.248462116995924
35945,44.248462116995924
35949,44.248462116995924
35950,44.248558835839205
35952,43.87248241879424
35954,43.88308454829718
35955,43.36362352501448
35956,44.14610487438739
35957,44.1461053778703
35958,45.646589997795544
35960,45.646589997795544
35961,45.73779392352751
35963,45.82616444153287
35964,45.8262069727944
35965,45.82671214048107
35966,45.82671214048107
35968,45.188477989017876
35969,44.880895660383416
35971,45.13291247901622
35975,45.13291247901622
35976,45.134006016771885
35978,44.777339381786206
35980,44.78728863201422
35981,44.79863711612517
35982,44.79863711612517
35984,44.80107138363791
35985,44.80107138363791
35988,44.870850650821076
35989,44.669542335793
35990,44.6749586143542
35991,44.6749586143542
35992,44.67495861435422
35994,44.0153706235031
35997,44.015671738571534
35998,44.015671738571534
35999,44.12446085111852
36001,44.12446085111852
36004,44.12446085111852
36005,44.12446085111852
36006,43.90658723540625
36007,43.90658723540625
36009,43.51162785025501
36010,43.51162785025501
36011,43.51162785025501
36014,43.684892920795996
36017,43.7418733850108
36018,43.74208758360489
36019,43.74208758360489
36021,43.74208758360489
36022,43.74208758360489
36023,43.74208758360489
36024,43.824596691834955
36026,43.82768703539643
36027,43.82768703539643
36028,43.79363824994678
36029,43.79363824994678
36032,43.79363824994678
36033,43.75414435002478
36034,43.42773105822542
36035,43.98731746264709
36037,43.98731746264709
36038,43.9999577390963
36039,43.9999577390963
36041,43.9999577390963
36042,43.9999577390963
36043,43.9999577390963
36046,43.90383849499704
36050,43.90771843781384
36051,43.90771843781384
36052,43.907794200241796
36054,43.91440633147131
36055,43.91440633147131
36056,43.91440633147131
36058,43.90467094631725
36059,43.90498084465361
36060,43.90498084465361
36062,43.904935039824935
36064,43.90519298247977
36067,43.822160530938056
36068,43.82216053093806
36069,43.822168801603766
36070,44.17990426879835
36072,44.17990426879835
36076,44.17990426879835
36077,44.17990426879835
36083,44.17990426879835
36087,44.17990426879835
36090,44.090463066865794
36091,44.00715195419652
36092,44.11824238623411
36094,44.10372868287492
36096,44.10372868287492
36100,44.10372868287492
36101,44.10372868287492
36102,44.10372868287492
36103,44.10372868287492
36104,43.792543073436285
36107,43.792543073436285
36108,43.792543073436285
36109,43.86587197728497
36110,43.442800622170125
36111,43.44280062217013
36114,41.564380701245604
36116,41.50841985270861
36118,41.50841985270861
36119,40.99510435419585
36120,41.012972802519116
36121,40.88291737158523
36126,41.03734661420902
36127,40.97897618413796
36129,40.88291737158523
36130,40.88291737158523
36131,40.88291737158523
36133,40.973049623188004
36135,40.867722358934714
36137,40.35547630788334
36138,40.35547630788334
36139,39.45697114156019
36143,39.43910269323693
36145,39.439110520453866
36147,39.59707295578523
36148,39.59707295578523
36149,39.59707295578523
36151,39.59707295578523
36153,39.59707295578523
36156,39.59707295578523
36157,39.59707295578523
36158,39.59707295578523
36161,39.59707295578523
36163,39.168612705146096
36164,39.485190937614945
36168,39.59987146356138
36170,39.159519000184275
36171,40.00516587172533
36172,40.00516587172533
36174,40.13917788369631
36175,40.63939594937127
36176,40.63939594937127
36177,40.70484868530086
36178,40.70484868530086
36179,42.11486225176989
36180,42.11486225176989
36182,42.03526413434786
36185,42.03526413434786
36186,42.035326969950255
36187,42.035326969950255
36188,42.60887451511103
36191,42.608875215689736
36192,42.60887521568974
36193,42.55857743771397
36195,42.35263145832084
36197,42.35263145832084
36198,42.288390858608665
36199,42.288390858608665
36200,42.340011743269336
36202,42.340011743269336
36203,41.627520342280484
36205,41.627520342280484
36206,41.25338684339168
36208,40.47076181663876
36210,40.47076181663876
36211,39.51523189516763
36212,39.405003079974456
36216,38.778918374956476
36217,38.778918374956476
36220,38.7461159481744
36222,38.827245556649494
36224,38.826933669811275
36227,38.826933669811275
36229,38.826933669811275
36230,38.834837098433404
36231,38.834837098433404
36235,39.13731169765717
36238,39.280023564719656
36239,38.98449092516084
36240,38.98846621463807
36243,38.962844873379524
36244,38.962844873379524
36245,38.962844873379524
36247,38.962844873379524
36248,39.84837541574508
36251,39.84837541574508
36252,39.84837541574508
36253,39.84837541574508
36254,39.84837541574508
36257,39.84837541574508
36260,39.77193872995534
36261,40.00932220354801
36263,40.0142157130286
36265,39.950178471686165
36266,40.13832192698943
36267,40.06914645765381
36269,40.069149426029824
36270,39.95759113832515
36272,40.04798285185237
36276,39.93474608027709
36277,39.93921222981301
36281,39.890134937026204
36282,40.33563291468914
36283,40.12745741338613
36285,39.85125242564899
36290,39.857758706961974
36291,39.26741339780105
36295,39.575153566708956
36296,39.44114853706644
36297,39.44114853706643
36298,39.22686047063974
36301,39.52668883431373
36305,39.52668883431373
36306,39.52668883431373
36310,39.25767314175093
36311,39.41663709870284
36312,39.085084283797926
36313,39.05218281775224
36315,39.000841329907836
36316,39.19839159346326
36317,39.22329924334674
36319,39.22329924334674
36320,38.84064021845694
36321,38.73903020037835
36322,38.73903020037836
36323,38.73903020037836
36324,38.73903020037836
36325,38.72354854037855
36326,38.68740931571768
36327,38.68740931571768
36329,38.77161590144377
36330,38.77161590144377
36331,38.68750973770204
36333,38.57490334707514
36334,38.57572613620046
36335,38.42729613091507
36336,38.428313818571496
36337,38.429132117786466
36338,38.29287266872749
36339,38.29287266872749
36344,38.36356890663781
36347,38.36377920656619
36349,38.3637792065662
36350,38.36574717750275
36354,38.36574717750275
36355,38.37024133776597
36358,38.39034620443121
36363,38.39607203170915
36366,38.39607203170916
36367,38.292851788647575
36368,38.205615324925866
36371,38.07226146176673
36373,38.07226146176673
36374,37.63281577091891
36376,37.633088856756835
36377,37.26871180497776
36382,37.3521554429413
36383,37.3521554429413
36385,37.3521554429413
36386,37.30123809238672
36390,37.30123809238672
36392,37.61639751765267
36393,37.6153926605015
36396,37.6153926605015
36398,37.61729738803892
36399,37.61729738803892
36401,37.63695840562264
36403,37.63695840562264
36404,37.63695840562264
36409,37.63695840562264
36410,38.02218364868005
36413,38.02218364868005
36415,38.01541119089997
36416,38.01541119089996
36417,38.01541119089996
36421,38.01541119089996
36423,38.01541119089996
36424,38.01541119089996
36426,36.94170519247384
36427,36.94170519247384
36430,36.94170519247384
36431,37.48208903721724
36432,37.48208903721724
36435,37.500238762241175
36436,37.50636205471624
36442,37.45818506937318
36444,37.48817826056975
36445,37.84009717153707
36448,37.84009717153707
36450,37.84009717153707
36451,37.76112779831903
36454,37.76112779831903
36456,37.586595199445405
36457,37.61836689513785
36458,37.61836689513784
36463,37.61836689513784
36464,37.6238853033112
36466,37.473354788061755
36467,37.473354788061755
36468,37.473354788061755
36469,37.474878066493844
36470,37.474878066493844
36471,37.474878066493844
36472,37.70850108334063
36473,37.70850108334063
36474,37.23223179190289
36477,37.06032667890358
36478,37.06032667890358
36481,37.060428204380095
36485,37.07690880266282
36489,37.07767718991674
36490,37.07767718991675
36491,37.07767718991675
36493,37.07932006163801
36495,37.07932006163801
36499,37.11799161119843
36505,37.11799161119843
36507,37.11799161119843
36508,37.11799161119843
36509,36.909358049208095
36512,37.26995272458946
36513,37.26995272458946
36514,37.242975370788315
36515,37.917751086942516
36516,37.88833077022493
36517,37.59980550333535
36519,37.59980550333535
36520,37.583829968811116
36521,37.35124667881556
36522,37.33020931514734
36525,37.33020931514734
36526,37.32944092789342
36530,37.97867762447454
36531,37.97867762447454
36532,37.97867762447454
36536,38.565833295638384
36544,38.93225087460843
36545,38.79223884572538
36546,38.79225727838894
36547,38.698521264096556
36550,38.698521264096556
36551,38.754047559294285
36554,37.955740182940104
36557,37.955740182940104
36562,37.955740182940104
36563,39.15322240005136
36564,39.15322240005136
36565,39.15451160490001
36566,39.1545116049
36569,39.1545116049
36571,39.2826733889387
36572,39.2826733889387
36575,39.282674455716275
36579,39.282674455716275
36582,39.27907959894301
36583,39.27907959894301
36586,39.27907959894301
36587,38.988319756901106
36588,38.99158868442858
36589,39.01510717516638
36590,38.8593157579646
36595,38.611599508914765
36598,38.611599508914765
36604,38.525475187399024
36606,38.57351509129058
36611,38.57351509129058
36612,38.57351509129058
36616,38.57351509129058
36619,38.57351509129058
36620,38.57351509129058
36622,38.48091567435072
36625,38.521118044795585
36626,38.520935702572494
36627,38.706187483591044
36628,38.54680038700995
36631,38.546800387009945
36632,38.52119912986097
36635,38.61103572668343
36637,39.17390286960825
36638,39.074757472064356
36639,38.965237852579854
36641,39.03765889149161
36645,38.988651255809906
36647,39.000487720836254
36649,39.000487720836254
36650,39.000487720836254
36653,38.999810083603606
36658,39.901816532568965
36659,41.770215728625125
36660,41.53026891245292
36661,41.551897788928436
36662,40.56127820909167
36663,40.56127820909167
36664,40.56127820909167
36666,40.56127820909167
36667,40.351192969045485
36670,40.351192969045485
36671,41.20981821531288
36673,40.59558556998796
36674,41.40020174687222
36675,41.789064978824165
36676,41.85884823361369
36677,41.5045374116608
36678,41.5045374116608
36684,41.5045374116608
36685,41.5045374116608
36686,41.5045374116608
36690,41.5045374116608
36693,41.534977886832635
36694,41.5045374116608
36698,41.503205110460655
36700,41.327481491160064
36701,41.327481491160064
36702,41.51473923107254
36703,41.51473923107254
36704,41.51473923107254
36706,41.542325792759414
36710,41.51473923107254
36712,41.51473923107254
36713,41.410850664720165
36716,41.41421087034996
36718,41.41421087034996
36720,41.41421087034996
36721,41.41421087034996
36722,41.42144884426153
36725,41.42144884426153
36733,41.42144884426153
36734,41.42144884426153
36736,41.18917492439421
36738,40.94549796484703
36739,41.37532676732875
36740,41.37536122121729
36742,41.51045428618446
36745,41.44264905173679
36746,41.44264905173679
36747,42.76335484175599
36749,42.76335484175599
36751,42.76335484175599
36752,42.76335484175599
36753,41.985297301459305
36757,41.985297301459305
36758,42.55168744928041
36762,42.380934748783716
36763,42.380957417943065
36764,42.35386244641288
36765,42.41645778100379
36766,42.41645778100379
36767,42.525792714311315
36768,42.525792714311315
36769,42.525770045151965
36771,42.52577004515196
36772,42.52679623378692
36773,42.52679623378692
36775,42.42667407309682
36776,42.42667407309682
36777,42.42667407309682
36778,42.42667407309682
36780,42.26800150473253
36781,42.26800150473253
36782,42.389527855911
36783,42.389527855911
36784,42.86818000420831
36786,42.86818000420831
36787,42.93780661370127
36788,42.93780661370127
36790,42.86818000420831
36791,42.86818000420831
36792,42.877625194546724
36798,42.878278592084975
36799,43.44516967624265
36800,43.44516967624265
36803,42.886596892784254
36805,42.886596892784254
36806,42.886596892784254
36808,42.88661334539786
36809,42.88661334539786
36810,41.769896504474175
36813,41.77002479960894
36814,42.30144347596139
36817,42.30144347596139
36818,42.56061071244762
36821,42.36918103675688
36823,41.83676030331255
36824,41.47200639029704
36825,41.47664844080705
36827,41.41203870824072
36828,41.41203870824072
36831,41.41203870824072
36832,41.41203870824072
36836,41.49515016577114
36837,41.982669113502155
36838,41.982669113502155
36840,42.11252347867647
36844,42.11252347867647
36845,41.781749859405025
36847,41.781749859405025
36850,41.80604879137171
36851,41.615079248692716
36852,41.615079248692716
36854,41.22944520304996
36855,41.22944520304996
36857,41.22944520304996
36859,41.22944520304996
36860,40.79218691564593
36861,40.79218691564593
36862,40.79218691564593
36865,40.817531807005096
36866,40.817531807005096
36867,39.39557844956178
36868,39.39597298286012
36869,39.190319658359364
36871,39.61797891193247
36872,39.61797891193247
36873,39.50950664925227
36876,39.12636474083571
36877,39.12636474083571
36879,39.12636474083571
36880,39.07391388407167
36881,39.08077908151856
36884,39.09442929093212
36887,39.09442929093212
36889,39.127997574257115
36890,38.75215368826825
36891,38.75215368826825
36892,38.75215368826825
36893,38.60461569650485
36894,38.60461569650485
36895,37.842393828851606
36896,37.81847348002733
36901,37.78490519670233
36902,37.784905196702326
36903,38.390802032893774
36904,38.548171801856476
36906,38.54825691495441
36907,38.548256914954415
36908,38.548256914954415
36909,38.548256914954415
36913,38.52183035567421
36914,38.064706200526494
36921,38.064763216746385
36922,38.06476321674639
36923,38.06476321674639
36926,38.06476321674639
36930,38.06401661818909
36933,38.58132007439236
36937,38.453205471021974
36938,38.81396714900915
36941,38.68780642861581
36942,38.68780642861581
36943,38.68787456406664
36946,38.750524415468924
36948,38.538533728973704
36951,38.592576520832466
36954,38.594963337111196
36955,38.46639965964044
36956,38.26576418417218
36958,38.26576418417218
36959,38.18271138146316
36963,38.18271138146316
36966,38.32588048013039
36968,39.501326776931585
36970,39.501326776931585
36972,39.501326776931585
36973,39.501326776931585
36977,39.22525086019256
36978,39.22525086019256
36981,39.024079507210274
36983,39.024009639721925
36985,38.743312932609626
36986,38.743312932609626
36987,38.86577513748228
36988,38.86577513748229
36994,38.533310043525844
36995,38.533310043525844
36996,38.533310043525844
36998,38.71586741397887
37000,38.73768978028597
37002,38.737689780285976
37004,38.73822225674937
37005,38.73822225674936
37006,39.228307396314825
37007,39.22930955558533
37008,39.229309555585324
37010,39.330261646079215
37011,39.33333665759247
37012,39.37452769003944
37014,39.37452769003944
37015,39.607240048704696
37016,39.76765213421815
37017,39.772825917432705
37018,39.772825917432705
37019,39.77236537040159
37022,39.656111790325554
37023,39.656111790325554
37025,39.656111790325554
37027,39.656111790325554
37028,39.904354505895505
37031,39.87610762451761
37032,39.87610762451761
37034,39.87610762451761
37037,39.6789524543477
37038,39.92600509482476
37039,39.92600509482476
37041,39.92600509482476
37042,39.926251096079966
37044,39.926251096079966
37045,39.926251096079966
37046,39.91764182662294
37047,39.91764182662295
37049,39.9176656778943
37052,39.91771015127051
37053,39.91771015127051
37055,39.91771015127051
37057,39.91772897809558
37058,39.91772897809558
37059,39.2708219955351
37061,39.2708219955351
37062,39.2708219955351
37063,39.87836641358599
37064,40.10971978393159
37065,39.80944335958623
37067,39.806774164115005
37072,39.45677074943837
37074,39.45677074943837
37076,39.37037000894265
37077,39.37037000894265
37078,39.30044051792414
37081,39.30044051792414
37082,39.30044051792414
37083,39.30044051792414
37084,39.22543802142945
37086,39.264359712669126
37087,39.264359712669126
37088,38.963401324214175
37089,38.820232225546945
37090,39.04653361527591
37097,39.173671894053626
37102,39.01906401867024
37103,39.73392507681865
37107,39.73392507681865
37108,39.75399127188993
37113,39.75832597617183
37117,39.75920196777674
37119,39.78494316214047
37120,39.78894805785314
37122,39.868274331194684
37123,39.62500858643433
37125,39.625492463611586
37130,39.63738695897438
37132,39.902795704817706
37133,39.885990638465515
37134,39.95023459161217
37135,39.95023459161217
37136,39.93906664298824
37137,39.859740369646694
37138,39.938272491251624
37139,39.582176971050465
37141,39.582176971050465
37143,39.582176971050465
37144,39.93140694129951
37145,39.93140694129951
37146,39.77857891301486
37150,39.77857891301486
37151,39.77857891301486
37153,39.5704307496569
37155,39.569318962108646
37157,39.493008491325526
37158,39.49604966714551
37159,39.49604966714551
37161,39.49604966714551
37163,39.495254501591035
37164,39.57314558417426
37168,39.433701805390314
37170,39.433701805390314
37172,39.433701805390314
37173,39.433701805390314
37174,39.433701805390314
37175,39.433701805390314
37176,39.433701805390314
37177,39.433701805390314
37181,39.433701805390314
37183,38.64388769606949
37186,38.6167141141093
37188,38.560885156752455
37192,38.52740212783675
37196,38.527402127836744
37198,38.64478495452551
37199,38.64478495452552
37201,38.64478495452552
37203,38.85567950049261
37204,38.85567950049261
37205,38.683476515621145
37206,38.69238517754658
37208,38.651921844788134
37209,38.651921844788134
37211,38.651921844788134
37213,38.60999478882383
37216,38.60999478882384
37218,38.61965644249896
37220,38.60776194713617
37221,38.60801198162569
37222,38.60801198162568
37227,38.60801198162568
37228,38.60801198162568
37229,38.60802988657874
37230,38.52419767096463
37231,38.29328944806494
37233,38.63279960208899
37234,38.24622543940109
37235,38.26490729428181
37236,38.26490729428181
37238,38.26490729428181
37239,38.525545359208614
37241,38.525545359208614
37242,38.53700171985153
37243,38.402393081526796
37244,38.402393081526796
37245,38.917178699090954
37248,38.402393081526796
37249,38.68310427173069
37251,38.866537080644775
37252,38.87782748260964
37255,38.877827740053824
37262,38.997609391101726
37266,38.99774229573223
37268,38.997819686189445
37271,38.997819686189445
37273,38.997819686189445
37274,38.77358743360794
37275,38.773587433607936
37277,38.773587433607936
37280,38.773587433607936
37282,39.04386594390019
37283,39.04386594390019
37285,38.79216819421035
37286,38.71084389924914
37288,38.663861905997784
37289,38.66387626460051
37291,38.66387626460051
37293,38.66387626460051
37294,38.67653137273137
37295,38.67653137273137
37301,38.67653137273137
37303,38.67653137273137
37304,38.50117440188515
37306,38.50117440188515
37308,38.24176400012745
37312,38.24176400012745
37313,38.24176400012745
37318,38.24176400012745
37321,38.37222474025472
37322,38.37222474025472
37325,38.1588455021117
37327,38.1588455021117
37328,38.179312818027725
37329,37.49305370679939
37331,37.49305370679939
37334,37.643109082531524
37335,37.52846103288786
37341,37.60560857570175
37342,37.60562847025205
37347,37.60562847025205
37348,37.60562847025205
37350,37.60562847025205
37353,37.60562847025205
37355,37.63184973991366
37356,37.45661386688527
37360,37.45661386688527
37361,36.52055009895377
37362,36.52055009895377
37363,36.258091233314204
37365,36.258091233314204
37367,36.3174213338015
37368,36.3174213338015
37369,36.3174213338015
37370,36.31944348988515
37374,36.31919408521936
37377,36.31919408521936
37378,36.3297678717643
37379,36.349097145583194
37382,35.54737595141512
37384,35.5496156351735
37386,35.549615635173495
37387,35.549615635173495
37389,35.551321308907006
37390,35.14662653608379
37391,34.906175011261105
37392,34.92203960892171
37401,34.66095412025743
37404,34.64162484643853
37405,34.64489716114841
37406,34.6448971611484
37408,34.6448971611484
37412,34.62903256348779
37413,34.62903256348779
37415,34.48204368976411
37419,35.43941554113367
37420,35.43941554113367
37421,34.85719457708042
37424,34.859655310808336
37426,34.86849553120267
37428,35.26939795844914
37429,35.26939797918728
37430,35.27854751701502
37431,35.278547517015014
37432,35.2842215807796
37434,35.02037917064128
37436,35.66114728996624
37440,35.66114728996624
37442,35.66114728996624
37443,35.544291757836596
37444,35.18459982040415
37446,35.18459982040415
37449,35.30744435877892
37451,35.18459982040415
37456,35.32145534163292
37458,35.32145534163292
37462,35.32145534163292
37463,35.32145534163292
37465,35.55931679111441
37475,35.5986779828808
37477,35.563503331900606
37480,35.572281275182746
37482,35.572281275182746
37484,35.63657475717811
37485,35.63657475717811
37489,35.63631867471745
37492,35.636318674717444
37494,35.63640791377222
37495,35.63640791377222
37497,35.96829191964226
37499,35.96829191964226
37500,35.96830783980237
37501,36.240976114762695
37502,35.92943157412408
37503,35.92943157412408
37504,35.92943157412408
37506,35.92943157412408
37508,35.56901334477271
37510,35.56901334477271
37514,35.56901334477271
37515,35.612696679433014
37516,35.61296344138186
37517,35.61493055296867
37518,35.50117828558465
37524,35.849016320098855
37525,35.578737809806604
37526,35.578737809806604
37534,35.793708226241435
37535,35.230433830466836
37537,35.19798663445548
37539,35.16265896668181
37540,35.16265896668181
37541,35.16265896668181
37543,35.20514850595699
37544,35.2425269343632
37545,35.332157568596024
37546,35.33215756859602
37548,35.33215756859602
37551,34.87567934802523
37552,34.878056086980216
37553,35.09094951739398
37558,34.878056086980216
37561,34.878056086980216
37563,34.879774296798495
37564,34.91137259410833
37567,35.07908184833414
37568,34.65670580891435
37569,34.60476455957834
37570,35.991795643439474
37572,36.29736159859756
37573,36.21194177376326
37575,36.21194177376326
37576,36.21194177376326
37582,35.93383319388346
37583,35.933833193883466
37584,35.89293470920872
37586,36.170108600584825
37588,36.170108600584825
37590,36.170108600584825
37594,35.89293470920871
37595,35.891253884823946
37596,35.863607379712406
37597,35.94665135352043
37598,35.94665135352043
37601,35.946661060056634
37609,35.946661060056634
37611,35.755922991010706
37615,35.75658348078488
37616,35.75780290822006
37619,35.757802908220064
37623,35.69182928988462
37625,35.69182928988462
37628,35.604601762209974
37635,35.604601762209974
37637,35.69590066322235
37640,35.695900663222346
37644,35.904088973324555
37645,35.91484831516791
37647,35.91484831516791
37648,35.91484831516791
37649,35.914854945320776
37650,35.91485494532078
37651,35.91485494532078
37653,35.91485494532078
37656,35.82879070760155
37660,35.82879070760155
37662,35.82879070760155
37663,35.82879070760155
37664,35.82931516103586
37668,35.82931514029772
37669,36.151229595537686
37671,36.151229595537686
37672,36.151229595537686
37674,36.15133243993879
37675,36.15133243993879
37677,36.15133243993879
37679,37.101538695991216
37683,37.07912780447933
37684,37.3221665112773
37685,37.36187393848711
37686,37.36187393848711
37687,37.36187393848711
37692,37.36187393848711
37693,37.36187393848711
37695,36.78972907987901
37700,36.85314753740278
37710,36.85314753740279
37711,36.85314753740279
37714,37.05549993280289
37716,37.05549993280289
37718,37.05549993280289
37719,37.32722788878417
37720,37.32722788878417
37721,37.28678855629585
37725,37.249851245039004
37726,37.25330028203036
37729,37.25330028203036
37730,37.25330028203036
37731,37.25330028203036
37734,38.34475747379889
37735,38.34475747379889
37736,38.37396959331281
37738,38.37396959331281
37739,37.798536328242044
37741,37.282795663950424
37742,38.085468546092734
37744,38.08584876287266
37746,38.79067492063555
37751,38.79067492063555
37752,38.79067492063555
37753,38.790674941373695
37755,38.790674941373695
37758,38.790674941373695
37759,38.764527556723195
37761,38.78415197011165
37762,38.78415197011165
37763,38.78415197011165
37764,38.81072731040295
37766,38.846404993944525
37768,38.98225462585957
37770,38.98225462585957
37772,38.98600531025643
37774,39.39691843361861
37776,39.39691841288047
37777,39.39480167209658
37778,39.39480167209658
37780,39.2074580763135
37781,39.207458076313486
37784,39.249977817123934
37790,39.249977817123934
37791,39.250993706446764
37795,38.858488635218194
37797,38.858488635218194
37798,38.72330311134113
37799,38.72339901650119
37801,38.72339901650119
37802,38.73983029639323
37803,38.74914327342281
37805,38.98461271932991
37806,38.98461271932991
37807,39.134067172102995
37808,38.98569825309798
37809,38.73695822481586
37810,38.561286901271984
37812,38.561286901271984
37815,38.49956214889734
37817,38.49956214889733
37819,38.499592424438845
37820,38.50173104266745
37821,38.50173104266745
37823,38.50173104266745
37826,38.43126563039759
37827,38.341811233195685
37830,38.341811233195685
37831,37.99755908806781
37833,37.8278996408992
37834,37.82791364103575
37835,37.92980094524407
37837,37.9246592156944
37838,37.92464950915819
37843,37.92464950915819
37844,37.92464950915819
37845,37.75973591607588
37847,37.631650322367165
37849,37.63967919581966
37850,37.63967919581967
37851,37.63964317023836
37853,38.62240544505057
37855,38.74943053180923
37856,38.74943053180923
37857,38.74943672577842
37858,38.74943672577842
37859,38.787900341036156
37860,38.78790034103614
37861,38.78771011855414
37862,39.014901559128
37863,39.014901559128
37864,40.13307000876688
37865,39.94814489714767
37870,39.941859830445445
37873,39.8391914486856
37874,39.8391914486856
37875,39.8391914486856
37878,39.46520376213475
37879,39.46604674612599
37880,39.46614904153636
37885,39.466772903699095
37886,39.42698092013836
37887,39.42882309806925
37889,38.7852384894317
37892,38.52150209215795
37895,38.51871733541831
37897,38.51871733541831
37898,38.424870920518124
37899,38.41433848804106
37900,38.43508378983868
37903,38.43508378983868
37906,38.41433848804106
37914,38.52146562650886
37915,38.5095722366277
37919,38.702672107117415
37921,38.866018329834894
37922,38.866020929972066
37923,38.86602092997207
37924,38.87528340903177
37926,38.87528340903177
37927,38.86602092997207
37928,38.84716710796223
37929,38.84716710796223
37931,38.84716710796223
37934,38.00935339616522
37935,38.00935339616522
37936,38.04341399681689
37937,38.04341399681689
37938,38.179822166965785
37940,38.179822166965785
37941,38.179845921904935
37942,38.179845921904935
37943,38.179845921904935
37945,38.378200261190266
37946,37.97679130975873
37948,38.205333468956375
37949,37.9793157826059
37951,38.38472381183612
37954,38.38454392257122
37956,38.384846080456114
37957,37.9586679795968
37961,37.909308715430726
37963,37.880207387203264
37964,38.7162179976035
37965,38.506463664124276
37966,38.506463664124276
37967,39.13581692064361
37969,39.10475532533459
37970,39.17970000633831
37972,39.179700006338315
37973,38.964862620277515
37977,39.12484014661253
37979,39.12484014661253
37980,38.93468831310584
37981,38.93469750906887
37983,38.941446332588676
37984,39.19537621524998
37985,39.19537621524998
37986,39.19080068442463
37989,38.77693647841088
37995,38.75638956273287
37997,38.75638956273287
37998,38.49449647950902
37999,38.49449647950902
38000,38.49778586697723
38002,38.49778586697723
38003,38.34941514373406
38005,38.349878189534245
38011,38.35059108598958
38012,38.518728496179826
38013,38.19316041302836
38018,38.503639674530596
38019,38.20271140830827
38020,38.20271140830827
38022,38.91531889000288
38023,38.645132635472784
38025,38.645132635472784
38028,38.645132635472784
38029,38.645132635472784
38030,38.645132635472784
38031,38.155721388383945
38032,38.13801891283818
38033,38.13801891283818
38036,38.8239350099199
38037,38.8239350099199
38038,38.8239350099199
38039,38.81859661317044
38040,38.81859661317044
38042,38.81859661317044
38043,38.48655515553955
38047,38.53550507391825
38050,38.53550507391825
38052,38.67869015477339
38053,38.79167123433592
38056,38.8425006834296
38058,38.91381872321248
38059,38.91381872321248
38061,38.91381872321248
38062,39.826022745030585
38063,39.826022745030585
38065,38.93405929552787
38068,38.83220354057537
38069,38.86859846595776
38070,37.912368365529666
38071,37.81241005738565
38072,37.81241005738565
38073,38.04161615982651
38074,38.04161615982651
38075,38.04161615982651
38076,38.04084718773882
38077,38.04084718773881
38079,38.31921014486858
38081,38.31921014486858
38084,38.25354281634121
38086,38.253542816341216
38087,38.253542816341216
38090,38.181395911299134
38092,38.05239574762956
38093,38.05911686177615
38098,38.03319324390859
38099,37.256646724499795
38101,37.39972986148365
38102,37.39972986148365
38104,37.72368869440223
38108,37.72368869440223
38109,37.97182944592974
38111,37.97182944592974
38115,37.81315495033733
38116,37.81315495033733
38117,37.81315495033733
38119,37.81315495033733
38121,38.022205431881034
38122,38.07069115810128
38123,38.072792260605574
38125,38.072792260605574
38126,38.072792260605574
38127,37.96240928547982
38128,37.96240928547982
38129,37.96240928547982
38130,37.96240928547982
38131,37.35214554247643
38133,37.35214554247643
38134,37.35214554247643
38135,37.35214554247643
38136,37.416281862857765
38137,37.35391209544351
38144,37.30991836014615
38148,37.54556270336785
38149,37.54574613213228
38151,37.01844018439176
38153,37.01844018439176
38156,37.01844018439176
38159,37.01844018439176
38162,37.44838081719418
38163,37.46396034245199
38166,37.468625532373345
38170,37.468625532373345
38171,37.468625532373345
38172,37.473037583899064
38175,37.473037583899064
38176,37.473037583899064
38178,37.473037583899064
38179,37.473414669533746
38182,38.62026660710924
38183,38.62026660710924
38190,38.62026660710924
38191,38.62026660710924
38193,38.62026660710924
38194,38.62026660710924
38201,38.62026660710924
38204,38.54631536022123
38205,38.54631536022123
38207,38.06160301627993
38214,38.06921743366781
38215,37.72658009725127
38218,37.72658009725127
38221,37.72658009725127
38222,38.146382321274565
38224,38.230284906218365
38228,38.21314682878583
38233,38.21314682878583
38234,38.21314682878583
38240,38.21314682878583
38241,37.98632338512545
38242,37.817628601754265
38243,37.6427286440352
38244,37.65473006768687
38246,37.61852485726916
38249,37.54915853858763
38250,37.483179394965205
38251,37.27245929265088
38255,38.45960512523959
38256,38.45705768018835
38259,38.457117223410016
38260,38.478943590023675
38261,38.66194696970229
38262,38.66195013032681
38264,38.478943590023675
38265,38.478943590023675
38266,38.478943590023675
38267,38.478943590023675
38268,38.502816408946956
38269,38.506728848641366
38270,38.54347491135023
38276,38.54449467282854
38277,38.55153232302578
38279,38.55219884984496
38281,38.43281570049736
38285,38.43281570049736
38286,38.43281570049736
38287,38.43281570049736
38288,38.43281570049736
38289,38.58129372549318
38290,38.56920509477616
38292,38.4949194893008
38293,38.555857133518735
38294,38.29667571820709
38295,38.29789817023866
38296,38.29789817023866
38297,38.29789817023866
38298,38.319524069297664
38299,37.0811168695433
38300,37.08111686954331
38302,37.22132952967785
38303,37.160391885459916
38304,37.38272987827091
38305,37.37806468834955
38310,37.37806468834955
38311,37.37806468834955
38313,37.37431400395269
38314,37.3743140039527
38315,37.37527067044115
38317,37.37527067044115
38318,37.92461155629108
38320,37.92461155629108
38324,37.89032653212934
38325,37.85529843160865
38327,37.85529843160865
38328,37.85529843160865
38331,37.8556723973534
38334,37.85567239735341
38336,37.87018586113953
38338,37.67502944060826
38343,37.40483984974667
38345,37.40483984974667
38349,37.27178121044473
38352,36.93612937390061
38353,36.93612937390061
38356,36.73604714636101
38357,36.73802871671659
38358,36.61067010399871
38359,36.610916194566336
38360,36.66345264298173
38362,36.663452642981724
38365,36.44803964528187
38368,36.44206201934853
38371,36.44206201934853
38372,36.44206201934853
38373,36.44206201934853
38376,36.44457149819982
38377,36.46928990695463
38379,36.46928990695463
38381,36.23138625741591
38386,36.22374665023765
38387,37.218420341196314
38388,37.318130104550875
38389,37.3314426189203
38390,37.66122931121046
38391,37.63033606995005
38393,37.007380067788425
38394,37.007380067788425
38396,37.007380067788425
38397,37.007380067788425
38400,37.007380067788425
38402,37.0119283928891
38403,37.0119283928891
38406,36.99261415624808
38407,36.99261415624808
38413,36.99261415624808
38414,36.99261415624808
38416,36.99261415624808
38417,36.99519474939187
38419,37.00436040255491
38420,36.98711669758908
38422,37.30902374856999
38424,37.5641302954944
38425,37.88979730313008
38426,37.78091379232188
38429,37.78038920795524
38431,37.78038920795523
38432,37.78038920795523
38433,37.78119156258196
38435,37.65734534783714
38438,37.65734534783714
38440,37.677308303782
38442,37.540090176471644
38448,37.54371971095407
38449,37.54373040611812
38450,37.52414326330962
38451,37.73799868409527
38454,37.73799868409527
38455,37.73799868409527
38457,37.75718377887318
38462,37.75718377887318
38465,37.7624843834876
38466,37.7624843834876
38469,37.584672480102114
38476,37.9175686558132
38477,37.92050437470117
38479,37.590717682411
38480,37.69543295604361
38481,37.69543295604361
38486,37.69839073141493
38490,37.69546482399867
38491,37.427511084298324
38492,37.427511084298324
38502,37.427511084298324
38507,37.38484250681363
38508,37.37722188395888
38510,37.3774197043359
38511,37.37761584274583
38512,37.37767920981515
38514,37.37767920981515
38516,37.37767920981515
38517,37.377678578372034
38518,37.09993833873372
38520,37.09993833873372
38521,36.990278620327786
38523,36.83460073741321
38524,36.74759006878966
38525,36.74759006878967
38528,36.455737483573024
38530,36.45573748357302
38536,36.45573748357302
38543,36.45452068095613
38545,36.2193067878289
38549,36.2193067878289
38553,36.28402640982806
38555,36.261062596600475
38557,36.25848200345669
38558,36.25848200345669
38560,36.25887310365652
38563,36.25887310365652
38564,36.25887310365652
38566,36.25887310365652
38571,36.26142054870776
38573,36.26142054870776
38574,36.03276397787467
38575,36.027115956216285
38577,36.027115956216285
38579,36.027115956216285
38580,35.16923683946262
38582,35.17078149144915
38584,35.06816273749434
38588,35.12877783320538
38590,35.056853426800856
38591,35.05685342680085
38592,36.476771094285155
38593,36.48810459713148
38594,36.27043118712218
38596,36.276648673472884
38597,36.04376714293376
38598,36.04376714293376
38601,36.04376714293376
38602,35.70001490297563
38603,35.70001490297563
38604,35.70001490297563
38605,35.956497063139395
38607,35.956497063139395
38608,36.45993395633198
38609,36.71881607183283
38611,36.80959126685883
38613,36.71881607183283
38614,36.191083873204505
38615,36.1910838732045
38622,36.20038115228765
38623,36.20038115228765
38628,36.22924797963354
38630,36.22924797963354
38633,36.27608847939433
38635,36.007025596314946
38636,36.00950221209108
38639,36.00950221209108
38641,36.022229356922296
38647,36.04312003343441
38648,36.04312003343442
38650,36.17432970825136
38651,36.17432970825136
38653,36.17432970825136
38655,36.17432970825136
38656,36.255103883852996
38657,36.31798514774921
38658,36.23486662799529
38661,36.71768517400917
38664,36.71854129716272
38667,36.23493828055406
38669,36.23493828055407
38671,36.17021865855491
38674,36.05816341819518
38675,36.055686802419046
38677,36.057007205126055
38679,35.898764874927224
38687,35.899169605463925
38688,35.899169605463925
38689,35.89919548250294
38690,35.902971667464534
38693,35.902971667464534
38695,35.89888730645799
38698,35.89888730645799
38700,35.899882316964145
38704,35.9702642517396
38708,35.937327617802204
38709,35.937327617802204
38711,35.93733147516283
38712,35.93692674462613
38713,35.7715547333966
38714,36.09377091269014
38716,36.09377091269014
38717,36.09392620119097
38718,35.77274161615397
38720,35.77274161615397
38726,36.197234834150564
38727,36.19707097603335
38733,36.19707097603335
38735,36.12059496382415
38737,35.88380933162781
38738,35.88380933162781
38739,35.85125703679044
38740,35.868345864952225
38744,35.868345864952225
38745,36.37636975154176
38747,36.61005419742956
38748,36.61005419742956
38749,36.67389750078985
38751,36.643442992289955
38752,36.610062679207026
38753,36.84575023841269
38754,37.8761233521345
38755,37.8761233521345
38761,37.374483514096056
38764,37.374483514096056
38765,37.31960640863559
38767,37.31960640863559
38768,37.37208709055521
38770,37.38399305803269
38774,37.372023723485896
38775,37.37227782117755
38778,36.75566632176655
38780,36.75566632176655
38781,36.772437804804035
38783,36.77252200297699
38786,36.23918863399394
38788,36.141810070550235
38790,36.142414923645646
38794,36.14241492364565
38795,36.150046527803795
38798,36.15004652780379
38802,36.16229672861011
38803,36.16229672861011
38804,36.19599983981568
38805,36.19599983981569
38812,36.19599983981569
38813,36.19599983981569
38814,36.09310841453236
38815,36.147481969810066
38816,35.93724274863022
38820,37.34243240541661
38821,37.34243240541661
38826,37.34243240541661
38827,36.77908272202468
38830,36.779082722024675
38831,36.73110401549506
38832,36.69948005123611
38833,36.189394484234064
38837,35.9375638698169
38838,35.94229130690697
38840,35.94229130690697
38842,35.77034085278723
38843,35.75157014812935
38844,35.71157870948467
38845,35.89905481417064
38849,35.89905481417064
38850,35.89905481417064
38851,35.94869628018315
38852,35.94869628018316
38856,35.973519903656886
38863,35.96280103889168
38865,36.01479751774106
38866,36.01693918972823
38869,35.95242856901598
38877,35.95242856901598
38881,35.62316868829472
38882,35.62316868829472
38891,35.62316868829472
38893,35.62316868829472
38894,35.35999901936144
38896,35.35999901936144
38899,35.57595186009231
38900,35.35999901936144
38901,35.28986966709186
38902,35.326786073936795
38906,35.3267860739368
38912,35.3267860739368
38916,35.32696350006759
38917,35.34552824448455
38918,35.10165355516544
38923,34.81328986802624
38924,34.81405900002639
38925,34.81405900002639
38926,34.948200766797264
38931,34.96163565018831
38932,34.96163565018831
38933,34.92692670121333
38939,34.92692670121333
38941,35.44464909683352
38942,35.44464909683352
38943,35.793153636992365
38944,35.793153636992365
38945,36.50768802080081
38946,36.50768802080081
38950,36.503547407332775
38952,36.52560018921773
38953,36.525600189217734
38954,36.43245314338121
38956,36.997177193639764
38957,36.997177193639764
38960,36.997177193639764
38961,36.997177193639764
38963,36.997177193639764
38965,36.997177193639764
38966,36.997177193639764
38977,36.997177193639764
38981,36.997788680583525
38982,36.997788680583525
38988,36.997788680583525
38989,36.997922334793635
38998,37.14937785331268
39000,37.102577854194976
39001,37.1208817788584
39002,36.87619495731382
39004,36.89814025315115
39005,36.89814025315115
39008,36.89814025315115
39012,36.90119042504658
39013,36.99226335457941
39014,36.89898590897424
39016,36.89898590897424
39017,36.87899812104643
39018,36.601531142359796
39020,36.71306255254775
39022,36.71306255254775
39024,36.71306255254775
39026,36.71306255254775
39028,36.71306255254775
39030,36.63225268359372
39031,36.7089875577926
39033,35.62305088707836
39034,35.62305088707835
39037,34.98672242611731
39039,35.03158724776826
39041,35.03158724776826
39043,35.03158724776826
39044,35.03158724776826
39045,35.03158724776826
39049,35.666604962102625
39055,35.65391147573843
39057,35.65391147573843
39059,35.986172958957496
39060,35.797438811170295
39061,35.797438811170295
39062,35.797438811170295
39067,35.797438811170295
39072,35.32927896413661
39073,35.41067640433165
39075,35.45692152243457
39076,35.405214178719895
39078,35.405658823079285
39079,35.20435227631412
39081,35.20435227631411
39082,35.192687154504334
39084,35.36965830100148
39085,35.36965830100147
39087,35.36965830100147
39093,35.36965830100147
39094,35.36965830100147
39095,35.36711085595023
39097,35.36711085595023
39100,35.883232020363465
39101,35.883232020363465
39103,35.883232020363465
39104,35.883232020363465
39105,35.88155265717492
39106,35.88155265717493
39107,35.87127400317336
39108,35.86347446437764
39110,35.86347446437763
39113,35.86347446437763
39115,35.92876356314211
39116,35.87026017660363
39120,35.94523759922613
39121,35.93145465142407
39122,35.93157927494633
39123,35.931772987275124
39124,35.93183016807508
39125,35.92642223099484
39129,35.92642223099483
39130,35.92915228255332
39131,35.92915228255332
39132,35.92915228255332
39133,35.92539975817613
39134,35.92539975817613
39135,35.92539975817613
39137,35.92539975817613
39138,35.85624452880499
39140,35.874942629454175
39141,35.874942629454175
39143,35.53551747488228
39145,35.54427913098862
39146,35.54427913098862
39147,35.579240533862254
39148,35.5762520218353
39149,35.5762520218353
39150,35.5762520218353
39153,35.5762520218353
39154,35.98206121923019
39155,35.64214136466175
39157,35.59944396529677
39159,35.61590079295345
39160,35.567163942039244
39163,35.567163942039244
39166,35.566970229710456
39168,35.566970229710456
39172,35.64194765233296
39174,35.49117182387061
39177,35.38599752552131
39181,35.467259311421245
39182,35.47002515295573
39184,35.47210119527744
39186,35.359819249170656
39188,35.359819249170656
39189,35.58715557591076
39193,35.58715557591076
39198,35.63453430175496
39199,35.64530414505544
39202,35.64530414505545
39205,36.08399041285422
39207,36.08399041285422
39208,36.82213514292549
39209,36.82213514292549
39212,36.82213514292549
39213,36.82178634502716
39214,36.620753071156514
39216,36.620753071156514
39217,36.620753071156514
39219,36.4367663608475
39221,36.381108818997035
39222,36.378014381846164
39224,36.24104942200243
39229,36.22230311335408
39230,36.07792278869405
39231,36.14613777802482
39232,36.14613777802482
39234,35.93858555764463
39235,36.535421936241455
39237,36.535421936241455
39238,36.535421936241455
39241,36.535421936241455
39242,36.15103967763541
39247,36.211270214423244
39248,37.17913628378038
39250,37.19723079565688
39252,37.19723079565688
39253,36.886390882120956
39254,36.77208114723592
39255,36.17640977703069
39256,36.17640977703069
39257,35.557051577357214
39258,35.55665511612809
39259,35.55665511612809
39261,35.55665511612809
39262,35.55665511612809
39266,35.55818004723931
39267,35.33047267344701
39269,34.1555381175996
39271,34.1275088000965
39276,34.1275088000965
39278,34.1275088000965
39279,34.18468290861138
39280,34.03638400705536
39282,34.03638400705536
39285,34.10779309822986
39290,34.10779309822987
39292,33.882121824040496
39298,34.18504989261043
39299,34.093144901853414
39300,34.31730670747459
39302,34.27329235396498
39304,34.274522560944604
39306,35.15276782558379
39308,35.15276782558379
39309,35.15443697439677
39311,34.612075696133004
39312,34.612075696133004
39315,34.612152707333856
39318,34.612152707333856
39319,34.57520511980933
39320,35.07459276894871
39322,34.6530988462775
39323,34.6530988462775
39325,34.6530988462775
39327,34.653386347222366
39329,34.653386347222366
39330,34.653386347222366
39336,34.653386347222366
39337,34.653386347222366
39338,34.70646832043086
39342,34.70550946320767
39346,34.70550946320767
39348,34.69263043129227
39351,34.99766903052564
39353,34.99766903052565
39354,34.99766903052565
39356,34.99869141704306
39359,35.370423911485126
39360,34.67563147491806
39363,34.51861490010964
39365,34.673240333666605
39366,34.64943707097584
39369,34.588232865129505
39371,34.57244721831105
39374,34.57244721831105
39375,34.57244721831105
39376,35.48917561217946
39377,35.48917561217946
39379,35.48989659055991
39380,34.981887317970546
39383,34.98188731797054
39385,34.981760323644984
39387,36.63286897373336
39389,36.28142239183062
39391,35.8794690305685
39397,35.54891638069858
39403,35.47912363096914
39405,35.682045410554295
39406,36.25106618216109
39408,36.25106618216109
39409,36.230298851994725
39412,36.162083862663955
39413,36.21221270640705
39414,36.11382456914526
39416,36.10757844759732
39417,36.10757844759731
39419,36.10757844759731
39420,36.10757844759731
39422,35.97825232825111
39424,35.99848979300019
39425,35.754196624848255
39426,35.84659109298155
39428,35.65761213644428
39429,35.65761213644428
39432,35.65761213644428
39433,35.658098775978864
39434,35.65809877597886
39435,35.65809877597886
39436,35.65809877597886
39437,35.65809877597886
39438,35.66190274623833
39439,35.6018518170969
39441,35.56639230515474
39443,35.56639230515474
39445,35.56639230515474
39447,35.29433202634527
39449,35.30949698084485
39452,35.30949698084485
39453,35.78331977508893
39454,35.78331977508893
39455,35.53406372334279
39459,35.53406372334279
39461,36.336504735442894
39464,36.496444961545876
39467,36.49788777784612
39471,35.902423006915456
39478,35.902423006915456
39480,35.902423006915456
39481,35.79177716103136
39482,35.79177716103136
39483,37.075139854028855
39484,37.075139854028855
39485,37.02511498420487
39486,37.05327818598315
39488,36.86578826563377
39490,36.86578826563377
39491,36.84934870112159
39493,36.98714466625999
39496,36.98714466625999
39497,36.94120425874571
39499,36.9412042587457
39503,37.613539687772395
39504,37.613539687772395
39507,37.613539687772395
39508,37.470300503114174
39509,37.470300503114174
39511,37.42276796898123
39512,37.42016760082598
39513,36.51901740948284
39515,36.52042908031188
39517,36.52042908031188
39519,36.52042908031188
39520,36.31537975173701
39521,36.329843207738534
39528,36.329843207738534
39530,36.0356176672921
39532,36.0356176672921
39535,36.0355673629448
39539,36.43204107167341
39540,36.43242864233822
39543,37.035472119285586
39545,37.13239663408427
39551,37.13239663408427
39555,37.17446820582072
39558,37.13247096596875
39562,37.11244552256029
39564,37.121379988074445
39565,37.121379988074445
39566,37.121379988074445
39567,37.56556975016955
39568,37.56556975016955
39576,37.56556975016955
39578,37.570916249177365
39579,37.570916249177365
39581,36.21129490878925
39584,37.17649274457205
39585,37.17566964620664
39586,37.175696428438826
39587,37.186014700123
39588,37.18601470012301
39589,37.199829082308504
39590,37.199829082308504
39591,37.199829082308504
39592,37.199829082308504
39594,36.79357385213148
39596,36.79357385213148
39598,36.878671369256075
39599,36.878671369256075
39600,36.878671369256075
39602,36.878671369256075
39603,36.893850308718726
39604,36.85732358177822
39605,37.3514708012951
39606,38.65556284231321
39607,38.65556284231321
39608,38.65556284231321
39609,38.22950847368553
39610,38.17287903660625
39612,38.17287903660625
39614,38.4253926792969
39617,38.426438024090196
39618,38.2293842052963
39619,38.2293842052963
39620,38.22365641846348
39622,38.22365641846348
39623,38.22365641846348
39624,38.22501763838204
39625,38.194964639970365
39626,38.18919127740902
39627,38.18919127740902
39628,38.18919127740902
39629,38.32850256985362
39630,38.19865325691091
39637,37.90694462244929
39638,37.84737659968103
39640,37.86555725590776
39642,37.86603169467052
39643,37.86603169467052
39644,37.86603169467052
39645,37.86603169467052
39646,37.86603169467052
39648,37.848823104864366
39649,38.03512909159574
39652,38.035129091595735
39654,38.035129091595735
39655,37.98334441357762
39656,37.96284103788652
39663,37.918180602940595
39664,37.918180602940595
39666,38.757561926934265
39667,38.296449857033856
39668,38.29543643971292
39669,38.29543643971293
39672,38.03029525515395
39676,38.03013158722567
39677,38.03013158722567
39681,38.02841644568396
39683,38.02841644568396
39685,38.0295887892001
39687,38.0295887892001
39688,38.0317929328885
39689,38.0317929328885
39690,38.0312105942419
39691,38.0312105942419
39692,38.0312105942419
39693,38.0312105942419
39694,38.015141372044006
39700,37.07217256029463
39702,37.34347818977552
39703,37.34347818977552
39704,37.48818949394572
39705,37.473726037944196
39706,37.48090329059437
39712,37.76955616703673
39713,37.768194947118154
39714,38.16253773507542
39715,38.02237518591859
39717,38.0332655439842
39718,38.0332655439842
39719,37.51668080160727
39720,37.5560069312762
39726,37.651938198786
39728,37.66760753341444
39731,37.72780876790891
39732,37.19708703876519
39733,37.035202993452884
39738,36.9790230279944
39740,36.9790230279944
39742,36.916793800455196
39743,36.916793800455196
39744,36.81644188408172
39745,36.68897039407717
39748,36.84925356404029
39752,36.68897039407717
39756,36.49667633182415
39762,36.49667633182414
39763,36.91804186216956
39764,36.91804186216956
39765,36.91804186216956
39767,36.4500483113133
39769,36.4500483113133
39770,36.45994053579127
39773,36.459274144643324
39774,36.459274144643324
39778,36.393232117331706
39780,36.52556268022717
39783,36.515670455749195
39786,36.5156704557492
39788,36.51437008005574
39789,36.51437008005574
39791,36.51437008005574
39794,36.5255608607706
39798,36.432601099554205
39801,36.432601099554205
39802,36.432601099554205
39803,36.432601099554205
39809,36.432712876929926
39811,36.30659019836266
39816,36.30659019836266
39818,36.30659019836266
39819,36.30659019836266
39824,36.30659019836266
39825,36.639719997878686
39827,36.639719997878686
39828,36.30684537691245
39829,36.306961065934765
39830,36.48925438068413
39833,36.48925438068413
39835,36.50655577709391
39836,36.69538484184183
39838,36.69538484184183
39839,36.69538484184183
39840,36.50655577709391
39843,36.50655577709391
39845,36.50655577709391
39846,36.36940084011314
39851,36.23146463660447
39856,36.88950007433898
39861,36.88067708141375
39862,37.31766399062974
39863,37.32611693664033
39866,37.32645079005039
39868,37.32645079005039
39871,37.438211737413745
39872,37.3949671941268
39873,37.3949671941268
39875,37.3949671941268
39876,37.39501041975694
39877,37.395010419756936
39878,37.40720001536685
39879,37.407200015366854
39880,37.407569358023565
39883,38.577436313170914
39884,40.40642515713295
39886,40.40642515713295
39887,40.40642515713295
39888,40.40736946909144
39890,40.40736946909144
39893,40.40736946909144
39896,40.40736946909144
39898,40.40736946909144
39899,39.26769446959525
39901,39.26769446959525
39904,39.27224656956186
39907,39.27224656956186
39909,39.27224656956186
39911,39.27224656956186
39912,39.27224656956186
39913,38.887730968448714
39915,38.887730968448714
39917,38.727229678724086
39919,38.726860336067375
39922,38.90640826435465
39924,38.90640826435465
39928,38.90640826435465
39929,38.92121432112466
39930,38.54974392123934
39932,38.54974392123934
39933,38.18299273853756
39935,38.0234461876057
39937,37.801545945048574
39938,37.80733413567518
39939,37.80733413567518
39940,38.19851368486913
39941,38.550239509658255
39942,38.550239509658255
39944,38.551618138060626
39949,38.87854469914328
39952,38.87854469914328
39953,38.87854469914328
39955,38.87854469914328
39956,38.79386548608497
39962,38.79386548608497
39963,38.79386548608497
39965,38.872491450288166
39970,38.85160413070964
39974,38.85382789584622
39975,38.85382789584622
39979,38.85382789584622
39980,38.85382789584622
39981,38.88321220648608
39986,38.88321220648608
39988,38.85453964179491
39989,38.65730864282215
39990,38.65730864282215
39991,38.659896179372176
39992,38.659896179372176
39993,37.83702045535844
39995,37.83702045535844
39996,37.83702045535844
39997,38.53016911642376
39999,38.069313930555296
40000,38.27202083040986
40002,38.27202083040986
40006,38.28571355825855
40008,38.28823713906715
40010,38.28879696400239
40011,38.18806848188974
40012,38.18817773657584
40014,38.23072706460365
40015,38.03986147820859
40017,38.06655649361063
40018,38.03986147820859
40019,38.05064363078242
40022,37.47849104936251
40025,37.447121790258706
40026,37.447121790258706
40028,37.33487518341053
40032,37.20273617356795
40033,37.20273617356795
40034,37.16319810795162
40037,37.163198107951615
40043,37.039207893003564
40044,37.163297323978526
40045,37.163297323978526
40046,37.163297323978526
40047,37.02652040562423
40049,37.04483264227537
40052,36.1968573020801
40054,36.44034176696501
40056,36.44034176696501
40060,36.42935508227846
40061,36.42935508227846
40062,36.42935508227846
40063,36.2358897577025
40065,36.235889757702495
40066,36.235889757702495
40067,36.25272804635685
40068,36.25272804635684
40071,36.64196391937325
40072,36.64196391937325
40073,36.51263780002704
40077,36.51263780002704
40078,36.519588571263235
40080,36.701515784847125
40081,36.71997688119013
40082,36.719976881190135
40083,35.94804630503311
40085,36.865635463799364
40086,36.90392207944729
40088,36.914469923317604
40089,37.09668264878072
40090,37.09695828851964
40091,38.63617957798641
40093,38.63617957798641
40094,38.63617957798641
40096,38.68031387001224
40097,38.68031387001224
40100,38.409405855690125
40101,38.409405855690125
40103,37.88730924253171
40104,37.88730924253171
40107,37.88730924253171
40109,37.80565353614784
40111,37.80565353614784
40112,37.72956006299457
40113,37.26395634765745
40114,37.26395634765745
40117,37.02613179683482
40120,37.19294767921026
40121,37.19294767921026
40122,37.19294767921026
40125,37.19294767921026
40129,37.026131796834825
40131,37.04575235278318
40136,37.04575235278318
40137,37.134554260019335
40138,37.13455426001934
40142,37.12415859022631
40143,37.11962357489917
40144,37.11962357489917
40145,37.11962357489917
40147,37.11962357489917
40148,37.11962357489917
40150,37.11962357489917
40154,36.875831412817725
40157,36.87231991059288
40161,36.872319910592886
40165,36.94157350543639
40167,36.94260752723059
40168,36.9426075272306
40169,36.93330838330516
40175,36.93330838330516
40177,36.93330838330516
40178,36.6977338973317
40181,36.65650771079717
40182,36.656538432559344
40185,36.85534129712954
40186,36.9374811616429
40187,36.9374811616429
40188,36.5022755361002
40189,37.484685818093524
40190,37.4854136053241
40191,37.4854136053241
40195,37.4854136053241
40196,37.4854136053241
40198,37.4854136053241
40201,36.63405283256151
40203,36.41735976048972
40204,36.350928117743486
40206,36.350788519752534
40210,36.352225891924434
40212,36.14951946516086
40213,36.14951946516086
40214,36.14951946516086
40215,36.14951946516086
40216,36.14951946516086
40217,36.18395070300419
40219,36.769088995958455
40220,36.769088995958455
40221,36.244308314278975
40223,36.24430831427898
40225,36.26049831461027
40227,36.26049831461027
40228,36.26214788248356
40231,36.26214788248356
40234,36.26215209652032
40236,36.31272958101991
40238,36.32427965186106
40239,36.32427965186106
40240,36.1756749444472
40241,36.18804849590863
40242,35.69237069032318
40243,35.72790665550668
40246,35.715371188023276
40252,35.634127308411465
40253,35.646373551435964
40254,35.70059703543987
40256,35.70059703543987
40257,35.70059703543987
40261,35.55503974247104
40262,35.7342265470056
40264,35.30260194652669
40266,35.30260194652669
40274,35.30260194652669
40276,35.30260194652669
40277,35.30260194652669
40278,35.16503662224544
40279,35.16503662224544
40282,35.10059949387614
40283,35.17516759582752
40284,35.17516759582752
40287,35.17516759582752
40288,35.26804952445642
40290,35.310049629945276
40291,35.310311827393654
40292,35.31031182739365
40293,35.31976172849833
40298,35.42688874105694
40299,35.42688874105694
40300,35.15314562402583
40301,35.16994592259531
40304,34.65410346656174
40305,34.65410346656175
40306,34.65410346656175
40307,34.78457354588551
40308,34.65410346656175
40310,34.65410346656175
40312,34.65410346656175
40313,34.40864898808189
40315,34.415371545138306
40318,34.47429795890244
40326,34.71095737250939
40327,34.71138117021285
40328,34.71138117021285
40329,34.69177946952457
40330,34.68823267692881
40331,34.68823267692881
40333,34.21136933139959
40334,34.21136933139959
40335,34.169369225910735
40336,33.878118472563145
40337,33.87738107180734
40339,33.86448388611178
40341,33.86448388611178
40344,33.86448388611178
40345,33.86448388611178
40348,34.24614584237888
40352,34.24842703951677
40353,34.257797589665834
40354,33.71394161001699
40355,33.71476898713336
40356,34.53543604281348
40358,34.7732257149912
40359,34.60460904159072
40362,34.54296314401224
40366,34.54296314401225
40368,34.54306127956531
40369,34.543636003848334
40372,34.568853220368965
40374,34.568853220368965
40376,34.568853220368965
40377,34.568853220368965
40379,34.568853220368965
40380,34.568888002771835
40383,35.51234179474635
40384,35.83429754806696
40385,35.83429754806696
40386,35.83429754806696
40388,35.81749724949748
40389,35.822034418769455
40391,35.822034418769455
40392,34.76338497128186
40393,34.763384971281866
40394,34.75689718213509
40396,34.245552781846804
40397,34.24561486004463
40398,34.139394738744706
40401,34.384470689234256
40403,34.384470689234256
40405,34.244746034804145
40407,34.244746034804145
40411,34.244683956606316
40412,34.29405779803948
40413,34.29405779803948
40414,34.29405779803948
40415,34.29405779803948
40420,34.29405779803948
40422,34.26274674172045
40423,34.26274674172045
40424,34.24011356358061
40428,34.24011356358061
40430,34.11966623403711
40433,34.229386889785474
40434,34.23012602423784
40436,34.23012602423784
40437,34.230037603741536
40441,34.23107472545626
40443,34.23107472545626
40448,34.16446082215701
40450,34.3543159351841
40451,34.2039917554833
40453,34.2039917554833
40454,34.32875711292578
40455,34.33131274622998
40457,34.2506268602585
40458,34.2506268602585
40459,34.52485616852429
40461,34.52485616852429
40462,34.52485616852429
40463,34.46113828153009
40464,34.3324771494586
40466,34.3324771494586
40471,34.3324771494586
40475,34.645539885929054
40476,34.645539885929054
40477,34.645539885929054
40478,34.69679661075516
40480,34.69679661075516
40481,34.69695112997808
40482,34.56665562639549
40484,34.4385225429702
40487,34.4385225429702
40488,34.163960787169984
40490,34.16396078716999
40492,34.16396078716999
40496,35.156890758333596
40498,34.88638976322621
40501,35.72528372604822
40502,35.823451186774136
40503,35.42225525164188
40505,35.00744287211642
40506,35.274793892354175
40507,35.27497871267544
40509,35.27497871267545
40510,35.27497871267545
40511,35.27497871267545
40514,35.27497871267545
40518,35.16826044374691
40520,35.280680298033204
40521,35.280680298033204
40525,35.280680298033204
40527,36.558847309339
40528,36.485115276319064
40531,36.48511527631907
40532,37.170526065384706
40534,37.170526065384706
40535,37.03141890960008
40537,36.447959637839844
40538,36.447959637839844
40541,36.452186096879096
40544,35.96151411115121
40548,35.90646874042058
40550,35.91390309522368
40551,35.90852764141508
40553,35.90852764141508
40554,35.7388674103708
40557,35.7388674103708
40558,35.838824084816174
40559,35.735423929123186
40560,35.735423929123186
40561,35.50201581872237
40563,35.520729593382114
40564,34.90580591938795
40565,34.89045958984843
40566,34.91411673422614
40568,34.91411673422614
40569,34.91411673422614
40570,34.91411673422614
40571,34.91411673422614
40572,34.91411673422614
40576,35.1321150054882
40580,35.1321150054882
40582,35.1321150054882
40584,35.13095259741926
40585,36.827883763866865
40586,36.827883763866865
40587,36.827883763866865
40591,36.827883763866865
40593,36.87082929582143
40594,36.38571708618828
40595,36.366355448328335
40599,36.366355448328335
40603,36.36635789193637
40607,36.366357891936374
40610,36.366357891936374
40621,36.366357891936374
40622,36.366357891936374
40632,36.366357891936374
40638,36.54745350959381
40641,36.237372978610644
40642,36.51394239016518
40643,36.51394239016518
40646,36.519661247742036
40647,36.72803273134476
40649,36.72803273134476
40652,36.72803273134476
40656,35.939148415990694
40658,35.591874712809954
40659,35.674370014170954
40660,36.28994693197612
40661,36.28994693197612
40663,36.29099815194478
40664,36.5890310043484
40665,36.473009022604195
40667,36.969592932699086
40668,37.14581927414621
40670,36.66701214722293
40673,36.66701214722293
40674,36.66701214722293
40675,36.66316845545572
40676,36.66466348369389
40678,36.66466348369389
40680,36.66466104008585
40681,35.72955917029924
40684,35.73766028915625
40685,35.73766028915626
40690,35.73784823347079
40691,35.73784823347079
40692,35.2088944086585
40693,35.01928898166783
40694,35.038513250065535
40696,35.038513250065535
40699,35.03884411941911
40702,35.03884411941912
40710,35.07284209707583
40712,35.29857165415664
40713,35.299709322040115
40714,35.312230474371844
40715,35.067268908174924
40716,35.067268908174924
40717,35.067268908174924
40718,35.092474411915575
40721,35.09153089787424
40724,35.67838232742276
40726,35.67838232742276
40728,35.67838232742276
40730,35.67838232742276
40731,35.61758738653907
40732,35.61758738653907
40735,35.900918320779915
40736,35.900918320779915
40738,35.78184344564932
40740,35.78184344564932
40741,35.78332992344937
40742,35.78332992344938
40744,35.78332992344938
40746,35.78337797737712
40747,35.63269563766764
40749,35.63269563766763
40751,35.573591497655144
40753,35.58789954763311
40754,35.593950366034875
40756,35.60302815678408
40758,35.10284919077744
40761,35.102849190777434
40762,35.10464970084923
40764,35.105643384842146
40765,35.30290999894772
40766,35.30290999894772
40767,35.797550135616966
40769,35.77493705508551
40772,35.77493705508551
40773,35.898552335634704
40774,35.95536094334108
40775,35.95622585921357
40776,35.85566865454566
40783,35.81923509510133
40785,35.741454524741705
40786,35.74181126452271
40787,35.59454578122326
40788,35.59454578122327
40789,35.59454578122327
40791,36.03984658121186
40793,36.12346082346563
40794,36.12346082346563
40797,37.11912300157794
40798,37.253304519524235
40802,37.25441909828373
40803,37.393940214323905
40804,37.3939402143239
40806,37.640250573334946
40807,37.463570280985394
40808,37.46351947755478
40810,37.18821929437566
40812,37.537816709301055
40813,37.537816709301055
40814,37.537816709301055
40816,37.38801560880196
40819,37.38801560880196
40824,37.38801560880196
40825,37.360575565686524
40827,36.58122735319602
40830,36.12418710661352
40831,36.12418710661352
40832,36.884265154272484
40835,36.884265154272484
40836,36.884265154272484
40837,36.07312634345933
40839,36.11283132850953
40841,36.11283132850953
40842,36.11283132850953
40844,35.84271150193913
40846,35.84271150193913
40848,35.75939008099918
40849,35.75939008099918
40851,35.192735758271176
40853,35.4236219970737
40855,35.4236219970737
40856,35.42454463960819
40865,35.42454463960819
40868,35.42454463960819
40871,35.729083038453346
40874,35.72273473831837
40875,35.24542210886291
40876,35.497349615736994
40877,35.497349615736994
40879,35.497349615736994
40881,35.497349615736994
40882,35.497349615736994
40885,35.497349615736994
40886,35.497349615736994
40888,35.57972683588872
40892,35.57972683588872
40899,35.67094037879068
40900,35.67094037879068
40904,35.67509894383899
40905,35.66888564523394
40907,36.119783314683104
40909,36.11666818053328
40911,36.11666818053328
40913,36.11666818053328
40914,36.11666818053328
40915,36.00261143577605
40917,36.002611435776046
40918,36.002611435776046
40919,36.002611435776046
40920,36.002611435776046
40922,36.002611435776046
40923,36.00787111618551
40925,35.99393353670693
40926,36.55119066734705
40927,37.76836715961424
40931,37.76836715961424
40932,37.76836715961424
40933,37.76836715961424
40934,37.7683896071545
40935,37.7683896071545
40939,37.63137128516046
40940,37.63135618254585
40941,36.57445388396299
40943,36.25819943703949
40944,36.25819943703948
40946,36.19157274682053
40947,36.19157274682053
40950,35.78716720509304
40951,35.78716720509304
40952,36.001629824202766
40954,35.994762041044446
40956,35.89673633602074
40959,35.90142514622567
40965,36.013991763807404
40972,35.779442867960775
40975,35.54277533196894
40976,35.54397448983544
40977,35.54397448983544
40978,35.54397448983544
40979,35.54397448983544
40981,35.54397448983544
40982,35.59587999020819
40987,35.59588336076601
40990,35.581394036830744
40991,35.55322437292026
40994,35.54397448983544
40995,35.545441203653766
40997,35.58056325367004
41000,36.26756388324706
41001,36.26756388324706
41002,36.165296818899634
41003,35.882174895484006
41012,35.76070955312159
41014,35.76070955312159
41015,35.80866480169516
41017,35.80866480169516
41020,35.79262957719655
41022,35.79262957719655
41024,36.28225611605355
41026,35.79262957719655
41027,36.023439540611086
41029,36.030385357197744
41030,36.030385357197744
41032,36.03817945519238
41035,36.038646984127595
41036,36.03956203020768
41038,36.04149993891042
41041,36.04149993891042
41042,36.059298738400045
41043,36.06014589866689
41044,36.04149993891042
41051,36.04149993891042
41052,35.79960242097953
41053,35.758639748313485
41054,35.758639748313485
41055,35.758639748313485
41058,35.762187535546225
41059,35.762187535546225
41060,35.64655902299861
41065,35.64734945351326
41069,35.57922785209811
41071,35.80733176990162
41074,35.80733176990162
41075,35.80733176990162
41078,35.80733176990162
41084,35.642793747513295
41085,35.879961297514036
41088,36.57448568992155
41090,36.57448568992155
41091,36.61594876366854
41093,36.61594876366854
41094,36.57688635832306
41095,36.57688635832306
41098,36.57688635832306
41099,36.57688635832306
41101,36.57819794896329
41102,36.57819794896329
41105,36.73232892937597
41107,36.83819620572514
41108,36.97397255187474
41109,36.83819620572514
41110,36.61857796271153
41114,36.694172505126005
41115,37.035893288227165
41117,37.035893288227165
41120,36.990572988439496
41122,36.54057199574394
41123,36.54057199574394
41124,36.31246807794042
41130,36.2868555749502
41131,36.2868555749502
41133,36.28709801618857
41135,36.282000203773734
41136,35.812767929797985
41137,35.812767929797985
41140,35.57822341437907
41142,35.77013313505921
41143,35.84856944350686
41145,35.826580948808726
41150,35.89347764647196
41153,35.83478665943745
41157,35.83478665943745
41158,35.83256909009109
41159,35.830789204449104
41160,35.528322567858645
41161,36.02717004370929
41163,36.033585345701994
41164,36.02805611232944
41165,36.02934168329338
41169,35.97532929093803
41171,35.97210555309272
41177,35.97210555309272
41179,35.97223365009822
41184,35.97223365009822
41185,35.973769685010645
41186,35.973769685010645
41187,35.97295138579568
41188,35.97295138579568
41191,35.97295138579568
41193,35.97295138579568
41195,35.97635788916266
41199,35.97669642372417
41201,35.973289920357196
41206,35.97328992035719
41209,35.97295138579568
41210,36.32700600901497
41214,36.56124568511153
41216,36.56124568511153
41218,36.56585923987822
41219,36.56585923987822
41222,36.56866498646836
41224,36.56866498646836
41225,36.566710868486894
41226,35.41934526007646
41234,35.41934526007646
41236,35.516926151420215
41238,35.56752100889471
41240,36.762911950008395
41241,36.93752098339761
41244,37.69708368355245
41245,38.00754899281635
41250,38.01358373591318
41251,38.61224063092816
41253,38.61224063092816
41254,38.61224063092816
41255,38.61224063092816
41257,38.5430793061761
41258,38.602241782609354
41260,38.25573568449949
41261,38.25573568449949
41262,38.03302358160637
41263,38.03460210300903
41264,37.89939349010991
41265,37.8689600073506
41266,37.87359275741357
41271,38.55217002391395
41272,38.184519274375
41275,38.184519274375
41276,38.184519274375
41278,38.184519274375
41279,38.184519274375
41281,37.882445353093814
41283,38.33262071926501
41285,37.92632250224699
41286,37.927250515394846
41289,37.927250515394846
41297,37.91107951148244
41298,37.91107951148244
41300,37.51496825294629
41301,37.43295449320395
41302,37.43295449320395
41304,37.43295449320395
41310,37.43295550379646
41312,37.43295550379646
41313,37.454758795654456
41314,37.31902681858089
41320,37.31902681858089
41322,37.31902681858089
41324,36.434659008433364
41328,36.365149218055215
41329,36.155395546729835
41333,35.89607551379681
41343,35.89607551379681
41345,35.89225334203256
41352,35.89225334203256
41353,35.89225334203256
41357,35.89225334203256
41359,35.9579884238097
41360,35.96137801131629
41361,35.961378011316285
41363,35.961378011316285
41365,35.96604049071436
41370,35.96604049071436
41373,36.025857640249875
41374,35.83522804006829
41375,35.835228040068294
41376,35.6011942782931
41378,35.58912059300325
41380,35.621866821790434
41382,35.62186682179044
41385,35.62221612118615
41386,35.584239385717645
41388,35.03008102551435
41391,35.03008102551435
41392,35.03008102551435
41397,35.033438118677914
41400,35.259416978426984
41402,35.259416978426984
41403,35.259416978426984
41404,35.259416978426984
41405,35.259416978426984
41408,35.259416978426984
41412,35.181429279839456
41413,35.181652074655595
41416,35.757670845717094
41417,35.757670845717094
41418,35.757670845717094
41422,35.757670845717094
41423,35.42218818757323
41425,35.42218818757323
41429,35.42218818757323
41430,35.50353699718814
41431,35.519638431744575
41432,35.519638431744575
41433,35.519638431744575
41435,35.519638431744575
41436,35.3613738105926
41439,35.3613738105926
41442,35.180577898101255
41446,35.06803769443577
41450,34.83113991631832
41451,34.83365802638787
41452,34.83365802638788
41454,34.621315276309396
41456,34.621315276309396
41457,34.622346104282464
41458,34.813313112604504
41459,34.73061832554263
41466,34.731152613879246
41470,34.731152613879246
41472,34.731152613879246
41474,34.73093201130408
41476,34.73093201130408
41479,34.94940245945035
41483,34.86087190468536
41485,34.86087190468536
41486,35.233378193456275
41487,35.233378193456275
41488,35.233378193456275
41490,35.550142444021574
41492,35.550142444021574
41498,35.56823422019062
41499,35.56823422019062
41501,35.56874191613099
41504,35.56874191613099
41509,35.56874191613099
41511,35.56989566631998
41512,35.56989566631998
41513,35.490250835458816
41514,35.49025083545882
41517,35.41212961654822
41518,35.22951597577521
41520,35.23117570119517
41523,35.23117570119517
41524,35.039684985557166
41526,35.039684985557166
41528,35.29806348558919
41529,35.29806348558919
41530,35.27356785423091
41532,35.068362371918866
41534,35.06850960695905
41535,34.6206359557073
41542,34.645783012243356
41543,34.65191298473898
41546,35.78371007598057
41547,35.78371007598057
41548,35.783710148388444
41550,35.783710148388444
41552,35.80314424712816
41555,35.80314424712816
41557,35.80160523096211
41559,35.8016052309621
41561,35.802157324542776
41570,35.80216503589654
41571,35.80216503589654
41572,36.14275223627971
41575,36.143186085417064
41577,36.55086214453883
41581,36.55086214453883
41586,36.4472918565165
41588,36.4472918565165
41591,36.38236309288373
41598,36.3806357063607
41600,36.380635709336765
41601,36.380635709336765
41604,36.380635709336765
41605,36.357487984344075
41609,36.43607657967207
41610,36.439409660344374
41613,36.43650582949143
41614,36.49516884256647
41615,36.49526825417358
41619,36.49526825417358
41621,36.49526825417358
41623,36.42915699936203
41624,36.68228528640466
41629,36.685098757788474
41634,36.685098757788474
41637,36.685098757788474
41638,36.685098757788474
41640,36.685098757788474
41641,36.716077227821934
41642,36.528797041447525
41643,36.528797041447525
41644,36.528797041447525
41645,36.99554641879235
41647,37.043614067980926
41649,36.25401675983541
41650,36.2540167598354
41652,36.2550855998524
41653,36.21485365362659
41654,36.21485365362656
41655,36.21485365362656
41657,36.21485365362659
41659,36.21485365362659
41666,36.21485365362659
41670,36.21863154913996
41671,36.19445794117716
41672,36.194457941177156
41674,36.194457941177156
41676,36.194457941177156
41679,36.218833402173395
41681,36.21159654947721
41682,36.642717157657536
41685,36.56737078810106
41688,36.30146658393415
41691,36.30146658393415
41693,35.77797409910229
41694,36.163851710729915
41697,35.51986641298125
41698,35.554378866049035
41701,35.556219244690595
41702,35.16211503859448
41710,35.35517218711564
41711,35.35666874709064
41714,35.64936570275221
41715,35.64936621984098
41717,35.24208893110744
41722,35.468515896805364
41724,35.56364873047564
41725,35.56364873047564
41726,35.468515896805364
41727,35.468515896805364
41728,35.468515896805364
41730,35.490337370027966
41731,35.729157619566735
41737,35.83760442503687
41740,35.78179987342323
41743,35.808303462785034
41744,36.13007030058327
41747,36.13007030058327
41750,36.1354691181664
41752,36.117910264637956
41753,36.00613632427482
41754,36.3012036214218
41755,36.3012036214218
41757,36.3012036214218
41759,36.3012036214218
41761,36.3012036214218
41765,36.25643882743852
41767,36.19953310425728
41770,36.338154059630725
41775,36.60177753505907
41777,36.60181194135671
41781,36.60181194135671
41782,36.60393340276736
41785,36.60393340276736
41786,36.60393340276736
41788,36.68464691330927
41789,36.62483906679903
41792,36.989555366743005
41793,36.989555366743005
41794,36.989555366743005
41795,36.78723297244485
41797,37.79990437917254
41798,37.79990437917254
41799,37.79990437917254
41800,37.94222447387177
41801,37.79990437917254
41804,37.921674139240245
41807,37.92167413924024
41812,37.638407051244116
41813,37.441093462434786
41815,37.445490390520234
41816,37.445490390520234
41818,37.44632669938389
41821,37.438851452930564
41823,37.38476833524895
41824,37.38476833524895
41825,37.387121757951014
41828,37.31637155797957
41829,36.88811356187319
41830,36.88811356187319
41831,36.831039230087335
41834,36.860670871183025
41839,36.860670871183025
41843,36.860670871183025
41847,36.860670871183025
41848,36.860670871183025
41850,36.860670871183025
41851,36.860670871183025
41852,36.90293842206125
41853,36.90293842206125
41855,36.90293842206125
41856,36.90293842206125
41857,36.90293842206125
41858,35.96528137126953
41859,36.4432597795953
41861,36.4432597795953
41862,36.4432597795953
41863,36.078543479651316
41865,36.078543479651316
41867,35.67672793250162
41869,35.67672793250163
41870,35.365595665394245
41871,35.43333042443223
41873,35.43333042443222
41874,35.68253112709921
41875,34.826069542913864
41878,34.62289456497239
41879,34.62289456497239
41882,34.62289456497239
41886,34.473943179901134
41887,35.11645946319454
41889,35.32168459145466
41890,35.655931356888054
41892,35.655931356888054
41893,35.651493788392074
41894,35.872945912040315
41896,35.872945912040315
41898,35.873027050738784
41900,34.55389752175121
41901,34.548589293759555
41902,34.548589293759555
41903,34.98202163900961
41904,34.905951247504966
41906,35.002906546227585
41909,35.002906546227585
41915,35.002906546227585
41916,35.003223284898986
41919,35.00334849428371
41923,35.00334849428371
41924,34.87208190610203
41925,34.41237296645851
41927,34.41237296645851
41929,34.49497885993752
41932,34.65482274200338
41933,35.271673331198485
41934,35.68401296002215
41935,35.68401296002215
41937,35.68401296002215
41940,35.68401296002215
41941,35.38600809517055
41943,35.38600809517055
41945,35.38600809517055
41946,35.38600809517055
41947,35.38622571060422
41949,35.3958654524497
41952,35.3958654524497
41955,35.3958654524497
41956,35.3958654524497
41961,35.3958654524497
41963,35.40448312168323
41964,35.40448312168322
41966,35.40448312168322
41967,35.40448312168322
41972,35.40448312168322
41973,35.40448312168322
41975,35.463233148458364
41979,35.028279268584505
41981,35.07483421428524
41982,35.779029792350784
41983,35.91220360874347
41985,35.91277610620179
41989,35.912837603525766
41993,35.84412181944212
41994,35.69619887865738
41996,35.77461317254235
41997,35.77461317254235
41998,35.827012972758936
42001,35.827012972758936
42002,35.827012972758936
42003,35.827012972758936
42005,36.13238180609191
42006,35.49969530138186
42007,35.5106970941716
42008,35.510697094171604
42009,35.510697094171604
42010,35.510697094171604
42011,35.524169562280406
42012,35.52416956228041
42014,35.56010759929425
42015,35.56010759929425
42016,35.38375858060195
42017,35.38375858060195
42018,35.38375858060195
42021,35.38375858060195
42022,35.35037392890161
42024,35.18517253648748
42025,35.18517253648748
42027,35.18517253648748
42030,35.194020922842164
42032,35.194020922842164
42033,34.74052181089118
42034,34.740521810891174
42035,34.706178498406814
42036,34.707231276480336
42039,34.707231276480336
42040,34.707231276480336
42041,34.51929794735676
42044,34.54160616384596
42047,34.54144763870388
42051,34.54144763870388
42055,34.54144763870388
42060,34.544328216190145
42061,34.490308791591694
42064,34.971766047354045
42066,34.96150412436747
42067,34.88031795808798
42069,34.88031795808798
42070,35.148867070156655
42071,35.23408015927388
42075,35.23408015927388
42076,35.23408015927388
42079,35.244702432119254
42081,35.23408015927388
42083,34.906895228223235
42084,34.906895228223235
42085,34.90978557177365
42088,35.06289071746721
42089,35.06289071746721
42097,35.06289071746721
42098,35.06289071746721
42099,35.25253603707026
42100,34.96306750026187
42101,34.96306750026188
42102,34.95715457268153
42105,34.9572300829082
42108,34.96420284181691
42109,34.96420284181691
42110,34.96420284181691
42113,34.919849302403634
42115,34.93991124280206
42118,34.93991124280206
42119,34.94062693608103
42121,35.25537003733471
42123,35.25537003733471
42127,35.28115452185569
42128,34.666419783618
42130,34.666419783618
42134,34.57346899877925
42135,34.57346899877925
42136,34.45608686976631
42139,34.60457745832543
42140,34.60457745832543
42141,34.60457745832543
42142,34.60457745832543
42143,34.601594722078524
42144,34.64520205321041
42145,34.64520205321041
42146,34.64520205321041
42148,34.64520205321041
42151,34.64520205321041
42152,33.03305473175367
42153,33.03305473175367
42157,33.06699880674936
42158,33.376906745147586
42160,33.39124967367711
42161,33.377219968829124
42165,33.384530123736305
42166,33.384530123736305
42168,33.384530123736305
42171,33.38469507472561
42174,33.29739109276246
42176,33.34363763890558
42180,33.34363763890558
42183,33.34988779856308
42189,33.35092433253163
42191,33.29739109276246
42192,33.29739109276246
42193,33.29739109276246
42194,33.65973454678586
42198,33.66097480928596
42201,33.93221998184282
42202,33.93221998184282
42203,33.907107408818774
42204,33.90738494926749
42208,33.90738494926749
42210,33.90752041829334
42211,33.90752041829334
42214,33.90752041829334
42215,33.90752041829334
42220,33.90752041829334
42222,33.857481855756355
42227,33.857481855756355
42229,33.89931297160407
42230,33.94160481365947
42231,33.73917265378316
42232,33.751201517496405
42233,33.751201517496405
42234,33.52803995144744
42238,33.52803995144744
42241,33.52803995144744
42242,33.52803995144744
42249,33.62621683709653
42250,33.62554718884564
42251,33.624569931218346
42253,33.62456993121835
42258,33.62456993121835
42260,33.56942718612936
42269,33.56942718612936
42273,33.56942718612936
42274,33.56942718612936
42276,33.56942718612936
42277,33.39284365061238
42278,33.39284365061238
42280,33.39284365061238
42282,33.39284365061238
42286,33.366763611597364
42290,33.366763611597364
42299,33.30697195332416
42300,33.29286508740512
42307,33.29286508740512
42309,33.18164716660813
42310,33.18164716660813
42311,33.561253070092384
42312,33.59504181384674
42313,33.56819583839107
42315,33.48122414960376
42317,33.48122414960376
42320,33.48122414960376
42323,33.48122414960376
42325,33.48427598946891
42326,33.684704501148076
42328,33.396176913802016
42335,33.396176913802016
42336,33.47647198656908
42337,33.49975401146951
42339,33.51628392058977
42340,33.516817379706765
42342,33.93951741859403
42344,33.94650621360614
42345,33.94650621360614
42349,34.013335285347296
42351,34.32214712726849
42352,34.32214712726849
42353,34.249349442007414
42354,34.26016518264671
42355,34.329427263376786
42357,34.329427263376786
42366,34.32968756322613
42367,34.32883558901085
42373,34.45800774237827
42374,34.458007742378264
42376,34.458055247975686
42377,34.461285607237855
42378,34.67711140693395
42380,34.84138081996565
42381,34.84138081996565
42387,34.841381180517736
42389,34.807592436763386
42391,34.80665248185021
42393,34.80683786189135
42395,35.05340836168777
42397,35.05340836168777
42398,35.22863184643323
42400,35.56439478154326
42401,35.43824615883332
42402,35.43824615883332
42403,35.43824615883332
42406,36.005498469974555
42408,36.005498469974555
42410,36.005498469974555
42413,36.005498469974555
42416,36.00576254308659
42420,36.00576254308659
42422,36.00576254308659
42425,36.00576254308659
42426,36.00576254308659
42427,36.00576254308659
42432,35.97569628655258
42433,35.836911709774895
42434,35.836911709774895
42435,35.83997892840686
42439,35.932636924901644
42440,36.51668024709043
42443,36.51668024709043
42444,36.516680249781714
42446,36.516680249781714
42450,36.482504674370105
42453,36.63871115918933
42456,36.60174992954359
42457,36.605955939477234
42458,36.605955939477234
42459,36.60174992954358
42460,36.60174992954358
42461,36.6077592386287
42463,36.63880161694961
42467,36.63880161694961
42470,36.600924669564186
42471,36.60092466956419
42472,36.60092466956419
42473,36.60092466956419
42475,36.60092545007204
42476,36.60092545007204
42477,36.60092545007204
42479,36.60092545007204
42480,36.71757425493978
42482,36.60092545007204
42484,36.60092545007204
42486,36.618717918739165
42487,36.84645956503583
42488,36.79544173035077
42489,36.79544173035077
42491,36.79544173035076
42493,36.79544173035076
42497,36.82350397707129
42498,36.82350397707129
42499,36.82350397707129
42500,36.82211616389774
42501,36.20431867268005
42502,36.19250362920348
42509,36.200438266427156
42514,36.200438266427156
42523,36.20140870791922
42524,36.201741409460006
42526,36.21980383075516
42528,36.201741409460006
42530,36.2153943067967
42535,36.2153943067967
42536,36.23763955525807
42537,36.23763955525807
42542,36.202229162085935
42546,36.20374172158343
42547,36.20407071544909
42551,36.20407071544909
42552,36.20457249910215
42553,36.20457249910215
42554,36.278582605958924
42555,36.59780517073516
42557,36.338866687576306
42558,36.338866687576306
42559,36.414101437052224
42560,36.38639953168769
42562,36.386399531687694
42565,36.37269877867954
42566,36.37573172533574
42568,36.634498820524
42571,36.63852018789849
42575,36.63852018789849
42578,36.64453069650998
42583,36.19058005750458
42584,36.516001662498056
42585,36.516001662498056
42587,36.60846163632472
42588,36.61673875337978
42589,36.61673875337978
42590,36.50806254336941
42594,36.24795650816896
42595,36.263913530012005
42598,36.263913530012005
42606,36.279702542199814
42607,36.28680036977332
42611,36.28680036977331
42612,36.51449303787184
42613,36.51449303787184
42614,36.3728827473582
42616,36.3728827473582
42618,36.37098730951987
42619,36.37098730951987
42620,36.37098730951987
42621,35.90224159017442
42622,35.95520309943978
42624,36.05587859110184
42626,36.48869348985918
42629,36.48869348985918
42631,36.48869348985918
42634,36.368585414465926
42635,36.368585414465926
42637,36.368585414465926
42638,36.368585414465926
42641,36.36880857633431
42642,36.3576153452425
42643,36.30859318188465
42644,36.180940393763755
42645,36.56836042245243
42646,37.486900445530374
42647,37.48696260644795
42648,37.48696260644795
42650,37.44278265130625
42653,37.4492750757145
42659,37.6723395516233
42661,38.30025648791247
42662,37.80147157653502
42663,37.97818583707102
42664,37.97818583707102
42665,38.12658862961829
42669,38.12658862961829
42673,38.12879280671715
42674,38.12879280671715
42675,38.12879280671715
42676,37.976751559889465
42678,37.976751559889465
42680,36.65240791047692
42682,36.450860082638705
42683,36.410669020974105
42685,36.55456341338948
42687,36.55456341338948
42689,36.55456341338948
42690,36.559408450105984
42691,36.559408450105984
42692,36.352570446944135
42693,36.32079077822513
42694,36.97045209468635
42696,36.97045209468635
42697,36.978300289980275
42699,36.97837925189119
42703,36.97564833534671
42705,37.02579934809838
42706,37.025799348098374
42707,36.84590425541953
42708,37.95691552247116
42709,37.95734435492885
42710,37.925719518137875
42715,37.938761865855035
42717,37.938761865855035
42718,37.95598669564474
42719,37.95598669564474
42721,37.95598669564474
42730,37.943830681840204
42731,38.52451675654914
42733,38.52451675654914
42734,38.52451675654914
42737,38.74598900946779
42739,38.83467292899732
42740,38.370762130798234
42743,38.40072765325515
42746,38.25550137968966
42749,37.959433546162934
42750,38.17836036499467
42754,38.21772469619464
42765,38.161883110471976
42766,38.161883110471976
42767,38.161883110471976
42769,38.161883110471976
42772,38.161883110471976
42775,38.161883110471976
42778,38.34389802662456
42779,38.32874468776434
42784,38.32874468776434
42785,38.07048542322813
42787,38.07048542322813
42789,38.07048542322813
42790,39.289945345894616
42796,39.26907391546124
42797,39.26907391546124
42798,39.26907391546124
42799,39.26907391546124
42801,39.26907391546124
42803,38.758498094526495
42804,38.791777511533766
42806,38.79177751153377
42808,38.79177751153376
42810,38.79192425312059
42812,38.79192425312059
42813,37.79631171286779
42814,37.66261221705083
42815,37.83248496363715
42819,37.83248496363715
42820,37.75596961219196
42822,37.75596961219196
42825,37.77824962497473
42829,37.53324773993694
42830,37.53324773993694
42833,37.53388218022617
42835,37.61988973542214
42838,37.62117022458947
42839,37.62117022458947
42841,37.62117022458947
42844,37.3839681582711
42845,37.38462069839304
42847,37.008827333646316
42851,36.92315371996366
42852,36.92315371996366
42853,36.88008710374673
42854,36.86676176787157
42856,36.86676176787157
42858,38.157518668071354
42860,38.18972230215324
42861,38.18972230215324
42862,38.18972230215324
42863,38.18972230215324
42864,38.19523844416935
42867,38.20487966511846
42869,38.060301291874055
42872,37.87919160128907
42875,37.83174989775707
42876,37.83174989775707
42878,37.86127610020259
42880,37.83174989775707
42882,37.83174989775707
42883,37.83174989775707
42884,37.9233496327558
42887,37.9233496327558
42890,37.9233496327558
42891,37.99313825967334
42892,37.991496078121145
42893,37.991496078121145
42894,37.91602990520814
42895,37.91602990520814
42897,37.89782118796345
42902,37.89934006223303
42903,37.89934006223304
42904,37.60908308673755
42905,37.60969039923126
42906,37.60969039923126
42907,37.57703775408165
42909,37.58245404769668
42917,37.58245404769668
42918,37.510288803790694
42919,37.443051372763534
42921,36.96062709314598
42922,36.89715352600744
42923,36.782838021589924
42925,36.78272806484476
42931,36.78272806484476
42932,36.79016714429551
42933,36.79016714429551
42934,37.28283099769353
42935,37.17621427185447
42937,37.17621427185447
42938,37.30679787746354
42940,37.3437798101601
42941,37.344251134821214
42942,36.79902918025332
42943,36.688863626566075
42944,37.232085768137296
42946,36.68886362656607
42947,36.68886362656607
42948,36.68886362656607
42950,36.68886362656607
42953,36.503271433925214
42954,37.05178784802971
42955,37.05178784802971
42956,36.676990990177174
42957,36.732613755384705
42960,36.66180675129137
42961,36.68741486999319
42962,36.68741486999319
42968,36.69274076375906
42969,36.69274076375906
42970,36.69274076375906
42977,36.69292458875184
42978,36.692926033241626
42979,36.69693314618044
42981,36.69160725241457
42982,36.89428645289157
42987,36.894286452891585
42988,36.90329393132945
42991,36.7246251479257
42994,36.86263516553732
42995,36.85366572573034
42996,36.85388114178329
42997,36.30693235651981
42998,36.30205492461248
42999,36.30205492461248
43000,36.30205492461248
43002,36.30205492461248
43004,36.34739640646483
43005,36.34864279359371
43006,36.34872415035027
43007,35.80309570781444
43008,36.77819998833441
43010,36.77819998833441
43011,36.779807445060285
43012,36.77079996662242
43014,36.77079996662242
43015,36.94356916837009
43016,36.94356916837009
43017,36.82946922693254
43018,36.28914212930484
43019,36.26039966157784
43022,36.11292335555084
43024,36.11292335555084
43026,36.11292335555084
43027,36.03561291876021
43029,36.00920693249035
43031,35.915185676121986
43033,35.915185676121986
43034,35.98760848883051
43036,36.02834821027518
43037,36.31738462111725
43038,36.31738462111725
43039,36.32139026833487
43043,36.321390268334866
43044,36.321390268334866
43045,36.321390268334866
43046,36.321390268334866
43047,36.57467773013353
43048,36.52150821514121
43050,36.52150821514122
43052,36.521521659813565
43053,36.521521659813565
43057,37.195426847966324
43058,37.197542694277516
43059,37.19754269427751
43063,37.19754269427751
43065,36.73499348592649
43066,35.93906419046959
43069,35.93906419046959
43071,35.93906419046959
43074,35.76891344263079
43077,35.76891344263079
43083,35.78699765420251
43084,35.78699765420251
43085,35.50060076328043
43086,35.46854793983797
43093,35.299749709922295
43098,35.29975190114131
43101,35.42477440031185
43103,35.51819537366785
43104,35.51819537366785
43106,35.51819537366785
43107,35.520602111426264
43108,35.44039789783426
43110,35.44039789783426
43113,35.45189904714087
43116,35.5955240550689
43117,35.5955240550689
43120,35.59553473634415
43121,35.59553473634414
43124,35.471502916406074
43126,35.407491706822526
43129,35.4079328049593
43131,35.32000730639264
43133,35.31999662511738
43134,35.31999662511739
43135,35.31999662511739
43136,35.321408295946426
43137,35.32155381748735
43138,35.42096134796373
43141,35.42096134796373
43148,35.93281197817917
43150,35.93281197817917
43151,35.93281197817917
43152,35.93281197817917
43154,35.916938470917685
43155,35.412186080931846
43157,35.412186080931846
43158,35.41716128006669
43161,35.4171612800667
43165,35.4171612800667
43167,35.90699547480713
43168,35.81158283660864
43170,35.54155752419271
43174,35.56776183028843
43177,35.56989083090443
43178,35.54368652480871
43186,35.559721749307315
43189,35.558619261128946
43191,35.48200284790748
43192,35.48200284790748
43194,35.23173592444784
43195,35.64169960998023
43196,36.15167614343067
43197,36.15167614343067
43198,36.15167614343067
43199,36.51956134373312
43200,36.51956134373312
43201,36.41802068350322
43204,37.087067662608966
43214,37.105829204890064
43216,37.10582920489006
43217,37.10582920489006
43218,37.10582920489006
43220,38.06672324003069
43223,38.06979387643997
43224,38.06979387643997
43226,38.12323248118098
43229,38.108745088785454
43230,38.09571835914556
43231,38.09571835914556
43233,38.09571835914556
43234,38.09571835914556
43237,38.09571835914556
43238,38.09645230179214
43242,38.09645230179214
43245,38.09645230179214
43246,38.033317564849646
43247,37.99171363920089
43251,37.97529608689761
43253,37.97529608689761
43255,37.97529608689761
43256,37.97748236303886
43258,38.03904368785027
43259,38.03904368785027
43261,38.039133591053265
43265,38.03913359105327
43267,38.01897055958527
43268,38.01897055958527
43272,38.41535101474736
43275,38.41535101474736
43276,39.22655590681863
43277,39.21466334940266
43279,39.24101923372323
43280,39.24101923372323
43282,39.72380209187919
43283,39.72380209187919
43284,39.053614353465285
43285,39.21524126942166
43291,39.21524126942166
43292,39.21834560334587
43293,39.15891085019383
43297,39.17161156572316
43299,39.19910942849154
43300,39.77438474362352
43303,39.77142386818171
43304,39.77142386818171
43305,39.88479239251774
43307,40.02667644847218
43308,40.02667644847218
43311,40.21607704613569
43314,40.21607704613569
43316,40.23051390451802
43317,40.78904897415536
43319,40.78972801379732
43322,40.78972801379733
43323,40.78972801379733
43325,40.358873135305764
43326,40.35890002329715
43329,40.35890002329715
43330,40.44009652188587
43331,40.44009652188587
43333,40.44036145891766
43339,40.44036145891766
43343,40.76064726276641
43345,40.76064726276641
43346,40.76064726276641
43347,40.76064726276641
43348,40.894599547171545
43349,40.894599547171545
43350,40.9700834605945
43352,40.96852218797496
43353,40.71370630716673
43354,40.71370630716673
43355,40.71370630716673
43358,40.71370630716673
43359,40.71370630716673
43362,40.71370630716673
43365,40.1678625924102
43366,40.1678625924102
43367,39.7713287146275
43370,40.048994993246744
43372,40.048994993246744
43375,40.04852030970169
43376,40.04852030970169
43377,40.04457305230547
43378,40.11033693809513
43379,40.11033693809513
43382,40.04457305230547
43385,40.16695208176307
43386,40.16695208176307
43387,40.25155418306738
43390,40.26074510270751
43391,40.26074510270751
43396,40.29037138340664
43397,40.29225918064729
43399,40.28544723903377
43400,39.961641259231065
43401,39.961641259231065
43403,40.101584466375165
43404,40.10158763601874
43407,40.137515828145105
43413,40.137515828145105
43414,40.137515828145105
43417,40.137515828145105
43418,40.137515828145105
43421,40.40081824090563
43424,40.47648419957968
43426,40.47648419957968
43428,40.481049442939906
43433,40.4810494429399
43434,40.845140915905226
43438,40.884427696371446
43439,42.662309297438576
43440,42.662309297438576
43442,42.66420864130604
43443,41.93293913633498
43444,41.93293913633498
43445,41.93293913633498
43446,41.94500621315285
43450,41.76580385620348
43451,41.66463492049668
43452,41.74539234493203
43459,41.66463492049668
43460,41.66463492049668
43461,41.66463492049668
43462,41.66463492049668
43463,41.66463492049668
43465,41.66463492049668
43467,41.66463492049668
43469,41.66463492049668
43470,41.53370378607272
43471,41.59959786715878
43472,41.59959786715878
43474,41.219671957864975
43475,41.21967195786498
43476,41.138994714848025
43477,41.138994714848025
43479,41.138994714848025
43480,41.12935535983314
43481,41.129355359833156
43482,41.155173252162115
43483,41.789693853079925
43484,41.78969385307995
43486,41.78969385307995
43489,41.21666222267384
43491,41.41320985936353
43492,41.41320985936353
43494,41.41320985936353
43495,41.41320985936353
43496,41.41320985936353
43497,41.41320985936353
43500,41.46920931015535
43501,41.46920931015535
43502,41.573627578047876
43503,40.89679641699979
43505,41.04722383073849
43506,41.04730506262532
43507,40.65799961410244
43509,40.65799961410244
43513,40.658037029793306
43515,40.6580370297933
43517,40.66918700983322
43518,40.66918700983322
43519,40.66918700983322
43523,40.89490643479599
43524,40.94058702552922
43525,40.88906474953001
43526,40.88906474953001
43527,41.354521037573335
43528,42.19510689184246
43529,42.19510689184246
43531,42.19510689184246
43532,41.583569839807566
43535,41.583569839807566
43539,41.58356667016399
43540,41.65668535406378
43541,41.73474294303409
43543,41.73474294303409
43544,41.80800853998072
43545,41.80806949914535
43547,41.809269476342614
43552,41.809269476342614
43557,41.80997749089351
43559,41.80997749089351
43560,41.80531261531029
43565,41.80531261531029
43568,41.80531261531029
43569,41.80531261531029
43573,41.52995123827876
43574,41.52995123827876
43575,41.52995123827876
43577,41.503840908668856
43578,41.908304790383234
43579,41.830247201412924
43581,41.42010905615386
43582,41.40535874525773
43583,41.48072031985729
43585,41.481227145720254
43587,41.481227145720254
43590,42.35471572098524
43595,41.88807190019977
43598,41.88807190019977
43600,41.8921506087612
43601,42.00306872307145
43602,42.00271424622186
43605,42.00346485009092
43608,41.83374311548885
43613,41.83374311548885
43615,41.83374311548885
43616,42.45563294378572
43617,42.190376245633004
43618,42.40606002039914
43622,42.40606002039914
43625,42.540269140691436
43629,42.540269140691436
43630,42.540269140691436
43636,42.53612038248801
43638,42.53612038248801
43639,42.584504680881366
43640,42.584504680881366
43643,42.584504901429504
43645,42.69740382533415
43649,42.69740382533414
43654,42.69740382533414
43658,42.69740382533414
43659,42.41532996218529
43660,41.425193605826955
43662,41.33525878442909
43665,41.335258784429094
43669,41.335258784429094
43670,41.335258784429094
43671,41.335258784429094
43672,41.34898644315081
43673,41.34898644315081
43675,41.25923550108884
43676,41.25923550108883
43677,41.26280322570435
43678,41.26280322570435
43679,41.26280322570435
43683,40.59476247758857
43684,40.58952120889034
43686,40.58952120889034
43688,40.351745933651586
43689,40.246275415381945
43692,40.246275415381945
43694,40.24635115793475
43695,40.24675961356497
43696,40.246759613564976
43698,40.246759613564976
43701,40.359078481488325
43702,40.35909015536494
43704,40.35858332950198
43705,40.35858332950198
43706,40.25965584603283
43708,40.25965584603283
43710,40.25965584603283
43711,40.25965584603283
43712,40.25965584603283
43714,40.56829397253993
43715,40.56854724637562
43716,40.56854724637562
43717,40.081384966248365
43719,40.081384966248365
43723,40.081384966248365
43724,40.14453893622615
43726,40.09081394108008
43731,40.06326223746997
43732,39.947067304780454
43733,39.947067304780454
43734,39.947067304780454
43736,40.05946818462359
43737,40.05946818462359
43739,40.05946818462359
43747,40.56144562809384
43748,40.56144562809384
43750,40.56144562809384
43752,40.56144562809384
43753,40.234353934607064
43754,40.13846491170663
43756,40.09195565784276
43757,40.093843455083416
43758,40.093843455083416
43761,40.09390400056536
43763,40.15580602569697
43764,40.63475155587469
43765,40.63490690643166
43767,40.63490690643166
43768,40.850565209624726
43771,41.745498384117006
43773,41.89189775679581
43774,41.89189775679581
43776,42.04917312554062
43778,42.04917312554062
43779,42.06803963085618
43782,42.072655373175394
43784,42.072655373175394
43785,42.072655373175394
43788,42.072655373175394
43789,41.84764042054818
43791,41.84764042054818
43795,41.87150871092181
43798,41.85940362513722
43800,41.831556408876125
43801,41.831556408876125
43803,41.831556408876125
43804,41.831556408876125
43805,41.831556408876125
43806,41.831556408876125
43807,41.832916018519725
43810,41.832916018519725
43811,41.850667181405974
43814,41.852027016918164
43815,42.15914356666181
43816,41.72294901352085
43821,41.6845832183144
43822,41.6845832183144
43823,41.80282467364892
43825,41.732044757025676
43835,41.73204475702567
43836,41.7343238841896
43837,41.73464424534395
43847,42.010399396846815
43848,42.01291303519655
43849,42.16591497928857
43850,42.19875848325996
43852,42.24818362024587
43854,42.24818362024587
43860,42.24818362024587
43862,42.24818362024587
43863,42.525818100916915
43864,42.525818100916915
43865,42.525818100916915
43866,42.525818100916915
43867,42.525818100916915
43868,41.9344738655224
43871,41.9344738655224
43872,41.94041537347494
43873,42.375512189771776
43876,41.85339148342259
43877,41.85339148342259
43878,41.88167567309124
43885,41.91531915526625
43886,42.10400011555427
43887,42.112263105536904
43888,42.11163037560125
43889,42.11163037560125
43891,42.11163037560125
43892,42.095519147157695
43893,42.026752222704545
43894,42.02359165469841
43895,42.02359165469841
43898,42.02359165469841
43899,42.20590715179172
43902,42.131420083557444
43906,42.131420083557444
43907,42.03997896667775
43909,42.0454187314823
43910,42.0454187314823
43911,42.050055858932936
43912,42.050055858932936
43913,42.05546629521303
43914,42.05546629521302
43919,41.15563120991639
43920,40.951442920755376
43921,40.951442920755376
43925,41.003765948203494
43928,41.003765948203494
43929,41.003765948203494
43932,41.003765948203494
43933,41.007260976879
43934,41.007260976879
43935,40.52455424347469
43937,40.52455424347469
43938,40.55928070596754
43939,40.55928070596754
43940,40.57673875653894
43942,40.6437558371839
43943,40.64862592131602
43944,40.619759174917355
43948,40.619759174917355
43950,40.59659803911895
43955,40.59659803911895
43956,40.59659803911895
43960,41.04368494524877
43962,41.04368494524877
43964,41.16875156852683
43965,40.705449275151615
43969,40.71056813055733
43970,40.69269467514405
43971,40.69269467514405
43976,40.69269467514405
43978,40.79478074773794
43981,40.76529072716156
43982,40.76529072716155
43984,40.76529072716155
43985,40.76529072716155
43987,40.929859456049975
43990,40.74726936735722
43991,40.74726936735722
43992,40.15491040300528
43994,40.15491040300528
43999,39.99748766392504
44000,39.99748766392504
44004,40.005559619191445
44008,40.005559619191445
44009,40.005559619191445
44010,40.012124070468424
44012,40.044666873237404
44015,40.044666873237404
44021,40.17576014298165
44023,40.17576014298165
44025,40.17576014298165
44026,40.405430882473645
44027,39.956015532074716
44032,39.956015532074716
44034,39.956015532074716
44035,39.956015532074716
44038,39.956015532074716
44039,39.912180421250326
44040,40.182748139304685
44050,40.19540874553534
44053,40.48222641700158
44056,40.48222641700158
44057,40.48345577733944
44058,40.48345577733943
44062,40.48345577733943
44064,40.0491739790862
44065,40.0491739790862
44067,40.39923151054176
44068,40.0580120156759
44069,39.23209971223436
44070,39.15663352323202
44071,39.15663352323202
44072,39.15663352323202
44073,39.15663352323202
44074,39.15663352323202
44077,39.15663352323202
44078,38.39073759205063
44083,38.36151671434283
44084,38.30611127932366
44087,38.387391867305936
44089,38.751889965629175
44093,38.751889965629175
44094,38.75354357407101
44096,38.38832914129119
44097,38.38832914129118
44099,38.38832914129118
44100,38.18952498059796
44103,38.18952498059796
44105,38.18952498059796
44106,38.35452682937287
44107,38.354823902809784
44109,38.354823902809784
44121,37.50809644107948
44123,37.50809644107948
44125,37.62355412816896
44127,38.50112375519311
44129,38.50112375519311
44130,38.50112375519311
44131,38.57669818625207
44133,38.92056823605952
44137,38.996407387456564
44140,38.719741615186855
44141,38.71872278190343
44144,39.074929721164935
44148,39.074929721164935
44149,39.117509988169246
44150,39.117561105900066
44156,39.11756110590006
44157,38.94531387036178
44158,38.94531387036178
44160,38.93007335964362
44161,38.93007335964362
44162,38.68693750722391
44164,38.08316489938512
44168,38.120019443160395
44171,38.120019443160395
44172,38.120019443160395
44181,38.120019443160395
44183,38.120019443160395
44184,38.14276407974847
44185,38.210645983502516
44188,38.210645983502516
44192,38.210645983502516
44193,38.210645983502516
44194,38.210645983502516
44197,38.21057111754398
44199,37.96833348266223
44200,38.01761043773069
44203,38.01761043773069
44204,38.051837560504595
44205,38.051837560504595
44211,38.07800325907238
44212,38.07804108098657
44214,37.608969480813236
44215,38.43559397554797
44217,38.23698844986355
44219,38.23698844986355
44220,38.23698844986355
44223,38.23698844986355
44225,37.94383306480932
44227,37.94383306480932
44228,37.467560720822526
44231,37.467560720822526
44232,37.62850462714366
44237,37.47705399002936
44238,37.477053990029354
44242,37.477053990029354
44244,37.47700160151212
44248,37.477188105896026
44251,37.477188105896026
44255,37.60368819117512
44256,37.60368819117512
44257,37.60368819117512
44261,37.60368819117512
44263,37.60371467071698
44264,37.09825080475103
44266,37.10018881604423
44271,37.43805689593403
44272,37.43352264697902
44273,37.49073910313193
44277,38.04644034521436
44281,38.04644034521436
44282,38.04644034521436
44287,38.011419205825554
44289,38.00968826763586
44290,37.782911297082855
44291,37.78160549313534
44292,37.86034365235569
44298,37.86034365235569
44300,37.77009909821913
44305,37.522475572465886
44311,37.76675743796407
44315,37.77025851312786
44317,37.76996143969094
44318,37.76996143969094
44320,36.83598439913846
44325,36.83598439913846
44326,36.53064074596354
44328,36.53064074596353
44331,36.530660019808195
44332,36.56410669452331
44336,36.795297847984855
44341,37.1819460516182
44344,37.12782798530707
44346,37.12782798530707
44349,37.123204959789064
44350,37.123204959789064
44355,37.31856243816573
44357,37.37070137132485
44358,37.396313216326895
44361,37.39670981642279
44363,37.39670981642279
44366,37.56833651950028
44367,37.56833651950028
44368,37.56833651950028
44369,37.29316193772289
44371,37.29987965878096
44372,37.29987965878096
44375,37.29987965878096
44377,37.30452523642385
44379,37.30452523642385
44380,37.30452523642385
44384,37.17310351506278
44386,37.17310351803884
44387,37.33705351629706
44388,37.33794880022509
44390,37.337948800225085
44393,37.657569338824835
44395,37.77935257673504
44396,37.337948800225085
44397,37.323647226624196
44401,37.412222084383686
44403,37.412222084383686
44404,37.51032896295361
44405,37.51032896295361
44409,37.51032896295361
44410,37.513290126291324
44411,37.513290126291324
44413,37.513290126291324
44414,37.513290126291324
44415,37.513290126291324
44418,37.513290126291324
44419,37.513290126291324
44421,37.513379494865404
44422,37.513379494865404
44424,37.513379494865404
44427,37.514188604435866
44428,37.51541886922129
44430,37.51025739941921
44431,37.510373898788
44433,37.56384398847901
44444,37.56384398847901
44449,37.7632765850902
44450,37.763276699732444
44453,37.51053022461242
44456,37.51077076969978
44457,37.510812249571224
44459,37.60253834948559
44461,37.60253834948559
44472,37.60253834948559
44476,37.94867754830955
44478,37.94867754830955
44479,37.94887199964433
44482,37.77966200306558
44485,38.27955840957812
44486,38.303913322380964
44487,38.303913322380964
44489,38.303913322380964
44490,38.303913322380964
44492,38.303913322380964
44493,38.325128545758346
44494,38.325128545758346
44495,38.34113266646321
44496,38.3411326664632
44497,38.3411326664632
44500,38.3411326664632
44504,38.34215185017545
44506,38.32093662679807
44507,38.32093662679807
44510,38.32093662679807
44512,38.32107024128054
44514,38.32183909545928
44515,38.32183909545928
44517,38.32183909545928
44518,37.83101441021341
44519,37.83101441021341
44520,37.974478861024515
44521,38.00722289149835
44525,37.662800043503196
44527,38.01252673960701
44528,38.230950479612574
44529,38.230950479612574
44530,38.230950479612574
44533,38.230950479612574
44537,38.91845041104613
44538,38.93245968857178
44539,40.6540218692902
44541,40.6540218692902
44544,39.73288562738104
44545,39.732885627381044
44546,39.732885627381044
44548,39.732885627381044
44550,39.732885627381044
44551,39.73290960126647
44552,39.73290960126647
44553,38.873261091735365
44558,38.87357775934511
44563,38.87357775934511
44566,38.75282321568003
44568,38.71158073868795
44571,38.71691123974674
44574,38.72735966150745
44584,38.72735966150745
44585,38.72735966150745
44589,38.72735966150745
44590,38.72735966150745
44593,38.72832094464956
44594,38.72832094464957
44596,38.7283285603905
44598,38.7283285603905
44599,38.7283285603905
44601,38.7283285603905
44602,38.72941990914241
44603,38.924858741159156
44605,38.926614157948094
44607,38.62238445857017
44608,38.8168438577186
44609,38.63735530147825
44611,38.63499781512534
44615,38.901191303256184
44616,38.63499781512534
44617,38.63499781512534
44618,38.60728467520742
44621,38.60728467520742
44622,38.60728068863201
44627,38.60728145955622
44629,38.607706192369776
44630,38.6148334589246
44631,38.60568140319505
44633,38.366486282333916
44636,37.72090759330981
44637,37.72090759330981
44643,37.81092287112708
44644,37.77134881761585
44646,37.860043600089774
44648,37.86148469587418
44649,37.86148469587418
44651,37.86220467954814
44652,37.82464531417078
44655,37.825266486492424
44656,37.825266486492424
44660,37.825266486492424
44662,37.825266486492424
44663,37.825266486492424
44664,37.84082352267157
44665,37.84082352267157
44667,37.84082352267157
44668,37.8454015705495
44669,37.82346487185401
44672,37.468274997094824
44674,37.4698812144906
44683,37.45473356056095
44684,37.45473356056095
44685,37.52268015697569
44686,37.637061250345
44689,37.637061250345
44691,37.637061250345
44694,38.01154509997434
44695,39.370808994791766
44698,39.34266138454209
44699,38.43285098660727
44700,38.43285098660728
44701,37.77697295082171
44703,37.77697295082171
44705,37.865773279604596
44707,37.865773279604596
44710,37.865773279604596
44712,37.10861669231452
44720,37.10746232113045
44722,37.10746232113045
44725,37.10746232113045
44726,37.10746232113045
44729,37.10746232113045
44732,37.189555871835395
44733,37.189555871835395
44736,37.189555871835395
44737,37.189555871835395
44741,37.185780313286955
44742,37.17490768538879
44744,36.66730941912093
44750,36.66730941912093
44753,36.66730941912093
44758,36.87851131203986
44760,36.87851131203986
44761,36.878522404078446
44762,36.878551720353904
44763,36.878551720353904
44764,36.59722820979737
44765,36.59722820979737
44766,36.49007770041422
44768,36.49007770041422
44771,36.49007770041422
44773,36.49007770041422
44776,36.49007770041422
44777,36.49007770041422
44778,36.490040460125556
44779,36.48957243044844
44780,36.48957243044844
44781,36.48957243044844
44782,35.7693225622132
44783,35.76935016874508
44784,35.76935016874508
44787,35.76520473759443
44788,35.76520473759443
44790,35.76520473759443
44791,35.76304934788957
44792,35.76304934788957
44795,35.76304934788957
44797,35.76304934788957
44799,35.74994214993068
44800,35.75018377353578
44802,35.75019945769699
44803,35.872570351077364
44807,35.87429232917955
44809,35.87429232917955
44811,35.881245432488356
44812,35.881245432488356
44815,35.881245432488356
44816,35.66829734392336
44818,35.716519365701
44819,35.66816742463579
44821,35.67271458903403
44822,35.67271458903403
44826,36.08168880754793
44827,36.087103712384824
44828,36.08412187698063
44830,35.838384403787856
44831,35.86577982853805
44833,36.05584608105666
44834,36.13439112293355
44837,36.15513471390597
44838,36.1395565297644
44842,36.139584566697756
44846,35.735995162223624
44850,36.325572489284355
44852,36.325572489284355
44853,36.325572489284355
44856,35.97562446453994
44860,35.86406959646416
44862,36.15034902706382
44864,36.27947322805708
44866,36.57556640060866
44867,36.57556640060866
44870,36.57556640060866
44871,36.57556640060866
44873,36.55289691775612
44874,36.552896917756115
44875,36.617123533226156
44876,36.617123533226156
44877,36.617123533226156
44879,36.644900532296276
44882,36.617123533226156
44884,36.62164984203494
44885,36.626524175759926
44886,36.626524175759926
44889,36.558048091238504
44892,36.558048091238504
44893,36.55567562563373
44894,36.73679610776818
44897,36.842023064518955
44901,36.842023064518955
44903,37.57857307003199
44906,37.57857307003199
44908,37.57848808620532
44909,37.272859188880915
44912,37.272859188880915
44913,36.849722908894556
44915,36.849722908894556
44916,37.040046379661185
44917,36.849734513968734
44918,36.80422908765119
44919,36.858068838293995
44921,36.858068838294
44924,36.85634686019181
44925,36.856346860191806
44926,36.856346860191806
44927,36.85223196641466
44929,36.66624696909554
44930,36.66624696909554
44932,36.66624696909554
44935,36.72377200833148
44936,36.72374397139812
44937,36.72374397139812
44941,36.72374397139812
44944,36.72374397139812
44947,36.72374397139812
44948,37.566730611129564
44949,37.1187459551809
44953,37.11735808675971
44958,36.824588974100976
44959,36.82568810389863
44960,36.825688103898635
44961,36.315120542166476
44962,36.315120542166476
44964,36.315120542166476
44965,36.315153609706485
44966,36.315120542166476
44969,36.314745224372594
44974,36.314745224372594
44981,36.314745224372594
44983,36.314745224372594
44987,36.314745224372594
44988,36.314745224372594
44993,36.18804080785093
44999,36.183800615600354
45000,36.186018846523126
45004,36.186018846523126
45005,36.191528627214915
45006,36.1917125069082
45007,36.15465874294022
45008,36.154658742940214
45009,36.154857430494694
45012,36.490108586189315
45013,36.49229224079045
45014,36.43408110088954
45016,36.41370582957163
45019,36.41402911849596
45024,36.41402911849596
45025,36.41402911849596
45026,36.4452086275579
45027,36.364078738639606
45028,36.363609747269145
45030,36.36648713226298
45032,36.36648713226298
45033,36.36648713226298
45034,36.24623256084516
45035,36.98661316677241
45036,36.79480016741036
45037,36.79480016741035
45038,36.79841109336914
45039,36.98281318195118
45042,37.02832788285857
45046,37.02832788285858
45047,37.02832788285858
45048,37.02832788285858
45051,37.02832788285858
45052,37.0261096519358
45053,36.99764207880376
45056,36.99764207880376
45057,36.99764207880376
45063,36.99764207880376
45064,36.99764207880376
45065,37.01801735012166
45066,37.02524403034969
45067,38.350904736604406
45069,38.35242251700816
45071,38.60323473361838
45075,38.60323473361838
45076,38.60323473361838
45077,37.77644830515057
45078,37.77852587850788
45079,37.844508162556394
45080,37.79798145743925
45082,37.742223005364785
45083,37.742223005364785
45085,37.72507831493538
45087,37.72507831493538
45088,37.72507831493538
45089,37.72507831493538
45093,37.73866147061726
45094,37.73864543841781
45095,37.73884089643703
45096,37.95511280925052
45098,37.95511280925052
45099,37.76345980889997
45101,38.11390927799192
45102,38.11390927799192
45103,38.11390927799192
45104,37.69026389033507
45105,37.694093790953595
45107,37.67371851963569
45108,37.67371851963569
45111,37.53129753998683
45113,38.183596238160966
45115,38.380629840059306
45116,38.380629840059306
45118,38.380629840059306
45119,38.38062984005933
45120,38.062028142991565
45121,38.452139215728856
45122,38.452139215728856
45124,38.452139215728856
45125,38.452139215728856
45126,38.452139215728856
45127,38.452139215728856
45128,38.51305412218188
45130,38.513054122181885
45131,38.513054122181885
45133,38.513054122181885
45134,38.513054122181885
45135,38.513054122181885
45137,38.69578307144539
45139,38.69578307144539
45143,38.69578307144539
45145,38.69578307144539
45151,38.69578307144539
45152,38.64494757555242
45155,38.64494757555242
45156,38.62869089572803
45157,38.64961735662843
45158,38.65231092556701
45160,38.65231092556701
45162,38.65231092556701
45163,38.50035519859154
45165,38.50036586930212
45167,38.36178515213442
45168,38.36178515213442
45170,38.36178515213442
45171,38.36178515213442
45173,38.36178515213442
45176,38.36178515213442
45177,38.584551957776995
45178,38.57279444046804
45180,38.572660465932486
45181,38.572660465932486
45182,38.93963497697864
45183,39.11867863429075
45184,38.93963497697864
45185,38.891380556787105
45187,38.891380556787105
45189,38.891380556787105
45190,38.891380556787105
45193,38.891380556787105
45200,38.67676879641808
45205,38.69475994486452
45212,38.69475994486452
45213,38.836767346102
45214,38.83678161033643
45215,38.83678161033643
45216,38.6404179990738
45217,38.64511164647391
45219,38.645111646473914
45220,38.645111646473914
45221,38.279805789488805
45225,38.279805789488805
45226,38.266886951691035
45227,38.45700910607132
45231,38.46018887800429
45233,38.46175604203917
45235,38.46175604203918
45240,38.45969348434363
45242,38.459693484343624
45243,38.459693484343624
45248,38.459693484343624
45249,38.53883084009292
45250,38.766668448193855
45252,39.46613893841923
45253,39.47940053087906
45255,39.479400530879055
45256,39.479400530879055
45257,39.479400530879055
45263,39.47783336684418
45264,39.47783336684417
45265,39.47783336684417
45266,39.47783336684417
45267,39.47783336684417
45268,39.4778747742629
45270,39.30951873099378
45271,39.381212197454175
45272,39.38121219745418
45273,40.0038260501928
45274,40.09185863625289
45275,40.09185863625289
45276,40.09341227084047
45277,40.09341227084047
45278,40.09341227084047
45280,40.09341227084047
45283,40.09349776273755
45286,39.941417908369374
45287,39.941417908369374
45289,39.941417908369374
45290,39.941417908369374
45291,40.02739560726546
45292,40.02739560726546
45295,40.02739560726546
45296,40.02739560726546
45297,39.68183140607222
45300,39.12424356682847
45302,39.126998831393074
45306,39.09695650530651
45307,39.51879409964329
45308,39.51879409964329
45309,39.51879409964329
45310,39.68771294831075
45311,39.68771294831075
45314,40.01177286343045
45315,38.72760445303229
45317,39.19839497514101
45320,39.19839497514101
45321,39.19839497514101
45326,39.176999129236954
45327,39.163135037402874
45331,39.14863297730275
45332,39.15045546296794
45336,39.15045546296794
45338,39.15045546296794
45339,39.26493802700149
45340,39.26493802700149
45344,39.26493802700149
45346,39.26493802700149
45348,39.26493802700149
45349,39.505733407951496
45350,39.67744076120405
45355,39.67744076120405
45356,39.67744076120405
45360,40.068337512249705
45362,40.068337512249705
45364,40.068337512249705
45365,39.839549975951215
45370,39.839549975951215
45372,39.8204065568943
45374,39.8204065568943
45376,39.8204065568943
45377,39.821455697194814
45380,39.89612639798099
45381,39.98908826035698
45383,39.741311479620265
45387,39.741311479620265
45388,39.89807574260806
45389,39.89807574260806
45393,39.89807574260806
45394,40.393823602258955
45396,40.84261134734273
45397,40.84261134734273
45400,40.84261134734273
45402,41.75251781048057
45407,41.73556659024676
45409,41.63261962641063
45410,41.70323660417986
45412,41.70366399477665
45413,41.70366399477665
45414,41.415446877700404
45416,40.82278470732319
45419,41.44175032707536
45420,41.44175032707536
45424,41.44175032707536
45427,41.44175032707536
45428,41.89503890240477
45429,40.99471328465929
45430,40.85835006824952
45431,40.90886102880091
45432,40.694207137666844
45433,40.694207137666844
45434,40.694207137666844
45435,40.56428024512507
45438,40.62843513673854
45439,40.62843513673854
45441,40.62843513673854
45442,40.574072264554545
45446,40.574072264554545
45447,40.55520797744281
45448,40.55520797744281
45450,40.27607813949439
45453,40.27607813949439
45456,40.53443438964996
45458,40.53443438964996
45466,40.362992428505216
45471,40.28498690972453
45473,40.26150110791161
45474,40.47583660713776
45475,40.47583660713776
45476,40.67781578523657
45477,40.67895310534475
45483,40.44006343059171
45484,40.68411938113083
45485,40.68411938113083
45486,40.68411938113083
45488,40.68411938113083
45491,40.70581102330958
45493,40.70581102330957
45495,40.705811562289014
45496,40.36223704236955
45500,39.74274164044083
45504,39.742741640440826
45508,39.5721453644771
45509,39.57225869343903
45510,39.57225869343904
45511,39.44885318252718
45512,39.382542668553086
45514,39.382542668553086
45516,39.68737996991921
45521,39.650166093975415
45522,40.00444922455212
45523,40.00444922455212
45524,40.00444922455212
45531,40.00444922455212
45534,40.34857071278565
45539,40.34973517869506
45541,40.34973517869506
45542,40.10389487394779
45543,39.997381873731904
45549,39.9144237910211
45550,39.91455738449584
45553,39.91455738449584
45560,39.91455738449584
45561,40.1981109853339
45567,41.118555108078844
45568,41.25532393990383
45570,41.26221704003404
45571,41.26221704003404
45572,41.59642970913405
45574,41.61140557597004
45575,40.14382379986833
45578,40.14382379986833
45579,40.04108903617501
45583,39.85645333039262
45585,39.85103842555572
45588,39.85094279622477
45592,40.248031359376895
45594,40.248031359376895
45595,40.248031359376895
45596,39.918317840232554
45597,39.918317840232554
45598,39.918317840232554
45600,39.918317840232554
45607,39.92945208683174
45608,39.92945208683174
45611,39.93300119195253
45614,39.9358772619529
45615,39.93587726195291
45617,39.93587726195291
45618,39.93587726195291
45622,39.936667265098855
45623,39.93683037359329
45624,38.8603235493234
45627,38.931640933905676
45628,38.7686601418984
45629,38.78212354912975
45631,38.54487802637287
45633,38.54487802637287
45636,38.54487802637287
45637,39.00250898106847
45638,39.00250898106847
45642,39.00250898106847
45643,38.79922403826643
45644,38.89525379731102
45646,38.75848496548603
45649,38.926696533610844
45653,38.926696533610844
45658,38.926696533610844
45659,38.82199066164479
45660,38.9774521933809
45663,38.9774521933809
45664,38.9774521933809
45671,38.90008701823607
45672,38.90008701823607
45674,39.380133070555246
45676,39.380133070555246
45677,39.380133070555246
45678,39.380133070555246
45680,39.380133070555246
45683,39.380133070555246
45684,39.380133070555246
45685,39.380138231123084
45686,39.74884922566597
45687,40.55904538658495
45688,39.61182641091467
45689,39.61182641091467
45690,39.61182641091467
45694,39.515351339399395
45695,39.613398807658676
45697,39.68148148285602
45699,39.68148148285602
45700,39.68148148285602
45702,39.690480195459614
45705,39.690480195459614
45706,39.67267826314549
45707,39.67267826314549
45708,39.67267826314549
45711,39.67267826314549
45712,39.673416635287666
45713,39.67341663528766
45717,39.573978819437166
45719,38.595342251990765
45722,38.30853487429168
45725,38.30853487429168
45726,38.34140487238659
45729,38.3477158249495
45733,37.544433649180796
45735,37.544433649180796
45736,37.54431947744939
45737,37.54459030978346
45738,37.481084613624695
45739,37.48687925681606
45740,37.36289131630479
45744,37.37288055370876
45748,37.26323305840171
45752,37.26323305840171
45755,37.39582418222196
45757,37.28024171399536
45760,37.283605474428064
45761,37.28360547442806
45764,37.28024171399536
45765,37.21074769560549
45766,37.21062732921605
45767,37.3138585186416
45769,37.258130613049964
45772,37.33882069655958
45775,37.258130613049964
45777,37.258130613049964
45778,37.258130613049964
45779,37.25910382865121
45781,37.25910382865122
45782,37.20246710315346
45784,37.0970884920073
45785,37.09943125120648
45787,37.099441177212896
45788,37.099441177212896
45789,37.072986721348464
45790,37.072986721348464
45791,36.0979059727462
45792,36.10093314910859
45793,36.10240059982544
45796,36.102435463055905
45799,35.818972551872996
45801,35.757723878439904
45803,36.04146634619335
45804,36.04146634619335
45806,36.04146634619335
45807,36.04146634619335
45814,36.04196443303693
45820,36.52269130513377
45821,36.52269130513377
45825,36.52269130513377
45826,36.54408714373982
45827,36.38605220962735
45828,36.473575687538265
45829,36.574055420822084
45832,36.46526705940906
45834,35.828778417826356
45835,35.828778417826356
45837,35.828778417826356
45838,35.829021035622155
45845,34.98959518334414
45846,34.98959518334415
45847,34.986218682781804
45848,35.02266884932971
45849,35.02266884932971
45853,35.0351762769676
45856,35.04122067224243
45858,35.041220672242424
45859,35.041220672242424
45860,35.048296460664226
45864,35.04408503325207
45865,35.08842184030757
45866,35.218224992286984
45867,35.218224992286984
45868,35.218224992286984
45869,35.18737887843861
45871,35.135049049543376
45872,35.135012986212985
45877,35.181148768506375
45883,35.09871720188276
45886,35.09871720188276
45889,35.09871720188276
45891,35.09871720188276
45895,35.18501909920685
45899,35.689055099280395
45902,35.69912610786492
45904,35.350525906868164
45906,35.350525906868164
45907,35.350525906868164
45908,35.351223666737944
45914,35.351768428946734
45915,35.35176842894674
45916,35.45355929902779
45919,35.45355929902779
45921,35.33819735110929
45922,35.33819735110929
45924,35.33819735110929
45926,35.41635096629101
45927,35.02068876539951
45929,35.020688765399505
45931,35.020688765399505
45933,35.02245285848392
45934,34.77870750120737
45935,34.77870750120737
45940,34.897747351652015
45941,35.08919745848697
45942,35.08919745848699
45944,35.08919745848699
45946,35.162308136462734
45952,35.162308136462734
45953,35.162308136462734
45962,35.162308136462734
45964,35.162308136462734
45965,35.781163121507184
45969,35.83181718061996
45974,35.83837548274976
45978,35.84503845859263
45979,35.81160513197154
45980,35.821673670831835
45985,35.76056415862443
45986,35.75204830581741
45990,35.75204830581741
45993,35.60183182499861
45996,35.58862205414605
45997,35.58402175404325
46001,35.58402175404325
46002,35.58486632651907
46003,35.58486632651907
46004,35.58486632651907
46005,35.58486632651907
46006,35.58485626723546
46010,35.74549722012652
46012,35.74549722012652
46015,35.978501918645506
46017,35.978501918645506
46018,35.61631674618419
46019,36.63493632732095
46020,36.24103637975621
46021,36.24103637975621
46022,36.242538996280196
46027,36.242538996280196
46029,36.242538996280196
46030,35.98944652380902
46032,35.98944836414017
46038,35.99087417718025
46039,35.998987228833364
46040,36.00079710542004
46042,36.000797105420034
46043,35.53729432302128
46045,35.633044968142464
46046,35.633044968142464
46048,35.87199508680362
46054,36.001464722433965
46056,35.708435962581895
46062,35.708435962581895
46063,35.8668832198129
46066,35.8668832198129
46067,35.8668832198129
46068,35.8668832198129
46069,35.8668832198129
46070,35.8668832198129
46071,35.768506331767526
46072,35.76831107412505
46073,35.76831107412505
46075,35.76831107412505
46076,35.8535357197145
46078,34.63335201455085
46079,34.633813262715854
46080,34.633813262715854
46081,35.08997490346722
46082,35.08997490346722
46084,35.592505876203404
46087,35.25878566598137
46093,35.26701291789772
46095,35.21284356360461
46097,35.21284356360462
46103,35.21284356360462
46106,35.21284356360462
46110,35.21284356360462
46111,35.21284356360462
46113,35.21284356360462
46115,35.21284356360462
46116,35.29549760540841
46117,36.148447654787766
46118,36.200808645076975
46119,36.20080848038089
46123,36.20080848038089
46124,36.20080848038089
46125,36.20080848038089
46127,36.263339687477384
46128,36.746359326555805
46130,36.38151834701923
46132,36.38151834701923
46135,36.38151834701923
46136,36.289769157128205
46137,36.289769157128205
46140,36.26691675662542
46145,36.28811153315545
46146,36.28811153315545
46149,37.25687872148266
46151,37.177619310570506
46152,37.177619310570506
46154,37.177619310570506
46157,37.177619310570506
46159,37.14385409427264
46160,37.14981208472383
46162,36.5077808024253
46165,36.53067471532619
46167,36.5306747153262
46169,36.5306747153262
46170,36.5306747153262
46171,36.25381501502796
46172,36.25381501502795
46173,36.253798982828506
46176,36.253798982828506
46179,36.253798982828506
46181,36.253798982828506
46183,36.253798982828506
46188,36.253798982828506
46190,36.10285519309162
46192,36.10231043088283
46194,36.1817050770325
46195,36.08280172194241
46197,36.296525829339586
46198,36.296690780328895
46199,36.296690780328895
46201,36.296690780328895
46203,36.296690780328895
46204,36.234799027427925
46205,36.13572306066155
46206,36.13572306066154
46208,36.13572306066154
46212,36.13572306066154
46213,36.813297974874544
46214,36.88251199904993
46216,36.88253425237988
46219,36.76540167949621
46220,36.80422353598122
46227,36.80422353598123
46229,36.80422353598123
46231,36.80422353598123
46234,36.79085473393683
46235,36.451692137514826
46236,36.28263481355564
46238,36.53194278863454
46241,36.162402727503434
46246,36.18707560320228
46247,35.996106134476
46248,35.99610613447601
46252,35.79705792470486
46253,36.001401855781076
46254,36.001401855781076
46267,36.001401855781076
46268,36.02824473240545
46269,35.97633454768129
46270,35.97616959669198
46273,35.97616959669199
46279,35.36312294418907
46281,35.36312294418907
46283,35.36312294418907
46284,35.40340652715041
46285,36.23302319308569
46287,36.23302319308569
46288,36.036462735847984
46289,36.040297114813136
46290,36.04029711481313
46294,36.380541930654104
46296,36.30849830841297
46301,36.30968859693771
46302,36.30968859693771
46303,36.12012808210191
46304,36.63211299276862
46305,36.92469729806603
46309,36.92469729806603
46310,36.9291876248265
46311,36.9291876248265
46312,36.74492943303692
46313,36.74492943303692
46314,36.74492943303692
46315,36.74492943303692
46316,36.74492943303692
46318,36.74492943303692
46320,36.74492943303692
46323,36.74492943303692
46324,36.74683238490519
46326,36.7468323849052
46327,36.7468323849052
46331,36.2590628059541
46333,36.2590628059541
46334,36.48667149427458
46335,36.48667149427458
46336,36.44438411956546
46338,35.97081782104651
46340,35.97081782104651
46341,35.97081782104651
46347,36.037170627444524
46355,36.037170627444524
46356,36.03720326197942
46358,36.037203261979414
46359,36.391809750525084
46361,36.03076526596733
46362,35.94410925245726
46363,35.9714160473492
46364,35.8432195347624
46366,36.2127441967933
46367,35.8432195347624
46374,35.841722648143715
46379,35.841722648143715
46383,35.791602920278336
46384,35.791602920278336
46387,35.89551351657107
46388,35.89559400601065
46389,35.68886153766523
46390,35.25251858736173
46392,35.47826710523021
46394,35.25251858736173
46399,35.25251858736173
46401,35.25251858736173
46405,35.25248595282683
46406,35.285867380548105
46407,35.2858673805481
46408,35.2858673805481
46415,35.2858673805481
46417,35.28167920514688
46418,35.28167920514688
46419,35.28167920514688
46424,35.28342784576731
46426,35.79021722886302
46428,35.79021722886302
46429,35.179970027836674
46432,35.179970027836674
46434,35.179970027836674
46435,35.179970027836674
46439,35.179970027836674
46440,35.03827019449775
46441,35.03827019449775
46442,35.03827019449775
46443,35.03828614859755
46445,35.03828614859754
46447,35.03828614859754
46449,35.12972017178557
46452,35.083617212609205
46453,35.09020534053154
46454,35.09026081292657
46459,35.09048427312058
46461,35.09230667542852
46462,35.11378694528986
46465,35.11378694528986
46467,35.11378694528986
46468,35.623869719289964
46469,35.623869719289964
46470,35.59177160518194
46471,35.421207018732375
46472,35.29043816181369
46474,35.29116838023472
46475,35.29116838023472
46476,35.29116838023472
46477,35.27952719625231
46479,35.022388873064514
46481,35.372012892490275
46482,35.372012892490275
46484,35.37301783620983
46485,35.37301783620983
46486,35.37301783620983
46489,35.37301783620983
46490,35.29996361739519
46491,35.2999636173952
46492,35.2999636173952
46498,35.2999636173952
46500,35.2999636173952
46503,35.48501885641648
46507,35.299724613785145
46509,35.17680978646042
46510,35.17680978646041
46512,35.17680978646041
46514,35.16795199088875
46515,35.16795199088875
46518,35.16795199088875
46522,35.38426945759172
46523,35.38426945759172
46525,35.27910501617453
46527,35.38191400766406
46529,35.38563124550828
46530,35.38563124550828
46532,35.38605437880802
46537,35.383647700874825
46540,35.415877222687804
46541,35.469831433778054
46542,35.469831433778054
46545,35.46983187214796
46546,35.41285014373829
46548,35.41285014373829
46549,35.42212414261105
46551,35.42212414261105
46552,35.42212414261105
46554,35.45506860837725
46557,35.367881908289924
46560,35.391499829911986
46561,35.391499829911986
46562,35.28011767582644
46570,35.30479839502811
46576,35.304851907664656
46577,35.304851907664656
46578,35.304851907664656
46581,35.304851907664656
46583,35.30577728566935
46585,35.46130533000598
46588,35.4740007620598
46602,35.47400076205981
46603,35.47400076205981
46605,35.2868121757553
46606,35.37358297703606
46607,35.438516638763346
46610,35.518337963851046
46613,35.59443528972349
46614,35.59443528972349
46616,35.15894947987084
46617,35.16643914921321
46621,35.16643914921321
46622,35.038684624672854
46623,35.038684624672854
46624,35.038684624672854
46626,34.565217942308124
46630,34.57912051385703
46632,34.55058522652779
46633,34.769942475436864
46634,34.45893613540453
46636,34.46483393605429
46641,34.42003119673911
46645,34.42322187780275
46648,34.12139947500172
46651,34.189345152824735
46653,34.28130587478399
46654,34.28130587478399
46655,34.28130587478399
46657,34.28130587478399
46658,34.231684171851924
46659,34.231684171851924
46662,34.231684171851924
46663,34.2169307975739
46667,34.31728079223703
46668,34.31728079223703
46669,34.324170852754875
46671,34.14857380372367
46672,34.20725922235485
46673,34.32029483906445
46674,34.32029483906445
46675,34.32029483906445
46678,34.32029483906445
46679,34.285160723416475
46689,34.15839726474177
46691,34.15839726474177
46692,34.416766104161006
46694,35.10271184219272
46695,35.101433781993734
46696,35.101433781993734
46697,35.101433781993734
46698,35.38715998578611
46701,35.38715998578612
46705,35.38043596542416
46706,35.380435965424155
46707,35.39313861476346
46710,35.643727753891405
46712,35.4279442045106
46715,35.13062066252914
46716,35.1307015159991
46717,35.09466656374937
46721,35.09466656374937
46722,34.72810528632603
46723,34.676162749845275
46726,34.676162749845275
46728,34.62925029751461
46729,34.6292502975146
46731,34.6283091455903
46734,34.62830914559031
46737,35.005950276775444
46738,34.18189286480563
46739,34.18189286480563
46741,34.18189286480563
46747,34.18189286480563
46749,34.76843038689747
46750,34.76864515604599
46751,34.768645156045984
46753,34.76879568585486
46754,35.0998476049091
46756,35.0998476049091
46760,35.0998476049091
46761,35.0998476049091
46762,35.09975561862788
46764,35.188269427095136
46766,35.09975561862788
46768,35.09975561862788
46769,35.09975561862788
46770,35.09975561862788
46771,34.87005525913781
46778,34.87161344736915
46779,34.87161344736915
46781,34.87161344736915
46782,34.87161344736915
46783,34.871720232509446
46786,35.26433788110962
46790,35.26520145469797
46791,34.99287609133301
46794,34.84505045498239
46795,34.95940844256235
46796,34.8335617420089
46798,34.8335617420089
46800,34.8335617420089
46806,34.8335617420089
46809,34.76335185128865
46810,34.76320132147976
46811,35.23219053973394
46814,35.23219053973394
46815,34.76774578415034
46816,34.76774578415034
46819,34.76774578415034
46822,34.83906382393322
46826,34.83906382393322
46831,34.83906382393322
46832,34.83906382393322
46833,35.85449532313931
46835,35.85449532313931
46836,35.85449532313931
46841,35.85449532313931
46843,35.85449532313931
46846,35.60164727223709
46847,35.60164727223709
46848,35.60164727223709
46849,35.60154048709679
46851,35.601540487096784
46853,35.601540487096784
46855,35.60159126903473
46858,35.588426541889596
46865,35.588426541889596
46869,34.698152056700934
46871,34.698609693414134
46873,34.661391823244344
46875,34.681072158962905
46876,34.82940792443067
46878,34.85271653204749
46880,34.51662537898712
46882,34.58052875771255
46883,34.58052875771255
46884,34.58052875771255
46887,34.394597880476
46888,34.818342270392925
46892,34.86027651829318
46894,34.86027651829318
46896,34.85520790966366
46899,34.85520790966366
46901,34.85520790966366
46906,34.94839626813246
46908,34.80078678308522
46909,34.655747322632344
46911,34.16087615647077
46914,34.16087615647077
46915,34.21985771085387
46916,34.38527069856437
46918,34.20423075566474
46919,34.20423075566474
46920,34.20430764757041
46923,34.20512522377438
46924,34.18839580378569
46932,34.18839580378569
46933,34.18839580378569
46934,34.18839580378569
46935,34.30114755440259
46937,34.26344573317662
46939,34.512161301252995
46942,34.512161301252995
46944,34.557513706034676
46945,34.46341525849723
46946,34.463989519697996
46948,34.46398951969799
46950,34.46408352021766
46955,34.46408352021766
46957,34.46408352021766
46958,34.53409606072257
46960,34.57567241442919
46961,34.590888307864276
46962,34.590888307864276
46964,34.590888307864276
46975,34.49453800639163
46976,34.49453800639163
46978,34.572747109560545
46980,34.572747109560545
46981,34.636119274767644
46983,34.636119274767644
46984,34.636119274767644
46986,34.3688452554998
46989,34.369100564105516
46990,34.36918281325766
46993,34.388375384693006
46996,34.388375384693
46997,34.388375384693
47001,34.39060081041681
47002,34.12990441968107
47003,34.108444177223724
47004,34.108444177223724
47005,34.13823763243781
47006,34.13789131778203
47007,34.43631640056398
47008,34.43858465532416
47009,34.43915472514464
47013,34.45434531194598
47015,34.45434531194598
47016,34.47434758818383
47017,34.47434758818383
47019,34.45831612285585
47020,34.45831612285585
47021,34.93524207490508
47022,34.93524207490508
47023,34.93524207490508
47024,34.93524207490508
47025,34.93524207490508
47027,34.93524207490508
47029,34.93524207490508
47030,34.93524207490508
47032,34.93524207490508
47033,34.28976975973694
47035,34.271914077340234
47043,34.271914077340234
47044,34.271914077340234
47046,34.271914077340234
47049,33.99143989172553
47052,33.99143989172553
47056,33.99086563052476
47058,33.99264847317749
47060,34.156754107594445
47062,34.36660414465332
47063,34.156754107594445
47067,34.1646739476456
47069,34.16467394764561
47070,34.17432152826629
47072,34.17432152826629
47074,34.2000253535458
47076,34.200641385345286
47078,34.3304035693462
47079,34.19716095102532
47080,34.19716095102532
47081,34.19746395554957
47082,33.30006619985727
47083,33.21583976597673
47084,32.92774007167385
47085,32.777990708000075
47088,32.72976013695882
47091,32.72976013695882
47092,32.50173239086289
47096,32.613867411683316
47100,32.54997685079488
47101,32.54997685079488
47105,32.77899360022006
47107,32.77899360022006
47108,32.78056407052322
47110,32.780261065998964
47111,32.78026106599896
47112,32.7576853853859
47113,32.7576853853859
47117,32.60474244816683
47119,32.66970676472852
47121,32.66970676472852
47122,32.66970676472852
47126,32.66970676472852
47128,32.66970676472852
47130,32.66970676472852
47131,32.449361596092984
47132,32.44779112578983
47135,32.44779112578983
47137,32.44779112578983
47138,32.317096656583786
47141,32.31668437074045
47144,32.26078045822121
47148,32.2638977030869
47150,32.26078045822121
47151,32.26427483320115
47154,32.26427483320115
47161,32.27663662125606
47164,32.27663662125605
47165,32.46490056766927
47169,33.006354085463855
47170,33.006338385470364
47172,33.01128074304792
47173,33.01181838217685
47174,33.32361578160896
47176,33.01874693473864
47178,33.01931829611754
47179,32.84860133498253
47181,32.84860133498254
47183,32.84860133498254
47184,32.84860133498254
47185,32.84860133498254
47186,32.864521637537116
47187,32.86452163753711
47190,32.85851765979792
47197,32.85851765979792
47198,32.78078078566018
47199,32.78078078566018
47200,32.78078078566018
47204,32.88658169235343
47208,32.78545494605947
47209,32.785454946059474
47214,32.785454946059474
47215,32.60925656442028
47218,32.60925656442028
47219,32.62484223283619
47221,33.10171082709783
47224,33.12255616404738
47225,32.887831960207585
47228,33.32256629002747
47230,33.32256629002747
47231,33.11454955269349
47232,33.11454955269349
47234,32.61638175742515
47239,32.758398516776566
47242,32.61638175742515
47243,32.61638175742515
47247,32.61638175742515
47254,32.65380692978989
47255,32.65380692978989
47257,32.65380692978989
47263,32.65380692978989
47267,32.65380692978989
47271,32.875852330789776
47272,32.875852330789776
47273,32.875852330789776
47274,32.875852330789776
47278,32.875852330789776
47279,32.868453799307076
47287,32.982432463745
47291,32.868453799307076
47292,32.868453799307076
47295,32.87963408161305
47308,32.87963408161305
47310,34.4227086622441
47311,33.729869089556715
47314,33.72986908955671
47316,33.884857880318364
47318,33.884857880318364
47319,33.52990743577361
47320,33.456744271455136
47321,33.4577364010117
47322,33.40289512338964
47323,33.390772276905885
47324,33.390772276905885
47326,33.38038647176896
47327,33.38038647176896
47328,33.38038647176896
47329,33.3808911634523
47332,33.3808911634523
47338,33.74317744863962
47340,33.74317744863962
47342,33.64775862167879
47345,33.6477586216788
47346,33.6477586216788
47348,33.55640519430228
47350,33.53188572867116
47352,33.396729774999216
47354,33.396729774999216
47355,33.250314242988146
47359,33.250314242988146
47363,33.250314242988146
47364,33.250314242988146
47365,33.22172632496159
47367,33.22172632496159
47369,33.42162558015541
47370,33.42354768500249
47371,33.4235476850025
47374,33.4235476850025
47379,33.08763523359253
47380,33.68802604082692
47383,33.69092522934982
47384,33.69092522934982
47391,33.77811483882312
47393,33.77811483882312
47394,33.07621954392269
47398,33.07621954392268
47406,32.499565003771416
47408,32.499565003771416
47411,32.41569531978709
47412,32.41569531978709
47414,32.09903079241265
47415,32.12048290644812
47416,32.04980710495034
47417,32.07444073065791
47418,32.07583537969051
47419,32.07779509138041
47422,32.07779509138041
47423,32.03430002840639
47424,32.0343035149785
47425,32.03870280806928
47426,32.07238596625203
47428,32.34166824612711
47431,32.276905488451554
47434,32.276905488451554
47435,32.276905488451554
47438,32.276905488451554
47440,32.33151930578388
47446,32.531627676990205
47447,32.48285190438109
47448,32.483868062073284
47450,32.50275449833519
47451,32.12867093732304
47453,32.128670937323044
47454,32.13622606565838
47460,32.13622606565838
47464,32.135232535224645
47465,33.0612428936029
47467,33.0612428936029
47468,33.06124438142603
47469,33.06961039163145
47473,33.05435615726962
47475,32.940498007557245
47476,33.133980660017706
47478,33.1253360386104
47479,33.12529428049488
47480,32.752345099851425
47481,32.752345099851425
47482,32.750429057083
47484,32.59540343463467
47487,32.59540343463467
47488,32.59540343463467
47492,32.69251337125057
47494,32.69251337125057
47495,32.62314849267273
47496,32.58001062130731
47500,32.84302272496308
47504,32.84302272496308
47505,32.84454764421313
47507,32.84454764421314
47510,33.029796008427404
47511,33.029919279406705
47512,32.521332214998495
47515,32.521332214998495
47516,32.521332214998495
47520,32.521332214998495
47521,32.214121962274184
47522,32.019574802523636
47525,32.08643785998894
47527,32.08643785998894
47529,32.087294879637845
47531,32.087294879637845
47533,32.23391774668436
47535,32.23391774668436
47536,31.94249340495922
47537,31.44999376229259
47538,31.449993762292586
47539,31.459699247739493
47540,31.343517604570298
47541,31.240712082897325
47544,31.240712082897325
47546,31.144305936102782
47549,31.736811548795934
47550,31.736811548795934
47552,31.520525658524637
47555,31.28274747496724
47556,31.28274747496724
47558,31.13642183422169
47561,31.136463592337208
47567,31.136463592337208
47572,31.136463592337208
47573,31.136463592337208
47574,31.351971338435447
47577,31.355251383057944
47579,31.35525138305794
47582,31.35525138305794
47584,31.35525138305794
47585,31.51326585770306
47586,31.51326585770306
47587,31.509328940122877
47588,31.379003895712415
47589,31.379003895712415
47593,31.407075705185676
47594,31.407075705185676
47595,32.457897643112474
47596,32.41544857867342
47598,32.348585521208115
47602,31.902708371540722
47603,31.902708371540722
47605,31.90549561405464
47610,31.90549561405464
47611,31.080000132976462
47612,31.08008516579184
47613,31.15079224516079
47614,30.911801224177267
47617,31.456705921817772
47618,31.456705921817772
47619,31.6319127211775
47620,31.6319127211775
47621,31.6319127211775
47622,31.6319127211775
47623,31.6319127211775
47624,31.851648118870646
47626,31.84506395528103
47628,31.845063955281027
47629,31.845063955281027
47631,31.845063955281027
47632,31.845063955281027
47633,31.666197003363827
47635,31.669818585512395
47637,31.669818585512395
47640,31.674669599755475
47641,31.706440577841242
47643,31.70750655687069
47644,31.74171914184276
47645,31.741719141842765
47646,31.741719141842765
47653,31.741719141842765
47655,31.741719141842765
47656,31.5343642960316
47660,31.534364296031598
47661,31.534364296031598
47664,31.93211232567962
47666,31.93211232567962
47669,31.93211232567962
47670,31.93211232567962
47671,31.93211232567962
47672,31.93211232567962
47682,31.940650562940064
47690,31.94065056294007
47691,31.88320514758692
47692,31.84512982495487
47695,31.741960895306327
47696,31.741960895306327
47697,31.741960895306327
47699,31.77019120747883
47701,31.63679739026005
47702,31.63679739026005
47712,31.43962427894142
47713,31.241725302670552
47714,31.241725144740542
47722,31.241725144740542
47725,31.246266925057416
47729,31.619182955443705
47730,31.538286735494818
47732,31.635889040309365
47735,31.624622849081362
47736,31.624622849081362
47737,31.791760805156912
47738,31.624622849081362
47739,31.624622849081362
47742,31.533482751950977
47743,31.533482751950977
47745,31.425141587963427
47748,31.8196855384192
47750,31.868679555503277
47752,31.868679555503277
47753,31.820371697903735
47755,31.820371697903738
47756,31.834623490665464
47757,31.937171143088545
47760,31.937570007452074
47761,31.937570007452074
47763,32.254450572722355
47765,32.254450572722355
47770,32.254450572722355
47772,32.242518092277194
47777,32.253638972467556
47779,32.01677997431862
47780,32.121445131479824
47781,32.121445131479824
47782,31.952095369826342
47787,31.952095369826342
47790,31.94832306456899
47791,31.99716988105853
47794,31.863389526684966
47795,31.863389526684966
47796,31.718032935522853
47800,31.735726009017657
47804,31.752475932433857
47805,31.798684680882598
47806,31.851565226792065
47807,31.84790646145433
47810,31.847906461454325
47812,31.847906461454325
47814,31.85271287145598
47825,31.417006172458912
47826,31.277693268819945
47829,31.277693268819945
47833,31.272436628309755
47834,31.177682279920116
47835,31.173852696018088
47838,31.24765400338199
47842,31.24765400338199
47844,31.24765400338199
47846,31.248635137196594
47847,31.248635137196594
47848,31.24867716103052
47851,31.24867716103052
47854,31.251066579383668
47855,31.258804077278466
47856,31.24111100378366
47857,31.24111100378366
47858,31.240767150389892
47860,31.240684903901126
47865,31.240684903901126
47867,30.9031613532822
47869,32.58648795368335
47870,32.58648795368335
47871,33.19161588983065
47873,33.0831090556609
47875,33.23588642025896
47876,32.61394481784491
47879,32.61394481784491
47880,32.61394481784491
47881,32.88514688833842
47882,32.88514688833842
47883,32.951037008690164
47884,32.972783710105794
47885,32.972783710105794
47888,32.972783710105794
47889,33.04449326126185
47890,33.18956215255777
47892,33.29727898263829
47893,33.3944767684202
47894,33.39508167768284
47900,33.659603545586094
47902,33.659603545586094
47905,33.395198507233445
47906,33.55168812852773
47908,33.39538837376376
47910,33.395659876014946
47911,31.768703971930996
47913,31.56750578400738
47918,31.56750578400738
47921,31.567551432861205
47922,31.5675514328612
47923,31.5675514328612
47924,31.604437951600232
47925,31.604437951600232
47926,31.585705341784983
47927,31.58578816954002
47928,31.58578816954002
47930,30.990393710458257
47931,31.014380514608625
47932,31.01438051460863
47933,31.01438051460863
47934,30.90984470435345
47937,30.561562351766284
47938,30.561562351766288
47942,30.575780374876107
47944,30.56649092664157
47947,29.914965951497102
47949,30.11114356988506
47950,30.11114356988506
47953,30.220317751123204
47957,30.221934513678118
47959,30.21265799812615
47965,30.212613459192514
47967,30.20540668363392
47971,30.20540668363392
47973,30.230116644395867
47979,30.241269000740413
47981,30.252832508449593
47982,30.050494077369635
47984,30.05244185297834
47987,30.052441852978344
47991,30.049889191561988
47992,30.049889191561988
47993,30.049889191561988
47996,30.337716122565823
47997,30.368739966885425
48001,30.368739966885425
48002,30.368739966885425
48003,30.302102466970275
48008,30.302102466970275
48010,30.302102466970275
48011,30.302102466970275
48012,30.302102466970275
48013,30.302102466970275
48016,30.270127171880056
48018,30.440078702429034
48019,30.440078702429034
48020,30.440078702429034
48029,30.440078702429034
48030,30.06558966798538
48031,30.070080258902934
48034,30.07015529982667
48035,30.07015529982667
48036,29.9805530400289
48038,29.984705741863987
48039,29.984705741863987
48041,29.73834714067205
48042,29.560175441647566
48044,29.560175441647566
48046,29.560175441647566
48047,29.600857885191914
48050,29.58567143653484
48055,29.58567143653484
48061,29.47755313803845
48064,29.47755313803845
48066,29.473527820716203
48067,29.775035876126626
48071,30.338134292941017
48074,30.25701054887086
48076,30.25701054887086
48077,30.58769283589849
48078,30.58769283589849
48079,30.58769283589849
48080,30.58769283589849
48082,30.587015171176095
48086,30.588168286955824
48089,30.590248475450533
48095,30.59024847545053
48097,30.44878500349048
48098,30.44878500349048
48099,30.44878500349048
48100,30.44878500349048
48102,30.454568073876267
48105,30.455145837486448
48108,30.455145837486445
48109,30.455145837486445
48113,30.457010571499147
48116,30.984899885088083
48118,30.984899885088083
48119,30.960768555936326
48120,30.853415191562057
48122,30.853415191562057
48128,30.853415191562057
48129,30.853415191562057
48132,30.602128791990445
48134,30.602128791990445
48138,30.602128791990445
48141,30.38714515370103
48145,30.389697815117387
48146,30.384283452362325
48147,30.696903524646945
48150,30.649006887475657
48156,30.919060190118213
48157,30.919060190118213
48161,30.718980078639124
48163,30.724221347337348
48164,30.72422134733735
48166,30.72422134733735
48169,30.73030740262577
48170,31.047210204843147
48173,31.047210204843147
48174,31.04721295810446
48176,31.07470084528295
48177,31.07470084528295
48179,31.068614789994534
48181,31.068614789994538
48184,31.094141643560707
48186,30.91942184505356
48187,30.954727221534018
48188,30.599377605496404
48190,30.599377605496404
48191,30.444001297780936
48194,30.443730218247936
48197,30.544834994041885
48200,30.791015556473983
48201,30.68156862252295
48205,30.68156862252295
48207,30.75477462991495
48208,30.767370073204383
48212,30.76822724339579
48217,30.75477462991495
48218,30.915937330589042
48220,30.597074229457352
48222,30.597074229457352
48224,30.59818503079859
48226,30.399199576744042
48227,30.365977655857463
48231,30.707225784692262
48234,30.707225784692262
48237,30.70536105067956
48238,30.26316929615839
48239,30.26316929615839
48245,30.26316929615839
48253,30.27017373498603
48257,30.270173734986034
48258,30.262197548122977
48264,30.262197548122973
48266,30.26229264274365
48268,30.248631685016715
48270,30.22392172425477
48271,30.22392172425477
48273,30.00397461922535
48277,30.003974619225357
48280,30.003974619225357
48283,30.003974619225357
48285,30.022435715568363
48294,30.041581856182162
48296,29.8215795807174
48297,29.8215795807174
48298,29.78506793348914
48299,29.789461082121953
48300,29.75222021444852
48306,29.752831431187207
48307,29.752831431187207
48308,29.752831431187207
48309,29.579586309908468
48310,29.574666472374766
48311,29.57466647237477
48317,29.57466647237477
48321,29.57466647237477
48322,29.44481672645906
48323,29.44481672645906
48325,29.45308169259482
48326,29.45308169259482
48330,29.45308169259482
48332,29.44488199974476
48337,29.44488199974476
48338,29.44488199974476
48339,29.517407155498447
48344,29.517407155498447
48346,29.35724696245652
48349,29.31268569120078
48351,29.92990526612587
48353,29.097549240784
48354,29.096399401248856
48355,28.62721442272456
48356,28.603515034245394
48360,28.603515034245394
48364,28.603929138248542
48366,28.515391234610473
48367,28.568131912657503
48368,28.487447048234575
48372,28.44974002502724
48374,28.2672066954528
48375,28.25814382514116
48377,28.25814382514116
48380,28.25814382514116
48382,28.390766044231533
48383,28.037976863678974
48390,28.037976863678974
48395,28.037976863678974
48399,28.037976863678974
48402,28.045990177139732
48404,28.04599017713973
48405,28.04599017713973
48413,28.04599017713973
48414,28.128199793858162
48415,28.128199793858162
48416,28.205812900570436
48419,28.761226424457224
48420,28.761226424457224
48422,28.38966798506842
48432,28.389667985068417
48433,28.389667985068417
48434,28.38714402990493
48435,28.399986190416275
48437,28.399067240468383
48438,28.39906724046838
48439,28.884459309106706
48441,30.20952162005322
48444,30.212590217385877
48445,30.212590217385877
48446,29.900342569839985
48447,29.900342569839985
48450,29.900342569839985
48452,29.900342569839985
48455,29.900342569839985
48456,29.900342569839985
48460,30.03960940055655
48462,30.046331957612963
48466,29.77516006290484
48468,30.2333993339572
48469,30.2333993339572
48470,30.319778960121702
48472,30.324673402804635
48474,30.292323170350084
48480,30.512834887881688
48481,30.65513590533417
48482,30.626438286437512
48483,30.626438286437512
48484,30.63202545497852
48487,30.93816206560474
48489,30.69535247837886
48491,30.695417005076646
48492,30.695417005076646
48493,30.695417005076646
48494,30.695417005076646
48497,30.695417005076646
48501,30.81497924233066
48502,31.19032192566337
48505,31.148388958359106
48506,31.822500191186734
48509,31.8118543479278
48512,31.8118543479278
48516,31.23507459532054
48517,31.461070850819404
48518,31.461070850819404
48520,31.461070850819404
48523,31.332265573360836
48526,31.297310239538515
48527,31.29731023953852
48529,31.296980278780918
48532,31.009041792099364
48533,31.037838849109928
48534,30.90057469567717
48535,30.90057469567717
48537,31.40990056883082
48538,31.427628494365123
48539,31.427628494365123
48541,31.427628494365123
48542,31.427628494365123
48543,31.427628494365123
48544,31.427645516564404
48547,31.43431801378385
48548,31.43431801378385
48549,31.43431801378385
48550,31.37482435697847
48551,30.756170533506072
48552,30.75397348019534
48554,30.73624555466104
48555,30.73624555466104
48556,30.73624555466104
48557,30.73624555466104
48558,30.753310591670466
48562,30.753310591670466
48565,31.07815610383419
48567,31.07815610383419
48568,31.07815610383419
48570,31.65242746287204
48573,31.652427462872044
48575,31.491770612509274
48577,31.491770612509274
48578,31.589583538936424
48580,31.589583538936424
48581,30.804095621815712
48585,30.809043952345384
48586,30.998671442592528
48587,31.361391916684305
48591,31.361391916684305
48592,31.361391916684305
48593,31.361391916684305
48595,31.361391916684305
48597,31.361391916684305
48598,31.03157003758691
48600,31.02792698231303
48601,31.028948899780346
48603,30.947593011926713
48608,30.947593011926713
48611,31.01339288722683
48612,30.98421272541608
48616,30.984043829090503
48620,30.984043829090503
48621,30.984043829090503
48622,30.984075026622538
48624,30.987664107966708
48626,30.987664107966705
48627,30.989280284702545
48630,30.7878717210872
48634,30.787871721087193
48637,30.82646621673145
48640,30.797419355879423
48646,30.623378401498194
48647,30.623958989740093
48648,30.505422613424056
48652,31.400392642307985
48655,30.999912706829726
48657,31.032857172595932
48660,31.295357662746596
48661,31.22104626784514
48662,31.23746223989104
48663,31.237462239891038
48665,32.43767901772498
48668,32.43767901772498
48669,32.43767901772498
48672,32.46654289491785
48675,32.46654289491786
48679,32.46949415814553
48682,32.46949415814552
48684,32.7981175663491
48688,32.7981175663491
48689,32.7981175663491
48692,32.7981175663491
48693,32.7981175663491
48697,32.7981175663491
48700,32.825442237932286
48702,32.825442237932286
48703,32.351653134183536
48704,32.27244914502526
48711,32.27244914502526
48712,32.27263688700793
48716,32.26153420939552
48718,32.43667434858007
48719,32.43667434858007
48721,32.43667434858007
48726,32.43667434858007
48729,32.43904071035317
48731,32.43929408199245
48732,32.30536577194301
48734,32.30746300253666
48736,32.30746300253666
48737,32.144252482534725
48738,32.21319341079917
48741,32.21319341079917
48746,32.08793681358766
48750,32.093442105179065
48752,32.093442105179065
48755,32.196068450233874
48761,32.196068450233874
48762,32.196068450233874
48764,32.24030566828606
48765,32.242039872077534
48766,32.242039872077534
48767,32.24851509001536
48768,32.24851509001536
48770,32.251433369056876
48771,32.232895146606815
48772,32.23289514660682
48778,32.23807079338698
48779,32.23776449489262
48783,32.30320210562961
48788,32.30320210562961
48793,32.18189355044015
48798,32.181893550440144
48799,32.181893550440144
48800,32.181893550440144
48801,32.181893550440144
48802,32.34623637934553
48803,32.44241626897447
48804,32.36086580146018
48805,32.35454700297228
48806,32.35454700297228
48808,32.39022122912655
48811,32.36378050992964
48813,32.34415681513183
48815,32.3441566266555
48818,32.41371115417164
48821,32.413711154171644
48822,32.413711154171644
48824,32.42173990092518
48826,32.42173990092518
48830,32.42173990092518
48838,32.42173990092518
48842,32.42174089335965
48846,32.42174089335965
48847,32.4267194337409
48848,32.35877295359143
48849,32.35877295359143
48851,32.62848846981092
48853,32.62848846981092
48854,32.62848846981092
48858,32.5849339773946
48865,32.65352412012635
48866,32.59176665669893
48870,32.59176665669893
48872,32.80234798529782
48874,32.80234798529782
48877,32.80234798529782
48879,32.78607230200914
48881,32.78607230200914
48884,32.78607230200914
48887,32.75234063687406
48890,32.75234063687406
48891,32.75234063687406
48893,32.75234063687406
48895,32.75234063687406
48896,32.75234063687406
48898,32.75234063687406
48902,32.665550189060504
48905,32.64556243685484
48906,32.64383705766512
48908,32.59918325183578
48910,32.59149436538189
48912,32.595940873561034
48913,32.595940873561034
48914,32.5994504321579
48917,32.5994504321579
48922,32.5994504321579
48923,32.07630259193063
48924,32.07630259193063
48930,32.07630259193063
48931,32.07630259193063
48932,32.072841874373054
48934,32.06615875859339
48935,32.0736228956844
48936,32.0736228956844
48938,32.0736228956844
48944,32.0736228956844
48947,32.0736228956844
48949,31.97145481383791
48950,31.973161181819023
48952,31.974673860621284
48958,32.0046556167149
48965,31.838471808261506
48970,31.80596533979938
48972,31.806756077426506
48977,31.806756077426506
48978,31.382826199864365
48979,31.226526506666918
48981,31.226526506666918
48983,31.003428441596036
48986,31.003428441596043
48989,30.99788068354543
48991,30.997880683545425
48993,30.965829244951298
48998,31.417080657617653
48999,31.317935182858143
49003,31.317935182858143
49004,31.318571539407024
49005,31.31692751728918
49006,31.316927866961326
49011,31.31692786696133
49012,31.083351485466682
49013,31.083351485466682
49014,31.28369830456712
49016,31.28369720117229
49018,31.28369720117229
49019,31.28517462584865
49020,31.28517462584865
49022,31.6264789932193
49027,31.6264789932193
49030,31.622305584220292
49031,31.570208484511788
49034,31.526012946004887
49039,31.52651809945571
49040,32.017010236313006
49043,32.03590730354387
49047,32.03590730354387
49049,32.254575090255855
49051,32.254575090255855
49052,32.25746607395874
49054,32.25746607395874
49055,31.347438888612636
49056,31.34743888861264
49059,31.308487926398474
49060,31.221923412935332
49061,31.221923412935332
49065,31.221923412935332
49066,31.230473811181188
49070,31.07604678220153
49071,30.39441892772918
49076,30.568883579637998
49081,30.57236266974168
49082,30.583379550701117
49083,30.58443276294717
49084,30.584432762947174
49085,30.584432762947174
49087,30.597191714898972
49090,30.469415817038932
49092,30.582628623672733
49096,30.59898601095287
49099,30.602737797744318
49101,31.061321285253598
49105,31.061321285253598
49106,31.061321285253598
49107,31.061321285253598
49108,31.061321285253598
49109,31.061321285253598
49111,30.816651168144602
49112,30.887502872798276
49115,30.887502872798276
49116,30.887315680503495
49117,30.943379806983803
49119,31.23356475238129
49121,31.056168318688503
49126,31.056168318688503
49128,30.996434996543584
49131,30.963736035524793
49138,30.963736035524793
49141,30.907881141666113
49145,30.901313372670888
49149,30.901313372670888
49150,30.914686371939627
49151,31.090733699238452
49152,30.91468637193962
49153,30.900551194867123
49155,30.684855273969543
49156,30.68485527396954
49157,30.472967719025856
49159,30.401039590276856
49160,30.401039590276856
49161,30.401039590276856
49163,30.42830563805209
49164,30.432632075402953
49170,30.401039590276856
49173,30.401935125789514
49185,30.40193512578951
49186,30.40193512578951
49187,30.40193512578951
49188,30.42161869712476
49191,30.42161869712476
49192,30.43188314774741
49194,30.066329555048757
49195,30.06854805300137
49197,30.06854805300137
49198,29.923986302567567
49199,29.962415713104136
49205,29.913498098452965
49207,29.988367681985235
49208,29.988367681985235
49211,30.099247319709047
49214,30.099247319709047
49217,30.099247319709047
49219,29.82460149896856
49220,29.825934873220003
49224,29.825378796067078
49229,29.802582741856657
49230,29.795178696269964
49233,29.793386091677924
49237,29.793386091677924
49241,29.776373284956918
49243,29.776373284956918
49245,29.776373284956918
49249,29.776373284956918
49252,29.7874701700407
49257,29.924874362578908
49261,29.924874362578908
49265,29.87050841086607
49272,29.872596854638047
49274,29.87259685463805
49286,29.872563097762015
49291,29.852093101900508
49292,29.852093101900508
49294,29.854536668727942
49295,29.854536668727942
49297,29.734239312148652
49299,29.91368417516061
49300,29.91368417516061
49304,29.599858368182286
49305,29.61127581406894
49306,29.528575482558647
49313,29.52783634810628
49316,29.538800178737056
49317,29.4762430130015
49321,29.476243021472563
49328,29.476243021472563
49330,29.476243021472563
49331,29.476243021472563
49332,29.361358899305404
49333,29.361358899305404
49335,29.361358899305404
49336,29.361358899305404
49338,29.361358899305404
49341,29.28235271803779
49346,29.28235271803779
49348,29.368904042301594
49349,29.347082348831687
49353,29.34708234883169
49355,29.34708234883169
49356,29.34708234883169
49357,29.347678114556395
49364,29.347678114556395
49369,29.347678114556395
49370,29.78517277702381
49373,29.78517277702381
49377,29.78517277702381
49379,29.78517277702381
49380,29.78517277702381
49381,29.78517277702381
49382,29.78517277702381
49383,29.665509694284722
49384,29.665509694284722
49387,29.68858816180383
49388,29.883118101457914
49392,29.883118101457914
49393,29.883118101457914
49394,29.883118101457914
49395,29.883118101457914
49398,29.802364548421668
49399,29.802364548421664
49402,29.802364548421664
49403,29.802364548421664
49405,29.802364548421664
49406,29.802364548421664
49407,29.802364548421664
49408,29.733254724052216
49413,29.790258318000802
49415,29.501357342143518
49416,29.501357342143518
49417,29.50361538136794
49418,29.533488764302557
49420,29.533725581215748
49422,29.80311749911661
49423,29.80206452832699
49426,29.80206452832699
49429,29.80206452832699
49432,29.773757600166206
49433,29.773757600166206
49439,29.914403370568348
49440,29.914403370568348
49441,29.743525080230718
49443,29.73210763434406
49445,29.732107634344064
49448,30.47868110788768
49451,30.45556622349133
49453,30.455575289650636
49455,30.16217007212833
49456,30.16217007212833
49458,30.26136260312236
49459,30.099808132860936
49461,29.98476300856476
49462,29.971309470495573
49465,29.971309470495573
49466,29.971309470495573
49467,29.971309470495573
49474,29.65579231835974
49476,29.636294319322413
49479,29.659919326311197
49483,29.723678405995603
49485,29.625244133015578
49486,29.625244133015578
49487,29.625244133015578
49488,30.015206861672187
49491,29.737961767655328
49498,29.738036500374683
49499,29.738036500374683
49500,29.738036500374683
49501,29.738036500374683
49502,29.739523502420024
49504,29.739523502420024
49506,29.690206813889187
49509,29.718208580641903
49516,30.052120406704024
49520,30.052120406704024
49522,29.811416850251632
49523,29.822930392311466
49524,29.822930392311466
49525,29.845763914959548
49526,29.811420031011348
49529,29.811420031011348
49531,29.811420031011348
49533,29.811420031011348
49534,29.92975292675854
49535,29.92940882557443
49536,29.91800250024743
49538,29.916208162526623
49544,29.923025465218952
49545,29.82433889544668
49551,29.824338895446676
49554,29.81458357638625
49556,29.81471691133115
49565,29.81471691133115
49568,29.994226848658712
49569,29.995858849098465
49571,29.82481297905629
49575,29.5004380595095
49576,30.093373716438705
49577,30.093373716438705
49578,30.093373716438705
49579,30.34174789481123
49581,30.52496747817594
49583,30.444067367229483
49585,30.444067367229483
49587,30.341036920435172
49590,30.361345059457264
49592,30.361345059457264
49595,30.36144617802275
49597,30.372329738675663
49598,30.373926494197715
49600,30.30610163510307
49601,30.31330577856159
49602,30.313204659996103
49604,30.3132046599961
49605,30.314550816380397
49608,30.314550816380397
49609,30.314550816380397
49611,30.314550816380397
49616,30.314550816380397
49617,29.9787977033246
49618,29.9787977033246
49620,29.9787977033246
49622,29.9787977033246
49623,29.80514735603569
49625,29.556188814084198
49628,29.556188814084198
49633,29.555840016185865
49635,29.555840016185865
49637,29.55584684615366
49638,29.56155162126742
49639,29.561551621267416
49640,29.57110149803968
49647,29.134770977219194
49648,29.134770977219194
49649,29.10100979970502
49650,29.10100979970502
49654,28.878728769162155
49656,28.783403126714415
49658,28.705686518510724
49660,28.705686518510724
49662,28.708359038736326
49667,28.708359038736326
49670,28.628184773250602
49673,28.628184773250606
49674,28.628184773250606
49677,28.432191922050315
49683,28.432191922050315
49684,28.432198071575993
49686,28.43219807157599
49687,28.437531537356158
49689,28.43121386925077
49690,28.431213869250765
49691,28.431213869250765
49695,28.431213869250765
49697,28.431213869250765
49702,28.431213869250765
49703,28.582007248599762
49704,28.582007248599762
49705,28.582007248599762
49708,28.582007248599762
49710,28.582007248599762
49717,28.582007248599762
49718,28.374933864021994
49720,28.374933864021994
49730,28.374933864021994
49732,28.381633536347458
49734,28.381633536347458
49735,28.384092696496502
49741,28.4898637996455
49749,28.827107913123516
49754,28.82580542585893
49755,28.788061429651158
49759,28.77042277204005
49763,28.740835704357927
49764,28.745033170585156
49765,28.741062104325486
49766,28.741062104325486
49767,28.68019504930012
49769,29.013700986137124
49770,29.013700986137124
49777,29.257850137982764
49779,29.257850137982764
49781,29.62996956268232
49782,30.048415876724334
49783,30.048415876724334
49785,30.048415876724334
49787,30.048415876724334
49788,29.261935968135475
49800,29.261935968135475
49806,29.261935968135475
49810,29.151518121114655
49811,28.921486539620485
49813,28.929143993776204
49815,28.931485722370226
49819,28.931485722370223
49820,28.85627228806548
49821,28.85627228806548
49823,28.85627228806548
49826,28.859773363229266
49827,28.85977336322927
49830,28.947535803670075
49831,28.947535803670075
49832,29.138629756944717
49841,28.83704902556466
49842,29.463921898787078
49844,29.463921898787078
49847,28.90835676136799
49853,28.90306600384489
49854,28.87358791596445
49855,28.892653389460673
49857,28.711380784370025
49858,28.557942413417045
49872,28.49079938945813
49878,28.49139214170837
49881,28.537856313578605
49883,28.416023853445704
49885,28.416023853445704
49889,28.329876251324624
49892,28.329876251324624
49898,28.329876251324624
49900,28.39224148837185
49902,28.0808783321118
49905,28.179716765681608
49906,28.30421984929389
49909,28.30705901795042
49912,28.158742233967274
49913,28.059627489832067
49914,28.05980163181464
49915,28.0523073990608
49917,27.85213880939068
49922,27.85213880939068
49925,28.19944335783005
49929,28.106632161977842
49932,28.106632161977842
49934,28.08143662992902
49935,28.081436629929016
49936,28.081436629929016
49937,28.043746863952556
49939,28.045300478791276
49941,27.724639430087528
49946,28.215514187166015
49948,27.980792796808053
49952,27.980792796808053
49955,27.980792796808053
49956,27.925712198458168
49959,27.912159500458948
49961,27.99119777859063
49962,27.99119777859063
49963,28.022537424280053
49964,28.022537424280053
49965,27.89136755213119
49966,27.8740535562239
49968,27.8740535562239
49969,28.038216316078472
49974,28.790455326880583
49980,28.790455326880583
49981,28.767992046747498
49982,28.63776052362797
49984,28.560160318611242
49985,28.560160318611242
49989,28.560160318611242
49991,28.49123974268974
49994,28.613501097916604
49995,28.613501097916604
49997,28.613501097916604
49998,28.614059244688573
49999,29.83726753955136
50000,29.83726753955136
50002,29.836111922272224
50004,29.836111922272227
50006,30.402149859579072
50008,30.402149859579072
50010,30.402149859579072
50011,30.402149859579072
50012,30.50786816750657
50013,30.50652201112227
50015,30.398019400595988
50016,30.398019400595988
50020,30.398019400595988
50021,30.398019400595988
50022,30.398019400595988
50025,30.398019400595988
50028,30.398019400595988
50033,30.398019400595988
50034,31.047579170872876
50035,30.83127185841899
50037,30.83127185841899
50038,30.83127185841899
50040,30.763595091632208
50041,30.763595091632208
50048,30.763595091632208
50053,30.759340059204725
50054,30.76049509219455
50057,30.70204451474605
50058,30.70204451474605
50059,30.82335595513301
50063,31.264182657311295
50064,31.264182657311295
50070,31.264182657311295
50071,31.187109593358606
50073,31.187109593358606
50074,31.187109593358606
50077,31.187109593358606
50081,31.207353940469403
50083,31.323559915702972
50084,31.323559915702972
50088,31.323559915702972
50090,31.078435374232733
50091,31.078435374232733
50092,30.99192975287081
50096,30.99192975287081
50097,30.99192975287081
50099,30.99192975287081
50100,31.04287673825001
50101,31.04287673825001
50103,31.04423459853731
50105,31.044234598537308
50106,31.216865956116266
50109,31.21704970278255
50110,31.218372889822767
50112,30.994411395746255
50114,30.997684558175347
50116,31.059554875372523
50117,31.059554875372523
50122,31.047440133135748
50123,31.085642410467276
50126,31.085642410467283
50127,31.085642410467283
50130,31.605790389415464
50131,31.605790389415464
50133,31.87796355323663
50136,32.917658126257834
50138,32.917723520215
50140,32.917723520215006
50141,32.917723520215006
50142,32.917723520215006
50144,32.917723520215006
50145,33.094668141529276
50147,32.6831589476463
50148,32.6831589476463
50149,32.44613683630285
50150,31.990345645895108
50151,31.990345645895108
50152,31.990345645895108
50156,31.990345645895108
50161,31.92789032196659
50169,31.777792193952106
50171,31.97146108238699
50173,31.988073739922548
50175,31.994089881032817
50176,31.994089881032814
50177,31.992561465670203
50182,31.853163849496763
50189,31.857086761527416
50190,32.125043222384186
50193,32.11957110567324
50194,31.999875295246724
50199,32.001735219213685
50205,32.001735219213685
50207,32.001735219213685
50209,32.00353635753589
50210,32.00353635753589
50213,31.693119117872293
50215,31.68909093974261
50220,31.716560763832707
50222,31.716560763832703
50223,31.736137640830997
50228,31.736137640830997
50229,31.948206814738246
50230,31.951647609963256
50233,32.05689795834476
50236,32.41224854624929
50239,32.688570749398004
50241,32.688570749398004
50242,32.688570749398004
50245,32.799946993158244
50246,32.799946993158244
50251,32.91031937689793
50258,33.118111835088676
50259,33.118111835088676
50263,33.118111835088676
50265,33.11703800304185
50268,33.11703800304185
50270,33.11703800304185
50274,33.11703800304185
50275,33.11703800304185
50276,33.11703800304185
50279,33.11703800304185
50280,33.11703800304185
50285,33.06523628538001
50290,33.06523628538001
50291,33.06523628538001
50292,33.06523628538001
50293,33.06523628538001
50296,33.06523628538001
50298,32.849466178614456
50301,32.849466178614456
50303,32.893405460338656
50304,32.893405460338656
50307,32.893405460338656
50314,32.893405460338656
50315,32.91258937797561
50317,32.86865009625141
50318,32.86865009625141
50321,32.86865009625141
50323,32.931563468332605
50328,32.9315634683326
50331,32.908818517659654
50334,32.908994505582974
50335,32.90907536413091
50340,32.930970555885125
50341,32.904678545571784
50342,32.906628115645084
50343,32.90662811564508
50344,32.98672245611978
50349,32.98816844797674
50350,33.17874887496726
50351,32.99763433392572
50352,32.99763433392572
50353,33.0174177022225
50355,33.017417702222495
50356,33.017417702222495
50357,32.70058089449798
50358,32.75279921735386
50359,32.70058089449799
50360,32.74501692456396
50362,32.743014450347054
50364,33.088025772320904
50365,33.53020376218327
50366,33.53020376218327
50369,33.53020376218327
50370,33.63028442093749
50371,33.47331095128534
50374,33.47331095128534
50377,32.631158546069244
50384,32.631158546069244
50385,32.49670128372753
50389,32.48376346120137
50390,32.483820970509825
50391,32.485236351738976
50395,32.332405322989906
50398,32.331659445644284
50405,32.331659445644284
50406,32.331659445644284
50409,32.346970229124395
50411,32.34697022912439
50412,32.06539350430776
50416,32.06539350430776
50417,32.06624336128887
50422,32.00528631718467
50423,32.00528631718467
50425,32.11093454005068
50426,32.10590470854604
50427,32.10590470854604
50440,31.995605525916286
50441,31.767139189650983
50442,31.768179148865887
50444,31.794555431905085
50450,32.021116681234766
50454,32.049084305739456
50458,32.049084305739456
50461,32.022316196277885
50462,32.09575744596662
50464,32.175437010110194
50465,32.154392236599335
50466,32.154392236599335
50468,32.025266053368206
50469,32.04175985400359
50477,32.00218955095697
50478,31.947876120102794
50480,31.94787612010279
50483,32.329662696565826
50484,32.329662696565826
50486,31.898783748826823
50490,31.900477325557393
50491,31.91922509724194
50492,31.160332214027775
50494,31.495161091257213
50497,31.37385253606775
50498,31.37385253606775
50510,31.39278720266177
50511,31.38268332984972
50514,31.382683329849723
50515,31.382683329849723
50518,31.382683329849723
50520,31.401742062275922
50521,31.401742062275922
50526,31.588492820666122
50527,31.588492820666122
50531,31.588492820666122
50532,31.55151886746331
50533,31.77069922520289
50536,31.77069922520289
50538,31.846202804238366
50539,31.55312159737032
50540,31.55312159737032
50541,31.55312159737032
50542,31.729202218039458
50543,31.729202218039458
50545,31.729202218039458
50549,31.729202218039458
50550,32.64697713652873
50553,32.64697713652873
50561,33.084197762759665
50562,33.084197762759665
50565,33.084197762759665
50570,32.94140309273229
50573,32.94147179936944
50574,32.57388111010542
50576,32.57388111010542
50579,32.57388111010542
50580,32.57390684620191
50581,32.53662983915758
50582,31.51286460945663
50585,31.512864609456628
50586,31.488496452653585
50588,31.488496452653585
50589,31.53275971466232
50590,32.01342916937298
50591,31.095483943178962
50598,31.095483943178962
50599,31.096280984482355
50600,31.018128028133802
50605,31.018128028133802
50608,31.299392187350236
50609,31.299392187350236
50611,31.299392187350236
50612,31.65200236379588
50613,31.662402739520306
50616,31.66533445111073
50617,31.66574535626983
50620,32.059497572529715
50623,32.059497572529715
50624,32.059497572529715
50625,32.059497572529715
50627,32.047211633999495
50628,32.05953651085773
50632,32.644958900497755
50633,32.644958900497755
50635,32.64504990081034
50638,32.626115234216314
50639,32.626115234216314
50641,32.626115234216314
50646,32.626115234216314
50648,32.626115234216314
50649,32.61146886603063
50652,32.739580496402596
50654,32.73929040176283
50658,32.7140296365362
50659,32.24893243895292
50660,31.91098777076596
50662,32.08455145184077
50663,32.084551451840774
50665,31.80417114069706
50670,31.80417114069706
50671,32.16060604464865
50675,32.16060604464865
50681,32.243330423650285
50683,32.243330423650285
50684,32.243330423650285
50685,31.97635659126573
50686,31.97635659126573
50688,31.87151943071011
50689,31.640854538135745
50698,31.428596137410853
50702,31.428596137410857
50704,31.428596137410857
50706,31.428596137410857
50709,31.428596137410857
50710,31.45369691207197
50712,31.46392304757287
50713,31.53655446586066
50715,31.465222075421455
50722,31.47530463293708
50725,31.475304632937075
50728,31.475304632937075
50730,31.475304632937075
50731,31.493332919400086
50732,31.971703083585822
50739,31.816068664404067
50742,31.873313490328908
50744,31.87331349032891
50745,31.87331349032891
50747,32.10294310960824
50750,32.10294310960824
50751,32.09457709940282
50752,31.85472134462259
50755,31.18696865823031
50756,31.374312254013386
50758,31.280835305406494
50761,31.27447152037221
50766,31.274471520372206
50768,31.326591998650443
50769,31.287279898709794
50773,31.274471520372206
50774,31.260712888658272
50775,31.262661851490368
50785,31.262661851490364
50787,31.254708018593305
50789,31.254708018593305
50790,31.263902333648065
50791,31.276506083414333
50792,31.276506083414336
50794,31.277332166499217
50795,30.60497608179636
50797,30.604976081796366
50799,30.620491038954437
50801,30.639049365240535
50802,30.639049365240535
50805,30.788059446322166
50807,31.243625796295483
50808,30.86125968949265
50812,30.63906204215782
50813,30.64198855302026
50815,30.64198855302026
50817,30.629138771406502
50819,30.6291387714065
50820,30.6291387714065
50821,30.6291387714065
50822,30.6291387714065
50824,30.900455294464702
50825,31.072091387343534
50826,31.072091387343534
50827,31.072091387343534
50828,31.072091387343534
50829,31.360753236555244
50830,31.43537116991285
50831,31.43537116991285
50832,31.43200521564116
50835,31.43200521564116
50836,31.441005778703662
50838,31.465914984186465
50842,31.465914984186465
50843,31.399576703042918
50853,31.399576703042914
50855,31.4073532569547
50858,31.43565606171316
50859,31.437184477075768
50862,31.43718447707577
50864,31.520582664415958
50867,31.48448563698773
50868,31.48448563698773
50873,32.01268594853028
50876,32.01268594853028
50877,32.03475879255249
50880,32.03475879255249
50881,32.00645598779403
50882,32.00645598779403
50888,32.00645598779403
50890,32.00645598779403
50893,32.00645598779403
50897,31.664081367156225
50898,31.664081367156225
50904,31.536483536440866
50905,31.536483536440866
50907,31.536703380116954
50909,31.51099082672745
50913,31.262698362723405
50914,31.338163261330585
50916,31.338163261330585
50919,31.36904884791313
50920,31.36904884791313
50922,31.372559998739465
50923,31.359956248973198
50924,31.359956248973198
50928,31.359956248973198
50930,31.359956248973198
50931,31.359956248973198
50934,31.147220083370446
50937,31.147220083370446
50938,31.147457622090005
50941,31.147457622090005
50942,30.481142172624608
50947,30.481142172624608
50948,30.3125569934941
50949,30.322209284930267
50950,29.898244509720215
50951,29.898244509720215
50952,29.898244509720215
50953,29.9061320723697
50955,29.90508899920529
50957,29.905088999205294
50958,29.905088999205294
50961,29.90487046367688
50973,29.904870463676883
50975,29.916644422467154
50976,29.9166524025788
50980,29.907997335171224
50982,29.907997335171224
50985,30.003143834516006
50986,29.984549784990232
50989,30.096307339040248
50993,30.096307339040248
50995,30.096307339040248
50996,30.096138226849096
51003,30.096138226849096
51007,30.102338595719964
51010,30.102338595719964
51011,30.107799549497624
51012,30.107799549497624
51014,30.107799549497624
51017,30.264163020121888
51026,30.255162457059384
51027,29.94331240451522
51028,29.903844871732957
51030,29.903852442706686
51032,29.90385244270669
51039,29.821354567395716
51040,29.821354567395716
51041,30.518665666005443
51042,30.518665666005443
51043,30.4490049456028
51046,30.449004945602802
51047,30.44921083963206
51048,30.44921083963206
51049,29.814930094671695
51053,29.827373218737986
51057,29.815239853403476
51058,29.815114060713075
51059,29.927810617333165
51060,29.927810617333165
51062,29.92974320157461
51063,29.2918552962713
51065,29.29260018990209
51069,29.29260018990209
51072,29.300643427308447
51081,29.30064342730845
51082,29.30064342730845
51084,29.300835773009762
51088,29.37687509374698
51091,29.376875093746982
51092,29.376875093746982
51095,29.641669747631205
51096,29.966084038075405
51101,29.966084038075405
51103,29.898106040207978
51106,29.998208684627485
51115,29.998208684627485
51116,30.179301578804754
51118,30.009124931549735
51121,30.014138853842947
51124,30.09496707536605
51127,29.667107104546453
51131,29.562848676080012
51135,29.587342345520888
51138,29.587375169259197
51140,29.587375169259197
51144,29.601707950075554
51148,29.601707950075554
51149,29.60175069102538
51150,29.602146476374713
51151,29.600487098625855
51154,29.799670003501372
51158,29.799670003501372
51159,30.2327652457392
51163,30.246761143297075
51165,30.239083428729014
51169,30.239083428729014
51170,30.239083428729014
51171,30.185420235546452
51172,30.185420235546456
51176,29.973112887881378
51178,29.973112887881378
51184,29.973112887881378
51188,29.973112887881378
51189,29.606603201273533
51190,29.60660320127353
51191,29.87772129182782
51192,29.93425096164867
51193,29.991095583195474
51196,29.991095583195474
51197,29.813795704159805
51205,29.849188100829327
51212,30.20544876379391
51218,30.261308554003158
51220,30.261308554003158
51221,30.261308554003158
51222,30.261412956830295
51224,30.267428378156243
51227,30.267557551492136
51231,30.267428378156243
51233,30.16507973596996
51234,30.16507973596996
51235,30.16507973596996
51236,30.155738111894255
51238,30.155738111894255
51239,30.17961717502918
51242,30.185985823168775
51244,30.18598582316877
51245,30.186114996504664
51247,30.1874721108383
51248,30.203537776731043
51249,30.203601073543723
51250,30.20360107354372
51253,30.20360107354372
51254,30.41682525808095
51257,30.41682525808095
51258,30.15757762637743
51262,30.15757762637743
51265,30.15757762637743
51268,30.51057742289975
51269,30.51057742289975
51271,30.51057742289975
51272,30.51057742289975
51274,30.531740033486518
51275,30.517776761101008
51281,30.592373616948095
51282,30.592373616948095
51284,31.004764966700925
51290,31.004451610375536
51293,31.004451610375536
51294,31.004451610375536
51295,31.207070140902477
51303,31.207070140902477
51304,31.26106278811889
51310,30.841084590379587
51312,30.84108459037959
51316,30.84130000643254
51319,30.848494425749184
51320,30.848494425749184
51321,30.85473214356625
51322,30.861313550891467
51323,30.861313550891467
51324,30.967582153690202
51326,30.679996430276866
51327,30.67999643027687
51328,30.087414677781137
51329,30.087414677781137
51333,30.098004758499986
51335,30.10316478731263
51337,30.039134473918814
51339,30.039264239336585
51341,30.039264239336585
51343,30.03268009009506
51349,30.208121929053934
51353,30.3294961860685
51354,30.49499681291718
51355,30.494967749253387
51358,30.494967749253387
51360,30.494967749253387
51362,30.579252328889854
51364,30.54629745512913
51367,30.440164129981305
51368,30.440164129981305
51370,30.602816901094364
51371,30.65736769713197
51372,30.66551701001886
51373,30.65736769713197
51377,30.657485107922177
51378,30.657355342504413
51379,30.448480565249035
51382,30.192676047108296
51383,30.192676047108293
51387,30.106654526879858
51389,29.96204523593676
51394,29.944001755766806
51398,29.921258058021273
51400,29.921258058021266
51405,29.79255686833655
51407,29.378353592216815
51408,29.3258621251558
51411,29.3258621251558
51414,29.255041439702946
51419,29.25563325151179
51420,29.48847967339041
51422,29.48847967339041
51424,29.48847967339041
51427,29.614139385679486
51428,29.61413938567949
51430,29.425188578450832
51431,29.481886252965765
51433,29.481886252965765
51437,29.371785391057088
51439,29.371785391057088
51444,29.731218099771734
51446,29.4514433947864
51448,29.45144339478639
51450,29.292323853823557
51453,29.292323853823557
51456,29.299874598747657
51457,29.46099984488239
51458,29.46099984488239
51459,28.96843964129067
51460,28.96843964129066
51461,28.968714897189912
51463,28.96871489718991
51464,28.96871489718991
51470,28.96871489718991
51471,28.96871489718991
51473,28.96871489718991
51476,28.973022011082804
51479,28.97446671887662
51483,29.118191382831462
51484,29.11819138283146
51489,29.11819138283146
51490,29.11897331008498
51492,29.148226576930345
51497,29.148226576930345
51502,29.4176519267685
51506,29.4176519267685
51507,29.376474258281956
51510,29.376474258281945
51514,29.376474258281945
51516,29.116227000579748
51517,29.116227000579748
51520,29.120951691627358
51521,29.13206075152099
51523,29.13206075152099
51525,29.120914283809334
51527,29.120914283809334
51530,29.120914283809334
51533,29.120914283809334
51536,29.125307227886502
51537,29.125307227886502
51538,29.122288713763574
51539,29.122288713763574
51540,29.122288713763574
51541,29.043125516193147
51542,29.045813879005408
51553,29.04581387900541
51555,29.04581387900541
51556,29.053912575883874
51557,29.312548311411323
51559,29.312548311411323
51561,29.344292017764555
51562,29.42082941852217
51564,29.42082941852217
51565,29.360360917936607
51566,29.360360917936603
51568,29.246119881342544
51569,29.11546375140458
51573,29.11546375140458
51575,29.11546375140458
51576,29.11546375140458
51580,28.94273865696017
51585,28.898067080469268
51587,28.87047120748015
51590,28.91849400193202
51594,28.91849400193202
51596,28.93140190830143
51601,28.86228075416459
51604,28.86228075416459
51605,28.86228075416459
51606,28.86228075416459
51610,28.86228075416459
51614,28.86228075416459
51618,28.717374663569267
51619,28.67878468788259
51621,28.678784687882594
51622,28.678784687882594
51624,28.674391743805426
51628,28.674391743805426
51631,28.674391743805426
51635,29.00631255034447
51636,29.17274776305179
51642,29.151218640939796
51644,29.100665704547307
51647,29.142104549139454
51648,29.118225486004533
51651,29.118225486004533
51653,29.118225486004533
51656,29.10983048182955
51661,29.109830481829555
51662,29.10617683346684
51665,29.42416970173872
51671,29.42416970173872
51673,29.39930186876196
51678,29.39991048851669
51679,29.399910488516685
51680,29.399910488516685
51681,29.399910488516685
51682,29.407265236516494
51684,29.141310785871376
51686,29.141310785871376
51688,29.190416454477926
51689,29.190416454477926
51690,29.141310785871376
51692,29.141310785871376
51694,29.2267952326186
51696,29.2267952326186
51697,29.217208608649297
51698,29.4068727069254
51701,29.416459330894707
51703,29.416459330894703
51704,29.416459330894703
51705,29.435776630990382
51706,29.458003995378114
51707,29.48277811963087
51708,29.48277811963087
51709,29.48277811963087
51710,29.48277811963087
51711,29.467601931256823
51713,29.467601931256823
51715,29.466725915297296
51716,29.466725915297296
51718,29.466725915297296
51719,29.467457008257302
51722,29.46760098913083
51723,29.46000102955146
51725,29.46000102955146
51726,29.46000102955146
51729,29.50390611600143
51731,28.847898486649395
51732,28.872083929412003
51733,28.977048760195263
51736,28.99541712894706
51743,29.01846271090995
51744,29.018462710909947
51745,28.99393901667848
51747,28.887676650140165
51748,28.889478855511747
51749,28.73300504759452
51751,28.6374435168108
51752,28.63727281818169
51756,28.63837584336714
51757,28.661432804030227
51758,28.661432804030227
51760,28.661432804030227
51764,28.56079943976489
51766,28.56079943976489
51767,28.562318272883076
51770,28.783413817654214
51771,28.783413817654214
51772,28.842924718358187
51773,28.842924718358184
51780,28.842924718358184
51782,28.465168653481822
51783,28.35145803177669
51785,28.355114936666954
51786,28.355114936666954
51788,28.36632327415862
51789,28.366323274158624
51790,28.366323274158624
51791,28.366323274158624
51802,28.366323274158624
51804,28.196752430834014
51806,28.2042701806713
51809,28.2042701806713
51810,28.19437480604615
51811,28.173513562667015
51814,28.149328119904407
51816,28.151082589045902
51818,28.120578454835886
51824,28.115256843295963
51831,28.120116843457925
51834,28.12011684345793
51835,28.12011684345793
51840,28.12011684345793
51841,28.14211084494803
51843,28.12011684345793
51844,28.14737491160617
51847,28.161536954577436
51850,28.161536954577436
51855,28.168287425669995
51856,28.168287425669995
51859,28.313752393083135
51860,28.762427285554192
51862,28.762427285554192
51864,28.762427285554192
51872,28.762427285554192
51873,28.818804952927117
51874,28.81880637616212
51876,28.818806376162115
51878,28.818806376162115
51879,28.818806376162115
51881,28.818806376162115
51882,28.951470817710856
51885,28.951470817710856
51887,28.71834555442434
51902,28.78750650943306
51906,28.784304255732874
51909,29.344041155116248
51911,29.351731740169754
51912,29.351731740169754
51915,29.351731740169754
51917,29.351731740169754
51918,29.351731740169754
51919,29.351731740169754
51920,29.037716119854334
51921,29.004876246706004
51923,29.006285349284344
51924,29.006285349284344
51927,29.104186231519474
51933,29.104186231519474
51934,29.120326071064458
51935,29.120326071064458
51937,28.938157554514845
51940,28.934754405043744
51942,28.847930753008047
51944,28.641185090331735
51946,28.64118509033173
51947,28.71286169405918
51948,28.71286169405918
51952,28.713032008430872
51958,28.713032008430872
51959,28.374734172975316
51961,28.374734172975316
51964,28.366991057938996
51968,28.366991057938996
51969,28.32722648009478
51972,28.315355971482912
51978,28.352667634911402
51979,28.352667683971358
51983,28.428513138456488
51986,28.847940478847285
51989,28.847940478847285
51991,28.847940478847285
51992,28.661320321739044
51993,29.35316417413236
51994,29.35316417413236
51997,29.13760050942991
52001,29.137600509429916
52003,28.991628253993547
52010,28.991628253993547
52013,28.991638217449225
52014,28.99163821744923
52018,29.001953969039857
52020,29.00195396903986
52022,29.00195396903986
52024,29.30756697614219
52025,29.30756697614219
52026,28.451296315981107
52033,28.45194047513612
52037,29.097470100163893
52038,29.121969510284583
52039,29.461116725723738
52042,29.461116725723738
52044,29.461116725723738
52047,29.21594979414062
52048,29.127249225696087
52051,29.127249225696087
52053,29.045742872074353
52054,29.045742872074353
52055,29.045742872074353
52056,28.495844646792797
52057,28.495844646792797
52059,29.04920912663023
52060,28.600556285389775
52065,28.84865153491132
52068,28.85025464304545
52069,28.85025464304545
52070,28.85025464304545
52073,28.85025464304545
52077,28.85025464304545
52080,29.023255851256827
52081,29.088032620044316
52083,29.088032620044316
52087,29.088032620044316
52092,29.088032620044316
52094,29.088032620044316
52095,29.077867433517508
52097,29.292431678584887
52099,29.07865417687006
52101,29.49594255588283
52102,29.49594255588283
52105,29.49594255588283
52107,28.901525090831704
52110,28.9015250908317
52111,28.9015250908317
52114,29.00413990623754
52115,29.043139306081336
52121,29.043139306081333
52126,29.043139306081333
52129,29.043139306081333
52132,28.979438489542098
52137,29.232620961718556
52147,29.777071663787837
52150,29.451406179436688
52156,29.445927402966966
52157,29.426681642581617
52162,29.426681642581613
52169,29.426681642581613
52171,29.30994201499222
52175,29.309942014992224
52178,29.313312822378656
52180,29.2149571095299
52185,28.95119000502531
52186,28.97091410467234
52188,28.993234113593918
52191,29.16980473449933
52193,29.583042567274276
52195,29.90615618489814
52196,29.90615618489814
52202,29.90615618489814
52207,29.719151574696934
52208,29.666465018107978
52210,29.668541782714982
52212,29.605810321672962
52213,29.92055699821551
52214,29.92055699821551
52218,29.653841570311723
52221,29.372303215207243
52222,29.372303215207243
52224,29.372303215207236
52227,29.37284849824909
52228,29.37284849824909
52229,29.37284849824909
52230,29.37295528338939
52231,29.384176942010996
52233,29.38417694201099
52234,29.923910015045294
52235,29.938399338980563
52236,29.866567601758753
52240,29.867318939236068
52241,29.867318939236082
52242,29.867318939236082
52243,29.867318939236082
52244,29.883458778781065
52246,29.883458778781065
52248,29.972038992602286
52249,29.972038992602286
52252,30.457949522418744
52253,30.540314551916783
52257,30.540314551916783
52258,30.45799489710804
52261,30.471536141839923
52262,30.452621681749182
52264,30.432897582102154
52274,30.43244701897558
52277,30.432447018975576
52278,30.463279312385446
52280,30.463279312385446
52281,30.514057611206013
52291,30.514057611206013
52292,30.514057611206013
52296,30.514071276127744
52297,30.514071276127744
52301,30.51471281964086
52303,31.09112760758178
52305,31.07664325970317
52306,31.07664325970317
52307,31.25281123301202
52308,31.283361437202803
52309,31.283361437202803
52310,31.283361437202803
52312,31.283361437202803
52314,31.036107241552184
52315,31.11353779582256
52321,31.036107241552184
52323,31.03723910060577
52327,31.03723910060577
52328,31.03723910060577
52334,31.03723910060577
52335,31.058484143978408
52336,31.048386447440766
52338,31.070592603096724
52340,31.07066968571906
52341,31.070669685719057
52342,31.074039447569653
52344,31.07403944756965
52348,31.074044156352087
52352,31.07404415635209
52353,31.07404415635209
52354,31.07404415635209
52355,31.07404415635209
52361,31.07404415635209
52362,31.142175678840132
52366,31.142175678840132
52369,31.279580262281605
52370,31.279571062847587
52371,31.279571062847587
52375,31.281510070497358
52376,31.236205025679084
52378,31.236205025679084
52381,31.236205025679084
52382,31.28146633803272
52384,31.309116848961228
52391,31.309116848961228
52394,31.12379670788931
52396,31.128792149571513
52397,30.974347265142246
52400,30.974347265142246
52401,30.97612715078423
52409,30.951559637669558
52410,30.951482555047214
52413,30.951425605523163
52417,30.777101166307904
52418,30.7826478590617
52424,30.631583951574303
52425,30.662688109609405
52427,30.663748983056895
52428,30.663748983056895
52430,30.663748983056895
52431,30.663748983056895
52432,30.690175635892764
52434,30.6880441196439
52438,30.688044119643905
52439,30.688044119643905
52442,30.688044119643905
52448,30.60615655125024
52450,30.570098621886668
52451,30.511715266492544
52452,30.57177089167435
52454,30.134810364858147
52457,30.135099882304072
52460,29.861662672084645
52463,29.861662672084645
52465,29.772572274321575
52466,29.77257227432158
52467,29.775699838986178
52468,29.775699838986174
52477,29.775699838986174
52480,29.856849325663642
52487,29.775699838986174
52488,29.775699838986174
52490,29.669346499394834
52491,29.669346499394834
52492,29.368343347377124
52493,29.368343347377124
52496,29.410923051864962
52497,29.41092305186496
52499,29.550954490537592
52500,29.642701309956532
52502,29.787279346398403
52503,29.840537271729758
52504,30.07745893327308
52505,29.982506274082592
52508,30.102518585799405
52511,30.10251858579941
52514,30.52455788822337
52515,30.52455788822337
52520,30.52455788822337
52521,30.52455788822337
52526,30.123221745368674
52529,30.12263283220724
52532,30.12263283220724
52533,30.12263283220724
52537,30.12263283220724
52538,30.12263283220724
52541,29.95933815304633
52545,29.95933815304633
52549,29.948430707495888
52556,29.98180467888569
52557,30.142594476273537
52559,30.142594476273537
52560,30.142594476273537
52566,30.147639086228583
52569,29.78204547315903
52574,29.78204547315903
52575,29.78204547315903
52576,29.777000863203984
52578,29.777000863203984
52579,29.82374449218619
52580,29.82374449218619
52581,29.902005988700193
52582,29.904543047985257
52583,29.823744492186197
52584,29.86949398152314
52586,29.67326505362115
52590,29.581978518699376
52593,29.581978518699376
52595,29.656627536574323
52596,29.656627536574323
52601,29.86022072036967
52607,29.805059573733548
52608,29.81004662545467
52610,29.81004662545467
52611,29.81004662545467
52612,29.81004662545467
52615,29.74651818925116
52616,29.746684586240754
52617,29.356934555766824
52618,29.356934555766824
52619,29.377269610630954
52620,29.384345742621772
52621,29.384345742621772
52622,29.565881959566354
52624,29.565881959566347
52629,29.38824393698767
52631,29.410951585506186
52633,29.410951585506186
52634,29.410951585506186
52635,29.447259070942394
52637,29.695602282839392
52638,29.56369403693563
52640,29.563694036935633
52641,29.563694036935633
52643,29.563694036935633
52644,29.286190731787073
52647,29.41809897769084
52648,29.617956611610687
52653,29.66793221380507
52655,29.833518982131483
52657,29.834831275831387
52663,29.850656428548156
52664,29.850656428548156
52666,29.850656428548156
52667,29.953537701563533
52669,29.953537701563537
52674,29.9905973566818
52677,29.9905973566818
52685,30.29138377701179
52687,30.29138377701179
52691,30.603449041561934
52696,30.603449041561923
52697,30.603449041561923
52698,30.603441313145197
52703,30.603441313145197
52707,30.404812292753565
52708,30.703504886112476
52710,31.879856162768803
52712,32.01053738165414
52714,32.01053738165414
52721,32.01053738165414
52722,31.935888363779192
52723,31.935584744731614
52726,31.712044077627617
52728,31.604988109135228
52736,31.676583301492485
52738,31.676583301492485
52740,31.39630615667441
52745,31.39630615667441
52749,31.398987680240594
52752,31.39898768024059
52757,31.39898768024059
52758,31.39898768024059
52759,31.39898768024059
52760,31.395058832429598
52765,31.405330014556963
52766,31.835292583387304
52767,31.809308390952857
52771,31.584932916756195
52772,31.584932916756195
52773,31.584932916756195
52775,31.584932916756195
52779,31.584932916756202
52783,31.584932916756202
52784,31.58517853044741
52785,31.374536827163332
52788,31.354600424796462
52793,31.356538920655993
52794,31.356538920655996
52795,31.356814914325323
52796,31.37507403276981
52798,31.41738810266
52799,31.37507403276981
52800,31.339469152036497
52810,31.292557901461397
52811,31.29410672692823
52815,31.32274651891494
52817,31.322746518914943
52819,31.298028110160136
52820,31.298028110160136
52822,31.24625130752706
52823,31.06659889865976
52824,31.06659889865976
52826,31.059272653255494
52829,31.079522834805537
52831,31.110665234089232
52834,31.110665234089232
52836,31.35676872768172
52837,31.35882889266078
52838,31.200271434959763
52840,31.200271434959763
52841,31.293488237881256
52842,31.293488237881256
52845,31.340773798897267
52846,31.47164656506473
52847,31.340773798897267
52848,31.298995951380093
52853,31.292362221044225
52855,31.292362221044225
52859,31.292260963336602
52860,30.99194910214226
52863,30.99194910214226
52865,30.95702184296419
52866,30.928346979612876
52871,30.899378961018257
52874,30.899378961018257
52877,30.899378961018257
52884,30.899378961018257
52885,30.899378961018257
52892,30.920030259044836
52897,30.990276750281772
52901,30.990276750281772
52902,30.985055093380605
52904,30.98280286760234
52908,30.982802867602345
52909,30.982802867602345
52910,30.461238713480792
52911,30.461238713480792
52912,30.461238713480792
52913,30.513040093124552
52917,30.690234241784797
52919,30.690234241784797
52921,30.692190112408635
52923,30.842196285572587
52930,30.84219628557259
52933,30.84219628557259
52936,31.275851596004145
52937,31.265174963445673
52938,31.265174963445677
52939,31.265360629596923
52940,31.265793125490955
52941,31.26574176770401
52944,31.18876063486161
52946,31.197128316730975
52949,31.197128316730975
52950,31.224416110923972
52955,31.224416110923972
52956,31.07440993776002
52963,31.07440993776002
52965,31.277649272216134
52968,31.256790360638703
52969,31.2567903606387
52970,31.037386173330443
52971,31.03795788274002
52972,31.063072192458286
52974,31.06307219245829
52977,31.041087889069022
52978,31.08511371104254
52979,31.029680195188373
52983,31.04307046260066
52986,31.04307046260066
52988,31.074568547046283
52991,31.10625344321874
52993,31.106545253834533
52995,31.222946790327775
52996,31.221478894871552
52999,31.18247704354227
53002,31.18247704354227
53004,31.088426263036354
53007,31.088426263036357
53010,31.089210898051462
53011,31.089210898051466
53012,30.995604410256874
53020,30.995604410256874
53022,30.99523318672631
53026,31.385258216536148
53029,31.385080826330785
53031,31.350690654482456
53032,31.40277712073787
53033,31.40277712073787
53039,31.40277712073787
53040,31.656089353143255
53041,31.656089353143255
53046,31.656089353143255
53053,31.563916705153503
53055,31.563916705153503
53059,31.564383679254224
53060,31.527427845395934
53061,31.408150265990223
53064,31.409533888671135
53065,31.228118445206338
53066,31.25899922044334
53072,31.25899922044334
53073,31.26347501816932
53074,31.263617256895024
53076,31.263617256895028
53077,31.263617256895028
53078,31.263617256895028
53080,31.263617256895028
53082,31.263617256895028
53084,31.263617256895028
53088,31.263617256895028
53090,31.263617256895028
53092,30.322027660249713
53095,30.321054708783617
53096,30.321054708783617
53097,30.37909556053322
53099,30.37909556053322
53100,30.37909556053322
53102,30.377422055990394
53103,30.651526105679338
53107,30.651526105679338
53108,30.651526105679338
53109,30.694516258778478
53114,30.694699733393193
53117,30.620441321207075
53123,30.590889135384685
53126,30.595523870962943
53133,30.471153636654197
53135,30.471153636654197
53137,30.257896810661194
53138,30.257896810661194
53144,30.4657480914494
53148,30.4657480914494
53149,30.25767672872662
53150,30.257842630639086
53151,29.734014651450654
53152,29.731244121267856
53159,29.731244121267856
53161,29.797872617715747
53166,29.696024324980048
53168,29.754589049716373
53171,29.632987168376623
53175,29.77643060912382
53180,30.02417863262532
53181,30.10260002357573
53184,30.111073487770692
53185,30.111073487770692
53194,30.113569397916063
53195,30.113569397916063
53197,29.95486320118642
53199,29.956922980544824
53200,29.95692298054482
53206,30.185530668206844
53207,29.95692298054482
53215,30.267482945719436
53216,30.267482945719436
53218,30.267482945719436
53219,30.65885913255906
53228,30.65985919704363
53232,31.027264775071284
53233,31.027264775071284
53236,31.027264775071284
53238,30.786936342387406
53240,30.72957447579746
53243,30.72957447579746
53245,30.686481595788834
53247,30.68099045972418
53249,30.678803260954346
53253,30.686875450852497
53256,30.686875450852497
53258,31.049762380500987
53263,31.040655238809183
53265,31.080856140439057
53266,31.080856140439057
53269,31.080856140439057
53280,31.08042576163811
53281,31.08042576163811
53287,31.070598274866594
53289,31.071044327481587
53294,30.968880142908272
53299,30.968880142908272
53302,31.13628743574322
53304,31.136296673335792
53305,31.136296673335792
53309,30.974031928823063
53314,30.971873804167522
53317,30.818613682014142
53319,30.818613682014142
53330,30.69908502132368
53332,30.902773393445305
53335,30.90286439375789
53336,30.902864393757888
53339,30.96504496234044
53340,30.96865837032909
53342,31.36944567603963
53343,31.36944567603963
53346,30.96865837032909
53347,30.984795977702884
53348,30.984795977702884
53351,30.984795977702884
53352,30.984795977702884
53365,30.935380553786853
53367,30.935380553786853
53368,30.954188737772103
53371,30.954188737772103
53372,30.954188737772103
53377,30.954188737772103
53378,30.954188737772103
53380,30.954188737772103
53381,30.954188737772103
53386,30.9355483099921
53391,30.9355483099921
53392,30.9355483099921
53393,30.9355483099921
53395,30.543346995907257
53396,30.65204520952128
53397,30.65204520952128
53403,30.93482080265813
53404,30.924569073717148
53405,30.87541639749285
53406,30.885635714766458
53412,30.886307093439402
53413,30.886307094929467
53416,30.886307094929467
53418,30.889126064659035
53419,30.902337263350496
53422,30.902337263350493
53423,30.902337263350493
53424,30.90236707774005
53425,30.90236707774005
53428,30.902495846258745
53436,30.889284647567287
53438,30.894919083158143
53439,30.866855947183016
53440,30.866727178664313
53442,30.866727178664316
53444,30.866727178664316
53448,30.864968543640817
53450,30.866944280863773
53452,30.65346839322421
53454,30.65346839322421
53455,30.65346839322421
53457,30.651492656001253
53458,30.651492656001253
53459,30.644450311974065
53461,30.644450311974065
53471,30.644450311974065
53478,30.644450311974065
53479,30.644450311974065
53481,30.644450311974065
53494,30.644450311974065
53495,30.644450311974065
53496,30.62147511876678
53498,30.62477580434633
53500,30.62147511876678
53501,30.296240307135726
53504,30.52476086732554
53507,30.52476086732554
53509,30.52476086732554
53520,30.622346708199824
53528,30.629811326678883
53531,30.63367303720325
53536,30.664305280187055
53537,30.67101534191647
53541,30.67101534191647
53548,30.67101534191647
53550,30.67429630771932
53553,30.583445780809914
53555,30.732485763673253
53559,30.79568283666311
53567,30.79568283666311
53570,30.709915889292034
53571,30.709915889292034
53573,30.709915889292034
53575,30.599571402311746
53581,30.600597220170243
53584,30.5409762829456
53589,30.5409762829456
53590,30.562342405921736
53592,30.821538817514618
53599,30.821538817514618
53603,31.036059805896702
53608,31.036059805896702
53612,31.03647390989985
53615,30.644111322407365
53616,30.727206900893787
53617,30.727206900893787
53620,30.727206900893787
53624,30.727206900893787
53625,30.730152845405545
53628,30.73119903154311
53631,30.731199031543106
53632,30.728253087031348
53641,30.71986928685365
53642,30.529834693867862
53643,30.529834693867862
53645,30.491875747899755
53648,30.49188641861033
53649,30.001981442598648
53650,30.007922950551187
53653,29.887221754192268
53655,29.887221754192268
53659,29.979358740308026
53662,29.99225592600358
53664,29.992255926003583
53665,29.992255926003583
53666,30.053803014881
53669,29.69828093314258
53670,29.69828093314258
53671,29.698601037020186
53674,29.69904810189415
53675,29.71553054357234
53676,29.735444334096403
53677,29.72561288829541
53680,29.72561288829541
53681,29.719373038120438
53682,29.719373038120438
53685,29.755757202651775
53686,29.755757202651775
53687,29.755757202651775
53688,29.755754415611786
53693,29.755754415611786
53694,29.993945565649415
53697,29.787378092896848
53699,29.787378092896848
53701,29.373078054058816
53702,29.376320783993336
53703,29.359468621232633
53704,29.334456557407346
53707,29.33715706676263
53712,29.336122346003606
53713,29.335701298520277
53717,29.335701298520274
53718,29.335701298520274
53728,29.389314614685436
53730,29.297024918917128
53733,29.354698018457015
53736,29.354448264121192
53737,29.362082788261976
53738,29.422587923807033
53740,29.422587923807033
53741,29.53977723147324
53742,29.53977723147324
53743,29.166407473522074
53745,29.173793650681464
53749,29.173793650681464
53751,29.173793650681464
53752,29.175877188623907
53756,29.175877188623907
53757,29.175877188623907
53761,29.147928518751886
53773,29.129823830403453
53775,29.130867878790703
53776,29.106807778155357
53782,29.106807778155357
53785,29.138401197096602
53787,29.106807778155357
53792,29.094164383730952
53795,29.094164383730952
53800,29.094164383730952
53801,29.094164383730952
53803,29.09501967200396
53808,29.0950671983528
53809,29.095067198352798
53811,29.104010393886544
53815,28.908747592492475
53818,28.908747592492475
53824,28.90877394084205
53826,28.90877394084205
53827,28.851326447328862
53833,28.851326447328862
53834,28.84684000368364
53836,28.848670869074834
53837,28.475431043861022
53844,28.475431043861022
53847,28.516102954915468
53848,28.51610295491547
53850,28.51610295491547
53854,28.51610295491547
53857,28.797754059599193
53858,28.797754059599193
53868,28.51214931324395
53872,28.517034311668805
53873,28.517034311668805
53877,28.50939978752802
53881,28.50939978752802
53888,28.51261680188098
53889,28.51261680188098
53893,28.51261680188098
53901,28.015813817663982
53908,28.015813817663982
53910,28.015813817663982
53912,28.015813817663982
53915,28.03918774642034
53917,28.03148339464643
53918,28.03148339464643
53927,27.908135060961275
53937,28.001515126911507
53939,28.050354909759406
53940,27.729406737870683
53943,27.729406737870683
53944,28.01255089433142
53946,28.01255089433142
53950,28.01255089433142
53952,28.54289564291821
53953,28.54289564291821
53956,28.54289564291821
53962,28.54289564291821
53963,28.54289564291821
53964,28.543164517781317
53965,28.55054718964752
53966,28.313616530318036
53967,28.28414080780169
53968,28.28414080780169
53970,28.270475993026665
53975,28.270475993026665
53979,28.316781981064995
53981,28.80348437935129
53984,28.812096481575484
53985,28.893602835197218
53986,28.893602835197218
53990,28.8349680445645
53991,28.8349680445645
53992,28.83500367613868
53993,28.835003676138676
53996,28.834780032351457
53998,29.15608154228822
53999,29.15506766102726
54001,29.15501238184127
54002,29.15501238184127
54007,29.209589437663926
54013,29.209589437663922
54014,29.219682939829827
54019,29.219682939829827
54021,29.061345226446146
54031,29.468273666130237
54034,29.468273666130237
54037,29.47384797480579
54038,29.450783846721997
54039,29.450783846721997
54040,29.450783846721997
54042,29.489094815007768
54045,29.489094815007768
54047,29.252331577971596
54049,29.252331577971596
54050,29.252331577971596
54054,29.252331577971596
54057,29.252331577971596
54058,29.27523883289592
54060,29.23994876316441
54073,29.09128806325186
54075,28.734748977711597
54081,28.765590373384764
54082,28.765590373384764
54091,28.77143444801841
54092,28.958679218324917
54093,28.958679218324917
54096,28.958679218324917
54100,28.956226510687074
54102,28.514465212417292
54104,28.514465212417292
54107,28.514465212417292
54112,28.485415229108984
54115,28.485415229108984
54116,28.485415229108984
54118,28.485415229108984
54120,28.290317416864635
54125,28.508856715906447
54133,28.556103593839616
54135,28.556103593839616
54136,28.556103593839616
54137,28.520402407636457
54139,28.520402407636457
54140,28.520402407636457
54143,28.216254829624067
54148,27.48098334896033
54150,27.309071950860197
54151,27.225156250239433
54152,27.290530317603174
54155,27.28735067800299
54161,27.31423669287748
54163,27.31423669287748
54165,27.18916917785736
54167,27.189169177857355
54168,27.31793260773264
54169,27.501674678836274
54174,27.52072696131752
54176,27.520726961317525
54177,27.520726961317525
54179,27.520726961317525
54180,27.520726961317525
54183,27.520726961317518
54187,27.520726961317518
54190,27.33825866085642
54192,27.338258660856418
54194,27.42015368609777
54196,27.42015368609777
54198,27.43127169048073
54200,27.509615491972934
54201,27.509615491972934
54202,27.510664190136385
54203,27.510664190136385
54204,27.748106699004413
54214,27.748106699004413
54216,27.748106699004413
54217,27.748106699004413
54220,27.502528962543145
54224,27.20458262952841
54226,27.214312482703892
54227,27.214312482703892
54234,27.214312482703892
54235,27.214312798877533
54236,27.32548625862971
54238,27.32548625862971
54239,27.32548625862971
54240,28.08469234203622
54242,28.08469234203622
54244,28.08469234203622
54245,28.08469234203622
54251,28.060474424329172
54254,28.11451426594496
54255,28.114514265944955
54257,28.114514265944955
54258,28.114514265944955
54263,27.355308182538447
54265,27.420256356449272
54266,27.420256356449272
54269,27.425319910382797
54272,27.364286289452878
54273,27.364286289452878
54276,27.393342718384357
54281,27.364286289452878
54286,27.364286289452878
54289,27.364286289452878
54290,27.364286289452878
54293,27.379071687787075
54295,27.379071687787075
54296,27.379010162299103
54300,27.379010162299103
54303,27.62698739104838
54304,27.62698739104838
54309,27.62698739104838
54310,27.6002960307058
54314,27.600296030705795
54317,27.671845687240015
54320,27.67184568724002
54321,27.67184568724002
54322,27.491953895777883
54326,27.49156992806942
54327,27.29745037012253
54334,27.29745037012253
54339,27.135452429984692
54344,27.18390190196315
54345,27.2131716147741
54346,27.14083016208328
54347,27.170111308913473
54351,27.150122889287626
54352,27.206802330877824
54359,27.20680233087782
54362,27.20680233087782
54370,27.17745554175549
54372,27.177455541755485
54374,26.60849216155432
54375,26.604719856296967
54378,26.604719856296963
54379,26.604719856296963
54383,26.604719856296963
54387,26.604719856296963
54389,26.604495927428378
54390,26.61391359893913
54391,26.657584913320452
54392,26.483625469563357
54395,26.489107175344103
54399,26.37758748439778
54403,26.37758748439778
54405,26.37758748439778
54409,26.37758748439778
54410,26.37758748439778
54411,26.37758748439778
54414,26.37758748439778
54417,26.37758748439778
54418,26.368963484802435
54420,26.374995516623418
54421,26.446418690053594
54422,26.5721335827774
54428,26.760324445878855
54429,26.760415958144154
54430,26.759238308898066
54431,26.781671305571606
54435,26.576845122329935
54436,26.363790220539418
54438,26.293284250672205
54439,26.293284250672205
54440,26.293284250672205
54444,26.292316474526586
54446,26.19228716456771
54447,26.656802522029263
54457,26.656802522029263
54459,26.656802522029263
54460,26.656802522029263
54463,26.656802522029263
54465,26.656802522029263
54468,26.742894759140082
54474,26.787937063080985
54477,27.068790060087007
54478,27.256185432101088
54483,27.56033367620958
54484,27.56033367620958
54485,27.33948250859653
54487,27.33948250859653
54488,27.33948250859653
54493,27.33948250859653
54494,27.33948250859653
54496,27.33948250859653
54497,27.339487037070032
54501,27.237449274948496
54504,27.237449274948496
54506,27.237449274948496
54507,27.30957267290094
54508,27.22202809362932
54510,27.22202809362932
54511,27.15707991971849
54513,27.11572271722162
54514,27.11572271722162
54515,27.11572271722162
54516,27.11572271722162
54522,27.11572271722162
54523,27.109805507945108
54524,27.109805507945108
54525,27.111207675629235
54526,26.774147996226475
54527,26.781732234545302
54528,26.78173223454531
54529,26.78173223454531
54530,26.78173223454531
54533,26.78173223454531
54534,27.17092296590541
54535,27.12181301872983
54536,27.12181301872983
54538,27.12181301872983
54540,27.103111653322248
54542,27.233547516263226
54543,27.233547516263222
54544,27.233547516263222
54546,27.260309142615142
54547,27.26030914261515
54548,27.38905864349261
54549,27.38905864349261
54553,27.36558791748265
54554,27.561711425113447
54561,27.638477102616534
54568,27.638477102616534
54572,27.638477102616534
54576,27.638477102616534
54577,27.592056697400558
54580,27.513110489734522
54582,27.364473439024064
54584,27.363950432921307
54589,27.596043364599616
54597,27.596043364599616
54598,27.596591093637652
54599,27.48476895452846
54606,27.48476895452846
54607,27.48476895452846
54608,27.71020984023867
54609,27.710209840238672
54610,27.513746767938372
54615,27.522989694961776
54616,27.763201940012777
54617,27.954538114450617
54624,27.954538114450617
54625,27.954538114450617
54628,27.804677787901984
54630,27.807105025606656
54631,27.807105025606656
54632,27.807105025606656
54636,27.807105025606656
54643,27.769678178299557
54647,27.73801518673975
54652,27.74403449403296
54653,27.74403449403296
54654,27.885211790700755
54656,27.885211790700755
54658,27.885211790700755
54665,27.886571370078098
54666,27.886571370078094
54667,27.7061150133763
54668,27.703201989546756
54669,27.703201989546756
54673,27.703201989546756
54677,27.703201989546756
54680,27.808262711639035
54681,27.865475174193367
54682,27.81710827201816
54683,28.330744943672805
54684,28.38568920130711
54687,28.489383367444592
54692,28.489383367444592
54693,28.489383367444592
54695,28.489383367444592
54702,28.489383367444592
54703,28.52533600572324
54704,28.525336005723243
54705,28.507316600893834
54710,28.502409955030267
54713,28.502409955030267
54714,28.472229018002995
54715,28.472229018002995
54716,28.26205961809722
54719,28.26205961809722
54721,28.269070596524642
54724,28.269105459755107
54727,28.196212941502715
54728,28.196212941502715
54737,28.19795417016846
54739,28.028973200068258
54740,28.031032970548555
54741,28.0203486942361
54744,28.074062477613545
54745,28.074271077305415
54748,28.096808889670996
54749,28.15748322892276
54762,28.096808889670996
54764,28.354044068222123
54766,28.63896009108449
54767,28.63896009108449
54775,28.63896009108449
54780,28.63896009108449
54781,28.63896009108449
54784,28.717102178140838
54785,28.717102178140838
54786,28.81963398842202
54789,28.75013182343007
54794,28.643671082170844
54796,28.799392580456374
54800,28.845338912110947
54807,28.845626983197793
54811,28.845664452934383
54814,28.926422636315042
54815,28.926554730681854
54818,28.923466444749792
54819,28.923466444749792
54826,28.96699392925257
54827,28.966993929252567
54828,28.873917735781042
54840,28.873917735781042
54841,29.41547855200375
54842,29.41547855200375
54846,29.41547855200375
54849,29.09669719301018
54850,29.09669719301018
54859,29.09669719301018
54861,29.09669719301018
54862,29.03064139356878
54863,29.03064139356878
54866,29.03064139356878
54873,29.55633580831398
54875,29.55633580831398
54876,29.55633580831398
54878,29.55633580831398
54881,29.55633580831398
54883,29.55633580831398
54885,29.55633580831398
54892,29.55633580831398
54893,29.55633580831398
54897,29.98245973131513
54899,29.98245973131513
54904,29.95980449202329
54906,29.959804492023295
54912,29.959804492023295
54915,29.98806720409413
54917,29.988067204094122
54920,30.045133333977102
54931,30.045133333977102
54933,30.045641620987155
54934,29.84981562063983
54937,29.892216442990392
54939,29.892216442990392
54941,29.939335296225075
54945,29.90740917850157
54946,29.892216442990392
54954,29.892216442990392
54955,29.64990844735563
54959,29.654587866526224
54960,29.66144207683015
54961,29.596560298940716
54962,29.69038184788498
54963,29.69038184788498
54968,29.69038184788498
54969,29.69038184788498
54978,29.70636608165277
54979,29.706366081652767
54981,29.716662360847053
54983,29.716662360847053
54985,29.717406412764856
54988,29.73792561060284
54989,29.75307397353236
54990,29.753073973532356
54993,29.753073973532356
54994,29.65496919894991
54998,29.65512619480198
54999,29.827934505242958
55000,29.799057658881825
55001,29.801453813599856
55003,29.8015430365419
55010,29.801543036541897
55015,29.801543036541897
55016,29.980618368158023
55018,30.05585311763394
55019,29.550500609741647
55020,29.21269336675287
55024,29.088147471823355
55028,29.18190795591826
55035,29.20118464373247
55041,29.201184743809005
55044,29.202855011467022
55045,29.21762352864684
55046,29.21920520753931
55047,29.19992851972509
55048,29.19992851972509
55049,29.035956032249164
55050,29.044558339402816
55052,29.163839638776114
55054,29.1474654206831
55055,29.1474654206831
55056,29.1474654206831
55057,29.187247066577278
55060,29.141816759826295
55063,29.13962485909194
55065,29.13772789972954
55066,29.13772789972954
55067,29.13772789972954
55068,29.21906426814107
55069,29.358707378974668
55076,29.357019046337946
55077,29.21975104162182
55078,29.21975104162182
55081,29.05170102167735
55086,28.98197732210614
55088,28.982466193259082
55089,28.982466193259082
55090,29.10287038845497
55094,29.200029580735173
55098,28.06024955710166
55099,28.058579289443642
55103,28.05857928944364
55110,28.05857928944364
55111,28.169869917621696
55112,28.18144406995437
55116,28.02105274150065
55126,28.02105274150065
55130,27.932664401836536
55139,27.932664401836536
55142,27.87153158751352
55143,27.86470346475541
55146,27.864703464755404
55155,27.864703464755404
55159,27.85573013116479
55161,27.855730131164787
55163,27.85752555398587
55164,27.83715980667408
55165,28.108724139936445
55166,28.118529029023954
55167,28.118529029023957
55170,27.765961140090493
55171,27.765961140090496
55173,27.760878162951236
55175,27.760878162951236
55176,27.760878162951236
55177,27.62983514787105
55179,27.62983514787105
55180,27.88935242024658
55181,27.88935242024658
55183,27.88935242024658
55187,27.88935242024658
55188,27.937428944824635
55192,27.989739809625238
55194,28.12262430739401
55196,28.12262430739401
55198,27.87695197346089
55199,28.00297585191138
55200,27.99241341138565
55201,27.992413411385648
55202,27.995954694337545
55207,27.988960482345938
55208,27.724850594494637
55219,27.356479062059606
55221,27.35647906205961
55226,27.535189892058742
55227,27.535189892058742
55228,27.608050353376598
55229,27.619197609480274
55231,27.619281892925414
55235,27.60658702193104
55236,27.60658702193104
55237,27.60658702193104
55241,27.681737488196124
55250,27.681737488196124
55254,27.64438772521905
55258,27.64438772521905
55261,27.64438772521905
55263,27.642327954738754
55265,27.642837933908407
55268,27.642837933908407
55271,27.647957386623705
55277,27.64795738662371
55283,27.529542394772097
55286,27.55044707820121
55288,27.5503768152619
55291,27.70064231782689
55293,27.335993897886226
55294,27.33629234056981
55297,27.072195060630573
55299,27.072195060630573
55300,27.09565691690993
55302,27.09565691690993
55303,26.76974099958322
55304,26.853903889353788
55307,27.053045790316762
55310,27.08456597330179
55311,27.309236352141475
55314,27.309236352141475
55316,27.5900672004234
55317,27.47194189704733
55319,27.47581306170829
55320,27.400215498596552
55328,27.39226715884768
55332,27.419708278304544
55336,27.419708278304544
55338,27.419708278304544
55344,27.419708278304544
55346,27.64486366968156
55350,27.59785990889885
55352,27.59789945946587
55362,27.599357737275135
55364,27.419708278304544
55366,27.42322431642494
55373,27.42322431642494
55376,27.38511008037893
55381,27.385110080378926
55383,27.57971933666977
55384,27.5790241238924
55386,27.5790241238924
55389,27.5790241238924
55391,27.589029472546155
55395,27.60752001877883
55396,27.657660313304817
55402,27.65783056099187
55403,27.913619340546386
55404,27.986256750687698
55406,27.65783056099187
55407,27.668997434413548
55408,27.685593887976793
55409,27.636254832367033
55418,27.671420145002287
55420,27.671420145002287
55429,27.640418772287557
55433,27.640418772287557
55435,27.9096006428214
55436,27.909600642821392
55440,27.88516349253315
55441,27.890016364350295
55442,28.054122449443195
55443,28.054122449443195
55444,28.04962682462348
55447,28.03087782047665
55448,27.997788439642935
55449,27.997788439642935
55450,27.997788439642935
55454,28.040111047967347
55456,28.12371004259248
55461,28.040448882097003
55464,27.993919144171077
55467,27.993919144171077
55475,27.901346105232445
55476,27.814927459284544
55480,27.81931579982646
55481,27.81931579982646
55484,28.546116481421176
55487,28.541383856429206
55489,28.541383856429206
55490,28.508825830968686
55491,28.50882583096869
55494,28.845050726919577
55496,28.79491043239359
55498,28.61162526620778
55500,28.611625266207785
55501,28.611625266207785
55502,28.61040879677818
55511,28.610408796778177
55514,28.640767836601945
55515,28.640767836601942
55521,28.646423287177193
55525,28.598622470786566
55528,28.606299161904765
55529,28.60629916190476
55530,28.60629916190476
55531,28.604089278866113
55538,28.604089278866116
55539,28.452747619776297
55540,28.452747619776293
55541,28.452747619776293
55543,28.452747619776293
55544,28.5025946984229
55549,28.5025946984229
55552,28.209904073796082
55553,28.209904073796086
55556,28.208889725512975
55557,28.21014013235127
55558,28.210084509661698
55560,28.210084509661694
55561,28.210084509661694
55563,28.210084509661694
55564,28.01590568018328
55568,28.0595485206935
55574,27.819980097313664
55577,28.479707354627774
55578,28.49123085367259
55580,28.94858100115324
55586,28.951670448799582
55588,28.95253986488868
55589,29.040400080606876
55590,29.040400080606876
55591,29.1442706273571
55599,29.1442706273571
55606,29.1442706273571
55611,29.1442706273571
55612,29.1442706273571
55613,29.1442706273571
55614,29.12316665962211
55615,29.530994743155595
55616,29.515171173406817
55618,29.296368979929387
55620,29.29361100186925
55623,29.299244743150368
55625,29.30376454592085
55626,29.30376454592085
55628,29.303689828103327
55629,29.304200696764518
55634,29.304200696764518
55635,29.482914242480675
55636,29.482914242480675
55639,29.482914242480675
55640,29.482914242480675
55643,29.666795828467073
55644,29.617001125172017
55648,29.617001125172017
55649,29.66344622259966
55652,29.663446222599667
55653,29.455619353536136
55655,29.63718758083575
55657,29.637187580835743
55658,29.512700566079275
55661,29.515792510531885
55664,29.515792510531888
55666,29.516943011805754
55667,29.137490142349176
55670,29.13749014234918
55671,28.94648730438537
55672,28.94648730438537
55673,29.116977623450204
55676,29.116977623450204
55677,28.903649873963225
55681,29.133096254943506
55683,28.91274249833534
55684,28.91274249833534
55687,28.91274249833534
55688,28.91274249833534
55692,28.77453206991359
55693,28.81076324270266
55694,28.81076324270266
55696,28.81076324270266
55701,28.912930876109108
55702,29.53673162767807
55703,29.536553288536727
55704,29.536553288536727
55707,29.536553288536727
55712,29.574845895752073
55713,29.574845895752073
55714,29.574845895752073
55718,29.57125981401541
55719,29.57773797408929
55721,29.577638805835928
55731,29.577638805835928
55732,29.588125753855063
55733,29.588125753855063
55736,29.587771773824546
55737,29.71010040174275
55739,29.774593970106288
55744,29.89155069597706
55745,29.89155069597706
55747,29.977773000408096
55748,29.977650500114436
55753,29.977943008661416
55754,29.98142293200784
55755,29.981449019383412
55764,29.90666933468717
55767,30.133462994365807
55768,29.90666933468717
55771,29.89165021915495
55773,29.89165021915495
55774,29.89165021915495
55781,29.89165021915495
55782,29.89378928070725
55791,29.900210766777217
55792,29.903154092649736
55798,29.903154092649736
55799,29.938027715910618
55806,29.94356678756673
55807,29.935856570196968
55813,29.935856570196968
55814,29.935856570196968
55816,29.935856570196968
55817,29.935856570196968
55819,29.68531544587841
55820,29.68531544587841
55821,29.68531544587841
55822,29.68531544587841
55825,29.68531544587841
55832,29.68531544587841
55835,29.66029238223369
55836,29.66029238223369
55837,29.65086087554021
55838,29.65086087554021
55841,29.651047185363645
55844,29.64726408678214
55845,29.810513054804165
55846,29.810513054804165
55848,29.810513054804165
55849,29.89794657336533
55853,29.89794657336533
55856,29.810513054804165
55857,29.81419488060762
55858,29.814194880607623
55865,29.814194880607623
55869,30.001143304608615
55870,29.999997433072892
55872,30.259660691508763
55874,30.55319635828643
55875,30.96807027469623
55876,30.96807027469623
55878,30.739295039357298
55880,30.73947337849864
55882,30.72765501264468
55885,30.72765501264468
55888,30.72765501264468
55889,30.515543440568003
55893,30.51049090225962
55896,30.58949321400866
55901,30.58949321400866
55903,30.638832798589885
55906,30.638832798589885
55907,30.411994617317117
55908,30.07896368732407
55918,29.84999239803929
55922,29.84999239803929
55926,29.84999239803929
55927,29.84999239803929
55930,29.85433420643445
55933,29.85433420643445
55936,29.85433420643445
55937,29.886155657245027
55939,29.789123679878685
55940,29.70985520471853
55941,29.764673352708567
55942,29.70985520471853
55943,29.70985520471853
55944,29.536364696554106
55945,29.538848510151748
55946,29.538848510151748
55947,29.400117275791967
55948,29.400117275791967
55949,29.400117275791967
55951,29.198064239811696
55953,28.705168376937692
55955,28.449292142515592
55959,28.449292142515592
55962,28.49061473718233
55964,28.493403360588125
55967,28.493403360588125
55971,28.49320933476949
55973,28.461387883958913
55976,28.461387883958917
55978,28.461387883958917
55979,28.461387883958917
55982,28.461387883958917
55983,28.461387883958917
55984,28.465625258456683
55987,28.465625258456686
55989,28.465439228737804
55990,28.492508959272847
55997,28.492508959272847
55998,28.472971044364737
55999,28.472971044364737
56003,28.46399436283019
56006,28.2063914830784
56011,28.206301474136772
56013,28.206301474136772
56016,28.209975297465075
56018,27.915767981988264
56020,28.018810653630144
56022,28.018810653630144
56023,28.019983899259604
56024,28.019983899259604
56025,27.94274983336894
56029,27.94099303764109
56030,27.94099303764109
56034,27.94099303764109
56036,27.94099303764109
56037,27.94099303764109
56039,27.94099303764109
56042,27.91239986949192
56045,27.91344360540467
56047,27.83363881365559
56048,27.655797848855528
56052,27.655797848855528
56053,27.655797848855528
56055,27.882029037037732
56061,27.876025380554307
56081,27.843473921121667
56084,27.843473921121667
56086,27.843473921121667
56088,27.869529887834368
56089,27.843473921121667
56090,27.69135676923346
56092,27.634205651962063
56095,27.61287152715543
56097,27.61287152715543
56098,27.72057081361664
56100,27.71135436667616
56102,27.343366152505716
56106,27.125797988858135
56115,27.132045374196142
56116,27.134578564483853
56118,27.121068966953164
56121,27.064409188089137
56123,27.0716205671313
56128,27.0716205671313
56135,27.553827442663355
56136,27.553827442663355
56140,27.553827442663355
56141,27.565967134420813
56145,27.565967134420816
56148,27.222667705035136
56154,27.22266770503514
56163,27.10197024203665
56166,27.101970242036646
56168,27.102255819248718
56171,27.102255819248718
56178,27.102255819248718
56180,27.102255819248718
56183,27.159759552149
56188,27.135435901252414
56189,27.135435901252418
56190,27.135435901252418
56191,27.117570997918406
56192,27.114723480047104
56195,27.961575572634874
56197,27.961575572634874
56201,27.988581084314795
56202,27.98858108431479
56206,27.9837798672796
56207,27.9837798672796
56209,27.966842924757028
56211,27.916647476416703
56212,27.916394034670464
56217,27.917267772591064
56219,27.935647616441
56227,27.959133905971004
56228,27.96320579984607
56229,27.6014447020321
56234,27.6014447020321
56236,27.91877889074151
56239,27.91877889074151
56244,27.919177828319317
56248,27.923686972149618
56250,27.918912667237237
56253,27.920669462965087
56254,27.90396882477732
56257,27.902499191205543
56260,27.948276272889437
56261,27.948276272889437
56263,28.026227456856155
56264,28.026227456856155
56265,28.026227456856155
56272,27.997482867486802
56274,27.997482867486806
56276,27.997482867486806
56277,27.997482867486806
56281,27.997482867486806
56283,27.997482867486806
56288,28.046286517191913
56290,28.093732289703073
56296,28.093732289703073
56297,28.093732289703073
56299,28.093732289703073
56300,28.093732289703073
56302,28.105527386492824
56306,28.10881916200668
56308,28.108819162006675
56309,28.109288800678105
56311,28.164314368189
56312,28.05043713921801
56313,28.05043713921801
56317,28.05043713921801
56328,28.05043713921801
56332,28.05043713921801
56341,28.056378647170547
56342,28.056378647170547
56343,28.056378647170547
56345,28.360385153448043
56346,28.40292982592254
56348,28.387267446804948
56351,28.387267446804948
56353,28.387267446804948
56355,28.387267446804948
56356,28.38724877232649
56358,28.387248772326494
56360,28.802841449120624
56363,28.80900783826589
56364,28.840602599708248
56366,28.840602599708248
56367,28.840602599708248
56368,28.840602599708248
56369,28.840602599708248
56372,28.840602599708248
56374,28.84336628201643
56375,28.84336628201643
56378,28.876040737864823
56379,28.615089035331604
56380,28.547402801095135
56382,28.551395981712712
56383,28.58053859467895
56384,28.57777491237077
56385,28.64457035617475
56386,28.51632041758426
56393,28.267096668713616
56395,28.26709666871362
56397,28.26709666871362
56398,28.26724821387357
56400,28.26724821387357
56402,28.26724821387357
56403,27.393109520561488
56404,27.393931085286724
56407,27.393931085286724
56410,27.400759208044832
56413,27.414565417612703
56414,27.38389785849452
56415,27.38389785849452
56416,27.38551956279712
56417,27.227898910496776
56418,27.226524102108808
56419,27.29814719200957
56420,27.33308150745277
56423,27.115166127016195
56424,27.131435248226197
56426,27.131435248226197
56428,27.131435248226197
56431,27.131435248226197
56433,27.03791891733044
56435,27.001894795233465
56436,27.001743250073513
56446,26.98343523878706
56453,27.082429590130392
56459,27.08342531724429
56463,27.08342531724429
56465,27.084183910978638
56467,27.66341522197684
56470,28.184777279148648
56474,28.124964309188567
56475,28.124964309188563
56476,28.124964309188563
56477,28.124964309188563
56479,28.082311015614014
56480,27.97461172915281
56481,27.974611729152805
56484,27.974611729152805
56485,27.765544137954826
56488,27.406456509457513
56489,27.406456509457513
56490,26.876051526971576
56491,26.876814369405107
56498,26.876007869036425
56509,26.876007869036425
56512,26.876007869036425
56513,26.88579733084464
56516,26.875868907351755
56517,26.874072899823126
56519,26.85665241384624
56520,26.852395586490236
56525,26.852395586490236
56527,26.85822121023517
56532,26.85822121023517
56536,26.864081894831887
56541,26.864081894831887
56542,26.877152837165845
56544,26.861466752122748
56546,26.861466752122748
56550,26.861466752122748
56552,26.861466752122748
56555,26.72281992764977
56557,26.630140787292238
56563,26.630140787292238
56564,26.630140787292238
56565,26.313718317690785
56568,26.229418246170535
56569,26.171395180789105
56574,26.171395180789105
56576,26.171395180789105
56577,26.17819708793099
56578,26.140654726296425
56582,26.140654726296425
56583,26.140654726296425
56586,26.137985108982555
56588,26.184892696284034
56589,25.923373186829686
56590,25.923373186829686
56594,25.923373186829686
56599,25.9773739228233
56600,25.977373922823297
56602,25.969371176454793
56605,25.837870232082466
56606,25.837870232082466
56610,25.8541070287736
56616,25.854107028773598
56633,25.853030402295893
56638,25.81326418799555
56639,25.81326418799555
56640,25.40931033798788
56649,25.40931033798788
56652,25.30790519452628
56654,25.307905194526285
56655,25.307905194526285
56656,25.307905194526285
56659,25.317010793258525
56665,25.317010793258525
56666,25.317010793258525
56667,25.31910516049352
56670,25.47493314586883
56671,25.47493314586883
56681,25.504827378449175
56684,25.505122221291053
56685,25.60150364499132
56686,25.505469825689858
56687,25.505469825689854
56692,25.531787356048817
56694,25.531787356048817
56700,25.536595770841192
56702,25.536595770841192
56704,25.551157340318046
56705,25.551157340318053
56709,25.551157340318053
56710,25.551157340318053
56714,25.47080665698018
56723,25.461097345126937
56731,25.376731652618577
56734,25.376731652618577
56735,25.497188638492393
56736,25.506851563512832
56741,25.458823689433835
56744,25.40433969355953
56746,25.404824011735368
56751,25.458460883365998
56753,25.458461940117367
56754,25.445507632716346
56755,25.445507632716346
56756,25.445507632716346
56757,25.445507632716346
56758,25.445507632716346
56762,25.445507632716346
56765,25.259590562831182
56766,25.17874677554627
56767,25.42509478331273
56768,25.42509478331273
56772,25.42509478331273
56781,25.27431284846905
56782,25.27431284846905
56786,25.27431284846905
56787,25.27395610868805
56801,25.27395610868805
56803,25.27395610868805
56806,25.238025475784738
56807,25.238025475784738
56809,25.238025475784738
56810,25.24176987636845
56813,25.243165747733215
56818,25.264220813439564
56819,25.270092021302244
56822,25.27009202130224
56823,25.27009202130224
56825,25.27009202130224
56827,25.27009202130224
56833,25.27009202130224
56836,25.27009202130224
56837,25.355163578429465
56838,25.3789277456315
56844,25.3789277456315
56845,25.313442622471168
56850,25.30769615511522
56851,25.57495794981117
56860,25.793204449217043
56865,25.793204449217043
56872,25.79220154971664
56874,25.801875498101936
56875,25.801875498101932
56893,25.801875498101932
56896,25.805419607164797
56906,25.805419607164797
56911,25.805419607164797
56914,25.805419607164797
56917,25.801256981410244
56918,25.80075744640925
56919,25.744814455979796
56920,25.744814455979796
56921,25.744814455979796
56929,25.739773129692317
56936,25.739773129692317
56939,25.62953915214791
56940,25.631328746411164
56941,25.639403818288265
56942,25.639471986704
56944,25.639471986704
56945,25.73674319393534
56950,25.736877480094588
56953,25.765451047042035
56956,25.8703598187964
56958,25.8703598187964
56959,25.86670148875609
56965,25.87213601979372
56966,25.872136019793718
56967,25.872136019793718
56970,26.010066970186152
56972,26.010066970186152
56979,26.010066970186152
56983,26.010066970186152
56987,26.010066970186152
56989,26.010066970186152
56991,26.010066970186152
56995,26.10358330108191
56999,26.10358330108191
57002,26.124942961955618
57003,26.12494296195562
57009,26.123153367692368
57010,26.123153367692368
57014,26.123153367692368
57015,26.123153367692368
57017,26.063256328328784
57026,26.06331172601695
57027,26.06331172601695
57028,26.06331172601695
57030,25.882327890964902
57033,25.8823278909649
57034,25.268857535885967
57037,25.26845199039124
57043,25.266197434032076
57045,25.184999229830623
57050,25.332884947625796
57051,25.329096488649228
57054,25.33006158968987
57056,25.330061589689873
57057,25.319661213965446
57058,25.143266090951425
57059,25.143208474347613
57064,25.030174135637523
57066,25.030174135637523
57075,24.93419093584917
57078,24.981986974269827
57080,24.920576119800387
57081,24.92057611980039
57083,24.92057611980039
57085,24.92057611980039
57088,24.93957628514464
57089,24.939576285144636
57091,24.918682645553936
57092,24.916045107464978
57093,24.84075617211765
57095,24.912200364032945
57102,24.912200364032945
57105,24.906436673955408
57109,24.907524253652085
57111,24.879865845640786
57113,24.919556965501272
57124,24.902904516382076
57131,24.902904516382076
57137,24.902904516382076
57139,24.901748729062113
57144,24.901748729062113
57145,24.98518290879925
57148,24.991348112549737
57150,24.966894617128577
57151,24.966894617128577
57152,24.966894617128577
57153,24.976194842268697
57155,24.817303938102803
57156,24.851131588661758
57157,24.8173039381028
57163,24.77105068887602
57166,24.77105068887602
57168,24.77105068887602
57171,24.778424256146863
57173,24.778424256146867
57177,24.771050688876024
57183,24.77105068887602
57184,24.793810048727615
57189,24.793810048727618
57191,24.790856803138595
57195,24.994603499274817
57197,24.79502256039371
57198,24.82856687452011
57199,24.82856687452011
57200,24.823422535189422
57205,24.851811284893213
57206,24.8601010540655
57207,24.865568246951486
57209,24.86556502630089
57212,24.866634557342085
57216,24.866634557342085
57218,24.866634557342085
57220,24.866634557342085
57221,25.100368637356535
57222,25.05900328047485
57225,24.84763439199784
57235,24.84763439199784
57236,24.84763439199784
57239,24.84763439199784
57240,24.719844530547093
57243,24.719844530547093
57250,24.527571973568
57258,24.527571973568
57262,24.43806559807344
57263,24.43806559807344
57265,24.55087317878013
57274,24.126772654467818
57275,24.09692023635328
57278,24.09692023635328
57280,24.36399666307117
57284,24.36399666307117
57285,24.388283322580744
57286,24.381781214224247
57291,24.381781214224247
57293,24.381781214224247
57302,24.28023542137139
57307,24.217322882346917
57310,24.218467360158044
57311,24.218467360158044
57315,24.218467360158044
57316,24.20486587634499
57319,24.173008405531462
57320,24.17300840553146
57321,24.179055986359373
57324,24.17905598635937
57327,24.17905598635937
57330,24.226055052827654
57336,24.191085656510097
57340,24.25689400062655
57344,24.257017639134336
57345,24.257078650207376
57351,24.187645132654005
57354,24.187645132654005
57355,24.053907261319416
57358,24.06483428089625
57367,24.090334071685497
57371,24.090334071685497
57378,24.090334071685497
57389,23.969653057425948
57393,24.060536560549576
57394,24.060536560549576
57397,24.060536560549576
57399,24.060536560549576
57404,24.060536560549576
57408,24.107803628435633
57410,24.12117037407805
57412,24.12117037407805
57413,24.12117037407805
57414,24.12117037407805
57420,24.142918090729125
57421,23.657314813842046
57423,23.668995977673823
57425,23.669355971272758
57426,23.492263954717878
57428,23.918077579391056
57436,23.918077579391056
57437,23.918077579391056
57439,23.76765257387628
57444,23.76765257387628
57448,23.77337719081629
57450,23.837488923989724
57451,23.837488923989724
57455,23.89605364872605
57467,23.4389785324206
57475,23.488203606281573
57476,23.499775809144207
57477,23.488203606281573
57487,23.488203606281573
57489,23.488090022737527
57490,23.488090022737527
57491,23.488090022737527
57493,23.495110078847492
57502,23.495111332577647
57503,23.620613971778997
57507,23.51161392979047
57523,23.511613929790474
57536,23.511613929790474
57537,23.511613929790474
57539,23.511613929790474
57541,23.511613929790474
57543,23.73067559754171
57548,23.460890961060883
57551,23.460890961060883
57552,23.45926383260303
57554,23.459263832603032
57556,23.44346304324213
57558,23.433801389567016
57560,23.433801389567012
57562,23.564914456648044
57565,23.432811721076
57566,23.363588371532686
57574,23.34195924528506
57575,23.3685772276483
57577,23.375420731775055
57582,23.38739976034494
57584,23.40058789998651
57594,23.400860085151514
57598,23.40000756288512
57600,23.40000756288512
57603,23.40000756288512
57610,23.40000756288512
57613,23.655647184001527
57614,23.58099816612658
57615,23.58099816612658
57620,23.43430314084582
57624,23.43430314084582
57625,23.640123136430553
57626,23.640123136430557
57630,23.434303140845824
57631,23.43510015235018
57633,23.43510015235018
57634,23.364087306568976
57638,23.364087306568976
57644,23.36408531687415
57647,23.355124657934624
57654,23.36331950189054
57655,23.373260447896662
57658,23.58903156170256
57659,23.492022119382693
57660,23.492022119382693
57661,23.654702065177016
57662,23.64151392553545
57665,23.600355206812555
57669,23.502052223788716
57671,23.501070338565878
57679,23.501277524099514
57682,23.75300492044032
57685,23.75300492044032
57692,23.556495780420676
57693,23.556495780420676
57698,23.556495780420676
57699,23.576736352736066
57700,23.48585284961244
57702,23.485852849612435
57703,23.486246077263075
57707,23.48648196086154
57712,23.57279051716217
57714,23.378191821746658
57720,23.378191821746654
57721,23.44661676999755
57725,23.444291524216954
57728,23.444291524216954
57733,23.489081642215016
57736,23.48908164221502
57739,23.48908164221502
57740,23.522397873082024
57745,23.522397873082024
57749,23.492398748563193
57760,23.492398748563193
57761,23.368895472071806
57763,23.4826483774684
57765,23.465700675367838
57766,23.397275727116938
57767,23.397275727116938
57775,23.397275727116938
57780,23.546497514774106
57782,23.546497514774103
57785,23.546497514774103
57788,23.546497514774103
57789,23.546497514774103
57792,23.43415245528704
57800,23.43415245528704
57803,23.43415245528704
57809,23.551150366476897
57814,23.43415245528704
57818,23.43415245528704
57820,23.187283407712176
57824,23.144884501557083
57825,23.724913220565963
57826,23.724913220565963
57828,23.86371783784518
57830,23.86371783784518
57834,23.914463449024808
57835,23.914463449024808
57842,23.784481089315605
57846,23.750149954814727
57849,23.73678320917231
57850,23.73678320917231
57851,23.76024276814366
57852,23.66157889832557
57853,23.661542434034878
57858,23.664461007285045
57866,23.515845268209745
57868,23.70012503390131
57869,23.701920677930158
57873,23.441158265118457
57877,23.441158265118457
57881,23.431785908034534
57882,23.431785908034538
57884,23.431785908034538
57886,23.431785908034538
57887,23.32573241111549
57893,23.32573241111549
57897,23.332512083366247
57907,23.291864176267115
57911,23.291864176267115
57913,23.291864176267115
57918,23.16392118785638
57923,23.183421637764788
57927,23.53944866494045
57929,23.53944866494045
57931,23.53944866494045
57934,23.474028320289563
57936,23.427311200947926
57939,23.424038658878455
57947,23.391073376020085
57949,23.372879715626926
57963,23.121813245087235
57976,23.121813245087232
57988,22.80762949675673
57990,22.883808157965696
57993,22.883808157965696
57996,22.87377089330991
57998,22.886566351847524
57999,22.886566351847524
58003,22.886638032191676
58006,22.886638032191676
58008,22.900064416122557
58010,22.900064416122554
58018,22.900064416122554
58019,22.90079463454359
58021,22.90079463454359
58023,22.702476870499204
58024,22.704063035668568
58025,22.704063035668568
58033,22.817715601342794
58036,22.817715601342794
58038,22.817715601342794
58039,22.817715601342794
58042,22.817715601342794
58044,22.817715601342794
58048,22.861885425570478
58051,22.861885425570478
58053,22.861885425570478
58054,22.861885425570478
58056,22.861885425570478
58057,22.861885425570478
58060,22.871221593298003
58061,22.86726258212743
58062,22.581379052909945
58063,23.038406500497445
58069,22.980221038872514
58072,22.969919980156487
58073,22.969919980156487
58077,22.939979849195787
58080,23.0713571548755
58081,23.0713571548755
58087,23.0713571548755
58091,23.066910646696357
58092,23.08319653434166
58093,22.933590634026462
58098,22.933590634026462
58104,22.936993783497563
58106,22.936993783497563
58109,22.936993783497563
58116,22.936993783497563
58117,22.967800646799695
58119,22.957601220384646
58121,22.957601220384646
58124,23.048286245904496
58133,23.139543354851774
58137,23.139543354851774
58138,23.139543354851774
58139,23.139543354851774
58140,23.139543354851774
58142,23.03786040159926
58147,23.03786040159926
58148,23.016396235155103
58149,23.016396235155103
58155,23.016396235155103
58156,23.016396235155103
58165,23.016396235155103
58168,23.08767563584076
58172,23.15183041688851
58176,23.15183041688851
58179,23.258747690546077
58202,23.560039011326474
58203,23.51493643186044
58204,23.514936431860445
58205,23.514936431860445
58211,23.525055991957593
58213,23.62866113788654
58217,23.541012274835893
58222,23.56939256727356
58227,23.590497094675918
58230,23.609135326442683
58231,23.552941609369373
58237,23.552941609369373
58240,23.594867590193353
58241,23.594867590193353
58243,23.715700024232515
58244,23.71570002334649
58248,23.839822778502175
58249,23.840857654408453
58251,23.840857654408453
58253,24.107114014155414
58254,24.221269262333312
58255,24.221269262333312
58256,24.221269263219337
58260,24.14417597869715
58262,24.066510279472286
58263,24.20933295567702
58266,24.20743422128543
58267,24.20743422128543
58270,24.194007837354548
58272,24.194007837354544
58273,24.194007837354544
58274,24.194007837354544
58275,24.194007837354544
58281,24.194007837354544
58287,24.194007837354544
58289,23.925758207506224
58294,23.85671639364513
58297,23.80772809943697
58303,23.765802118612992
58306,23.708854353381327
58322,23.689984911493745
58324,23.624131179821763
58328,23.635414225071614
58331,23.617145914977115
58336,23.618513203592197
58344,23.603604224180852
58350,23.603604224180852
58353,23.628572142577344
58355,23.936481104638265
58358,23.945457786172813
58360,24.022011193137555
58362,24.022011193137555
58364,24.023349852429053
58375,24.009322077307058
58382,24.190509841936013
58384,24.155182877754356
58386,24.154889952489825
58394,24.156291665153503
58395,24.156291665153503
58399,24.146816108547117
58400,24.146816108547117
58404,24.146816108547117
58406,24.102646284319434
58410,24.102646284319434
58414,24.09479872514269
58415,24.091342140467354
58418,24.091342140467354
58423,24.036549550281716
58427,23.874867670874128
58429,23.87486767087413
58444,23.806834120363558
58448,23.820435604176613
58449,23.72380497542655
58451,23.723804975426553
58454,23.759261986464313
58457,23.645396498848708
58458,23.645396498848708
58460,23.645396498848708
58462,23.81292957614812
58464,23.83781434274808
58468,23.671481666738487
58469,23.617855232687326
58472,23.64084762969503
58475,23.64084762969503
58487,23.640117411273994
58488,23.617855232687322
58489,23.617860209746826
58492,23.617860209746826
58495,23.617860209746826
58496,23.617860209746826
58499,23.659045647443918
58501,23.659045647443918
58502,23.659045647443918
58503,23.656092401854895
58504,23.656092401854895
58507,23.578862860049142
58508,23.585123236291405
58511,23.58512323629141
58512,23.58512323629141
58515,23.578862860049146
58516,23.578862860049142
58517,23.675072412858498
58520,23.714230573451346
58521,23.7388211552954
58525,23.738821155295398
58526,23.738821155295398
58527,24.08466603774717
58528,24.085117090343687
58529,24.085117090343687
58530,24.301700952382824
58531,24.301700952382824
58532,24.301700952382824
58534,24.301700952382824
58537,24.301700952382824
58541,24.301700952382824
58542,24.301700952382824
58543,23.744129473465446
58548,23.744185490373187
58554,23.744185490373187
58555,23.736361967130048
58557,23.599345804247125
58558,23.599345804247125
58563,23.599345804247125
58564,23.599345804247125
58566,23.642941264640392
58575,23.642941264640392
58579,23.642941264640392
58582,23.57208196970654
58585,24.246308852082485
58587,24.246308852082485
58588,24.245836360857773
58590,24.245836360857773
58597,24.245836360857773
58598,23.955383431370155
58599,23.968213746309708
58603,23.968213746309708
58606,23.876921924089356
58609,23.881563287806248
58611,23.881563287806248
58612,23.902476899106915
58619,23.94369776067176
58620,23.9470691079378
58621,23.947069107937804
58622,23.907277677487535
58623,23.887459745951368
58625,23.887459745951368
58627,23.887459745951368
58631,24.009857744322783
58635,23.997027429383227
58638,23.99942246919978
58639,24.103370131868445
58652,24.25514225336246
58653,24.255142253362457
58662,24.25265582926531
58664,24.339095064889577
58668,24.354070914587265
58674,24.35407091458727
58678,24.15515338893281
58682,24.15515338893281
58683,24.1546774878015
58688,24.130378008019548
58693,24.130378008019548
58700,24.039104395169254
58701,24.018456860971813
58702,24.012781709488966
58703,23.89320536949432
58706,23.955904488918517
58709,23.955904488918517
58714,23.811674878868455
58716,23.811674878868455
58717,23.811674878868455
58720,23.811674878868455
58726,23.811674878868455
58730,23.623643833045563
58731,23.608107173164875
58737,23.739282966600637
58738,23.713035292834462
58747,23.71303529283446
58748,23.71303529283446
58750,23.630751884245477
58761,24.38949109236101
58762,24.38949109236101
58764,24.389419299063608
58767,24.379823524712624
58772,24.379823524712624
58775,24.161591812886243
58782,24.16443619536955
58786,24.396503796715724
58793,24.396503796715724
58794,24.396503796715724
58796,24.342359226310098
58800,24.599394492805953
58804,24.617633822807058
58805,24.61763382280706
58806,24.593571356014923
58808,25.214534379278476
58812,25.214534379278476
58813,25.214534379278476
58815,25.20792131062083
58816,25.20792131062083
58818,25.20792131062083
58821,25.31556839569882
58824,25.315568395698822
58827,25.027029501082037
58829,24.665408601625277
58830,24.68951418782064
58832,24.68951418782064
58835,24.64613479930034
58837,24.649425121497483
58838,24.69011606503029
58849,24.60975445809274
58852,24.392059821268017
58853,24.392059821268017
58860,24.376947176747247
58861,24.526523822178294
58864,24.526523822178294
58865,24.12563704087268
58867,24.12740305819973
58871,24.43092569148006
58873,24.466095275500642
58877,24.422371687457595
58881,24.192594896947575
58886,24.192594896947572
58889,24.193752073149575
58890,24.19375207314958
58892,24.25187874855687
58896,24.251878748556866
58897,24.269246274722548
58899,24.268089098520548
58903,24.268089098520544
58906,24.268089098520544
58907,24.268089098520544
58908,24.055512037489017
58909,24.09456910430545
58914,24.09456910430545
58917,24.09456910430545
58918,24.09456910430545
58919,24.09456910430545
58920,24.09456910430545
58924,24.095910021940707
58926,24.18530795853581
58929,24.18530795853581
58931,24.18530795853581
58936,24.246177229609536
58940,24.227669008918355
58943,24.227669008918355
58946,24.227669008918355
58949,24.227669008918355
58950,24.227669008918355
58955,24.227669008918355
58957,24.227669008918355
58958,24.23887468736587
58960,24.243522807429017
58962,24.243522807429017
58968,24.277065190411694
58969,24.225973966359195
58970,24.225973966359195
58971,24.181876365892478
58972,24.181876365892478
58973,24.157062178086854
58976,24.52855653501681
58978,24.527178423148964
58979,24.527178423148964
58983,24.527178308506727
58985,24.81399083583262
58986,24.81399083583262
58987,24.96263619295233
58988,24.96263619295233
58989,24.96263619295233
58990,24.875647379323567
58996,24.877165656643044
58997,24.83864802662351
58999,24.793273432971635
59000,24.652555643919563
59001,24.739934490569354
59002,24.739934490569354
59006,24.74098673186155
59007,24.74098673186155
59008,24.81200927301274
59010,24.82439991189682
59011,24.81200927301274
59013,24.8120961084829
59016,24.806309986798432
59018,24.75605577203502
59024,24.75605577203502
59027,24.75605577203502
59031,24.75605577203502
59033,24.75605577203502
59038,24.756753107164347
59039,24.75678070989409
59040,24.683121239176415
59044,24.683121239176415
59045,24.701538634362816
59047,25.14969715282606
59051,25.332807758727952
59053,25.314391126715954
59057,25.347042842225797
59061,24.813118347684917
59064,24.813118347684917
59065,24.83730890609892
59066,24.83734637583551
59068,24.83734637583551
59070,24.83734637583551
59073,24.845964386170984
59077,24.835727593559717
59083,24.835782813964002
59085,24.82457713551649
59091,24.824586634902612
59092,24.880392464979742
59093,24.884130370216404
59095,24.884130370216408
59098,24.884130370216408
59100,24.884130370216408
59102,24.884130370216408
59105,24.884130370216408
59106,24.884130370216408
59107,24.896154850102587
59110,24.880904176629656
59111,24.880904176629652
59112,24.533348424703963
59114,24.662904761327567
59115,24.687534773291997
59116,24.680871793790914
59120,24.389428153406985
59123,24.389428153406985
59126,24.389428153406985
59127,24.389428153406985
59131,24.389428153406985
59132,24.464179369709186
59133,24.439549357744756
59135,24.439549357744756
59143,24.304857656954656
59147,24.290926071076566
59150,24.132864108738406
59156,24.003274030135454
59157,24.003274030135454
59160,24.004378480640277
59161,24.004378480640273
59163,24.004378480640273
59173,24.031696672106825
59175,24.03972988919612
59177,23.973736491518476
59180,23.973736491518476
59182,23.973736491518476
59183,23.8984651495059
59186,23.8984651495059
59188,23.736792662926135
59189,23.736792662926135
59190,23.732343725316504
59192,23.7323437253165
59194,23.7323437253165
59196,23.7323437253165
59200,23.7323437253165
59206,23.7323437253165
59207,23.7323437253165
59208,23.7323437253165
59211,23.729053403119362
59215,24.231904005692336
59217,24.216100036150532
59222,24.219294273698523
59224,23.7797657415762
59229,23.7797657415762
59230,23.7797657415762
59243,23.83148949657171
59245,23.831489496571713
59247,23.832840076309463
59253,23.943763741968404
59254,23.943763741968404
59256,23.795819553050986
59261,23.545079299934404
59263,23.39455573798573
59266,23.394555737985726
59272,23.219922926341788
59279,23.16338736717862
59284,23.16338736717862
59292,23.149030497103823
59293,23.149030497103823
59295,23.261946656215066
59298,23.261946656215066
59299,23.261946656215066
59302,23.07847850248417
59303,23.042583065257375
59309,23.04258306525737
59316,23.04258306525737
59319,23.042829146989604
59320,22.905457363986844
59322,22.899038037897736
59323,23.111423072103587
59326,23.10960579359919
59333,23.10960579359919
59334,23.101738968282522
59338,23.319686825439565
59340,23.319686825439565
59342,23.329348188915926
59349,23.249292687352227
59352,23.249292687352227
59358,23.249292687352227
59362,23.38386135784936
59370,23.32001979696721
59374,23.30776834341626
59376,23.30776834341626
59377,23.218227327236992
59378,23.223422939969836
59380,23.256041268272575
59383,23.22342293996984
59386,23.07136031596184
59387,23.07136031596184
59390,23.098862666279548
59392,23.568856864254563
59396,23.568856864254563
59398,23.568856864254563
59400,23.070030562664865
59402,22.84006106572715
59404,22.874808355776462
59405,22.874808355776462
59408,22.874808355776462
59412,22.874808355776462
59414,22.63684889699983
59423,22.66295236679901
59427,23.347527308702787
59431,23.347527308702787
59432,22.912978176614992
59435,22.95268649805163
59438,22.95268649805163
59439,22.94115249658376
59442,22.922756998874153
59443,22.922756998874153
59445,22.922756998874153
59446,23.170040599521244
59449,23.16277898039176
59452,23.16277898039176
59454,23.16277898039176
59457,23.16277898039176
59458,23.101225818654687
59461,23.107689458907693
59462,23.107689458907693
59464,23.250462503325274
59467,23.25687369850104
59482,23.257249554945624
59484,23.34494562078096
59486,23.34494562078096
59487,23.34494562078096
59502,23.34494562078096
59504,23.34494562078096
59507,23.346038354519834
59517,23.352401119511985
59520,23.352401119511985
59521,23.352401119511985
59523,23.336133562693504
59524,23.33863117669559
59533,23.338631176695593
59538,23.35604834592595
59539,23.39581434669819
59542,23.3560808738707
59543,23.3560808738707
59549,23.328190709909943
59551,23.32819070990994
59556,23.25936668567348
59565,23.25936668567348
59568,23.25936668567348
59569,23.25936668567348
59570,23.279964503684283
59572,23.33974981361425
59574,23.342829245130574
59575,23.405539711216306
59578,23.37664764138775
59580,23.37664764138775
59582,23.292110877692814
59583,23.292110877692814
59584,23.291092234812155
59589,23.313388679550005
59591,23.33912934522151
59592,23.47987885656662
59593,23.353011046004514
59596,23.35301104600451
59597,23.35301104600451
59612,23.35301104600451
59613,23.35301104600451
59614,23.350239465523092
59620,23.345652911823976
59621,23.345652911823976
59631,23.345652911823976
59632,23.345652911823976
59635,23.2309226112508
59636,23.2309226112508
59641,23.769624116954983
59647,23.784940023781637
59649,23.784940023781637
59651,23.776746343664108
59653,23.59516179932233
59654,23.573706377586337
59660,23.57101733447141
59661,23.453170474720533
59666,23.60223217531422
59672,23.44816230254197
59679,23.465002838674767
59680,23.4686683179593
59681,23.505625407073204
59684,23.305186053109267
59685,23.340029571251666
59688,23.340029571251666
59689,23.345670445602188
59690,23.30700212683329
59692,23.30700212683329
59694,23.30700212683329
59695,23.306786710527945
59699,23.33421214382571
59702,23.33114362360262
59704,23.44210098653597
59714,23.44210098653597
59716,23.45172734567289
59721,23.488672713063778
59722,23.491206645380398
59723,23.50051742725385
59724,23.499612862006877
59730,23.499612862006877
59737,23.486781374122195
59740,23.486781374122195
59743,23.507347460353937
59745,23.44802034434992
59747,23.416882163951506
59750,23.434513119852966
59751,23.64030252519454
59752,23.762627237649482
59753,23.705484062220332
59754,23.63808413235524
59755,23.63808413235524
59757,23.63808413235524
59764,23.63808413235524
59766,23.63808413235524
59769,23.63808413235524
59772,23.617924880569376
59777,23.617924880569376
59778,23.617924880569376
59781,23.58861933636264
59783,23.730121316754264
59785,23.730115770435223
59786,23.730115770435223
59787,23.730115770435223
59791,23.730759929590235
59796,23.73075992959024
59798,23.73075992959024
59800,23.72293886257186
59806,23.72293886257186
59817,23.696582614859107
59821,23.69727659600578
59822,23.655349540041474
59825,23.657042742488684
59826,23.655349540041474
59829,24.187240354053156
59837,24.151894189546212
59838,24.151894189546212
59839,23.655145735923778
59840,23.65514573592378
59841,23.60284008822461
59846,23.60284008822461
59847,23.61753008505803
59850,23.61753008505803
59854,23.61753008505803
59858,23.634836363677994
59864,23.57973890546109
59866,23.57973890546109
59872,23.531152865245737
59876,24.04192104856749
59879,24.147771565678806
59883,24.243101830759606
59887,24.24352490659787
59888,24.01142966267519
59889,24.079397418356937
59891,24.09918169323495
59892,24.10173102372983
59898,24.10173102372983
59901,24.10173102372983
59903,24.10173102372983
59907,24.10173102372983
59909,24.10173102372983
59912,24.10173102372983
59916,24.10173102372983
59920,24.119522355075137
59922,24.118384687191668
59925,24.118384687191668
59930,24.134803144702136
59931,23.71896130508931
59932,23.72881019248363
59934,23.74475384231756
59935,23.824171394768133
59939,23.824171394768133
59942,24.0222967506383
59943,23.774127176159723
59945,23.774127176159723
59950,23.779191701240222
59959,23.779191701240222
59960,23.757072668508467
59962,23.775536423107795
59963,23.831614823190602
59964,23.8316148231906
59966,23.832773077560873
59967,23.758216199764135
59970,23.830599873850105
59972,23.98179720540736
59975,23.997640498009673
59983,23.97936374923557
59987,23.933926015066767
59989,23.93082017801431
59990,23.906101769259507
59991,23.767609372933794
59995,23.630880157507246
59998,23.632486352707684
59999,23.621513213044114
60004,23.93760200043642
60005,23.93760200043642
60013,23.93760200043642
60014,23.93918670407186
60016,23.939186704071865
60020,23.883108303989058
60021,23.755750649647087
60022,23.858633306527835
60032,23.82104415609242
60036,23.83855180719586
60038,23.838551807195863
60044,23.838551807195863
60048,23.900176629685138
60050,23.838558626416948
60051,23.889395196789373
60054,23.921321314512877
60058,23.92135059150981
60060,23.92135059150981
60062,23.907466625083043
60063,23.907466625083043
60065,23.907466625083043
60069,23.890099587356115
60071,23.890099587356115
60077,23.890099587356115
60079,23.890099587356115
60080,23.890099587356115
60084,23.890099587356115
60085,23.89424047699078
60088,23.834559022881677
60089,23.834559022881677
60090,23.811179310428212
60092,23.811179310428212
60094,23.843464364787746
60095,23.843464364787746
60103,23.818715531650806
60104,23.85781740453161
60106,23.956716489255243
60107,23.956716489255243
60110,23.946992165507247
60114,23.80737434143733
60115,23.811970317749953
60116,24.100899543098954
60118,24.100899543098954
60123,24.010073962860464
60128,24.010073962860467
60129,23.985303176656494
60130,23.92009995950153
60131,24.489378173288344
60132,24.35083672166114
60133,23.93259940812689
60139,23.87668039224359
60142,23.879126387088796
60144,23.934896291366364
60148,23.934896291366368
60149,23.823635351069193
60152,23.823635351069193
60157,23.81903937475657
60159,23.81903937475657
60163,24.056633653343862
60164,24.085022277023512
60165,24.088841793276984
60166,24.088841793276984
60167,24.088841793276984
60170,24.098005094450045
60171,24.098005094450045
60172,24.098005094450045
60177,24.13636834108563
60178,23.964838485919955
60179,23.964838485919955
60185,23.964838485919955
60188,23.967303811049845
60190,23.967303811049845
60199,23.967303811049845
60200,23.96819146087195
60204,24.02595543093021
60206,23.923627454284958
60209,23.923627454284958
60212,23.92442156253937
60214,23.92442156253937
60217,23.92442156253937
60218,23.95541212841594
60220,23.95541212841594
60221,23.95541212841594
60222,23.809995832481878
60229,23.809995832481878
60230,23.812263713787004
60233,23.812263713787
60240,23.91375615838034
60241,23.812263713787
60242,23.794555418810113
60244,23.79455541881011
60247,23.793002721915407
60249,23.827440236032874
60256,23.831490617103665
60257,23.83149061710366
60259,23.83149061710366
60261,23.83149061710366
60264,23.82744023603287
60274,23.827440236032874
60276,23.716454126561857
60277,23.633679663930824
60278,23.63367966393082
60279,23.63367966393082
60282,23.68173620273463
60284,23.840315370431053
60287,23.84115306189906
60288,24.20422418025969
60289,24.20422418025969
60292,24.20422418025969
60293,24.20422418025969
60294,24.28700823014668
60296,24.27906244463153
60299,24.27906244463153
60301,24.321024086857587
60302,24.177227254957444
60303,24.32079078426051
60307,24.320790784260506
60309,24.302301759767214
60312,24.29267950618665
60317,24.309311729815185
60322,24.15550716196843
60332,24.155947724710423
60337,24.14413125765029
60338,24.14413125765029
60343,24.107161098304683
60344,24.107161098304683
60345,24.024669617519365
60349,24.024669617519365
60362,24.022813595856064
60363,23.940519654250327
60370,24.064070529512982
60371,24.082749961634008
60372,23.942211303426543
60382,24.0406087821925
60383,23.655352369649403
60384,23.66172729278634
60390,23.662058279949754
60391,23.71436392764892
60393,23.71221897119031
60395,23.857445254959426
60403,23.64752690242818
60404,23.649776910813742
60410,23.606321740555927
60411,23.64065586417146
60416,23.64065586417146
60420,23.64065586417146
60421,23.64065586417146
60427,23.628459610296293
60428,23.630762305325582
60430,23.537063309890776
60436,23.537063309890776
60439,23.449367408001095
60441,23.449367408001095
60444,23.449367408001095
60447,23.562757543258318
60449,23.521863188158626
60455,23.521863188158626
60456,23.521863188158626
60458,23.76463334768816
60463,23.76463334768816
60465,23.792607936883982
60466,23.42746211435978
60472,23.42746211435978
60474,23.446025911731418
60477,23.446025911731418
60484,23.446025911731418
60495,23.50980544411532
60496,23.50980544411532
60499,23.50980544411532
60501,23.50980544411532
60508,23.50980544411532
60512,23.50980544411532
60521,23.51195040057393
60522,23.560879168622616
60523,23.338581128593372
60525,23.338658958327784
60531,23.338658958327784
60532,23.337834851600316
60541,23.337834851600316
60544,23.337834851600316
60546,23.37336144310024
60548,23.37336144310024
60549,23.426138271650682
60551,23.426138271650682
60554,23.422566631969893
60558,23.411260157518594
60562,23.411260157518594
60564,23.411442360373023
60567,23.069669566447985
60569,23.069669566447985
60570,23.069669566447985
60576,23.023369585883977
60581,22.974440817835294
60583,22.974440817835294
60586,22.973545255759
60588,22.973544277420295
60590,23.007086588454143
60596,23.009728391454146
60598,23.009728391454146
60600,23.009728391454146
60601,22.97676781238283
60608,22.95091116368012
60617,23.010852331620583
60619,23.091248463693525
60622,23.09124846369352
60623,23.1149555413921
60624,23.1149555413921
60628,23.09444070385113
60629,23.094440703851127
60631,23.092138008821838
60644,23.043828461180485
60646,23.043828461180485
60651,23.043828461180485
60653,23.040890384737153
60654,23.040890384737153
60656,23.040890384737153
60659,22.866710729100543
60666,22.866710729100543
60671,22.8657852990477
60677,22.860260724277477
60681,22.824734132777554
60682,22.66546004463402
60684,22.673885213214554
60686,22.77639234471468
60689,22.778002784834552
60691,22.787400192342137
60701,22.79180685761573
60704,22.686089721690543
60713,22.509083635114326
60720,22.637398596929273
60723,22.570837144432623
60728,22.57083714443262
60736,22.64261248718075
60738,22.709261114240704
60745,22.709292559690663
60748,22.709292559690663
60749,22.71710452136285
60750,22.72638914167538
60751,22.72638914167538
60752,22.77188393539779
60753,21.993460332409743
60772,21.790885809876986
60773,21.79243862336892
60777,21.79243862336892
60781,21.79348538152013
60785,21.746763420125326
60792,21.754464564474816
60795,21.76072494071708
60797,21.75302379636759
60801,21.78081247985213
60803,21.589101068724435
60809,21.663449292357335
60810,21.663449292357335
60817,21.56690148124984
60824,21.56690148124984
60828,21.577637034868992
60829,22.26170162814082
60831,22.26170162814082
60833,22.389018853079158
60838,22.26170162814082
60841,22.063552428952253
60846,22.061807882418357
60847,22.034891290466305
60848,22.097373736165867
60852,22.097373736165867
60864,22.097373736165867
60866,21.9946357871343
60867,22.02017977526686
60871,22.02017977526686
60873,22.043954196259815
60875,22.043954196259815
60880,22.03790805328371
60881,21.94812694116929
60882,21.715373970997906
60883,21.68797780402997
60889,21.748809154962107
60894,21.804958627082133
60897,21.770491698899306
60902,21.79133703584885
60911,21.791337035848855
60914,21.791337035848855
60918,21.79156631101097
60919,21.791886590303456
60921,21.94649520590659
60926,21.96100841530267
60928,21.987285372644237
60933,21.964395033833284
60935,21.964395033833288
60937,21.920114776885715
60938,21.920114776885715
60940,21.920114776885715
60941,21.920114776885715
60948,21.920114776885715
60957,21.931336435507315
60968,21.931759626422508
60969,21.931759626422508
60977,21.932910127696374
60978,21.92154670535416
60979,21.921546705354164
60980,21.90864951965861
60984,21.90864951965861
60987,21.90864951965861
60989,21.925094947722602
60999,21.925094947722602
61001,21.925094947722602
61014,22.01692903859117
61018,22.01692903859117
61020,22.136812752769018
61022,22.138553981434764
61023,22.138553981434764
61027,22.21437736031772
61029,22.36241053074188
61035,22.360669302076136
61042,22.360669302076133
61043,22.54795653798134
61045,22.54795653798134
61046,22.54795653798134
61055,22.47716950061528
61056,22.58862573430056
61065,22.58862573430056
61066,22.694342870225746
61071,22.694342870225746
61072,22.500947439650115
61073,22.473714547859313
61080,22.508625858816856
61081,22.412166638166696
61085,22.418105913844112
61086,22.24365525562756
61089,22.254322528903813
61093,22.015734420087878
61096,22.015734420087874
61097,22.015734420087874
61098,22.015734420087874
61101,21.938384828474103
61106,22.125141489324147
61108,21.938384828474103
61120,21.938384828474103
61123,21.93442133012718
61126,21.966739868326364
61128,21.95908241417065
61142,21.95908241417065
61143,21.95908241417065
61145,21.82446921381579
61146,21.580921288715995
61147,21.557570475292923
61148,21.55757047529292
61156,21.46980088980283
61158,21.46980088980283
61162,21.433443664443914
61166,21.434352506719577
61174,21.434352506719573
61175,21.896051416800866
61178,21.89757328242241
61179,21.946221751241637
61182,22.137778498394177
61184,22.13557081069607
61187,22.135570810696066
61189,22.071657656099955
61190,22.071657656099955
61192,22.071657656099955
61195,22.071657656099955
61199,22.08720073428265
61202,22.086570921996437
61203,22.086570921996437
61206,22.086570944375225
61212,22.0333173122936
61215,22.0333173122936
61218,22.0333173122936
61222,22.0333173122936
61224,22.044273914737616
61226,21.905892366084185
61229,21.93220641638346
61230,22.008119207085716
61232,22.008119207085716
61235,22.04150143944351
61236,22.009132422247273
61243,22.01486687885518
61245,22.084079446041805
61247,21.99853852084567
61249,22.00130006932604
61250,21.992128297995542
61252,21.947224293778763
61253,21.947224293778767
61254,21.947224293778767
61256,21.947224293778767
61259,21.411452236359022
61261,21.411421038826987
61262,21.411421038826987
61267,21.411421038826987
61273,21.257140021746515
61282,21.707902665417624
61284,21.707902665417624
61285,21.81496769598352
61291,21.81496769598352
61294,21.81496769598352
61301,21.7999596720245
61303,21.803065238178196
61305,21.803065238178196
61306,21.803065238178196
61309,21.898424041489584
61310,21.9265024152378
61316,21.9265024152378
61320,21.9265024152378
61321,21.86751001494411
61322,21.850912267117298
61325,21.85102281809571
61326,21.70040855047175
61346,21.65860224226717
61348,21.659312092612424
61350,21.659312092612428
61363,21.659312092612428
61369,21.659312092612428
61372,21.65897491013151
61381,21.65897491013151
61382,21.65897491013151
61385,21.66025199912495
61395,21.691033284551054
61396,21.49414361392699
61401,21.512325447376263
61410,21.512325447376263
61418,21.547852038876186
61421,21.550334672496565
61427,21.550334672496565
61429,21.550334672496565
61435,21.550334672496565
61436,21.63235017513998
61438,21.6825072350974
61440,21.6825072350974
61446,21.6825072350974
61452,21.510542198313438
61458,21.510542198313438
61463,21.64815450743808
61464,21.65789005685707
61466,21.64815450743808
61470,21.647387303174476
61471,21.647387303174476
61477,21.582529752198326
61482,21.477969833879502
61483,21.468378893463928
61488,21.468378893463928
61492,21.6387909751252
61494,21.63879792144621
61496,21.934811008690104
61498,21.934811008690104
61501,21.957710555584583
61507,21.957710555584583
61514,22.373449807440377
61521,22.373449807440377
61524,22.739353847381448
61527,22.875671869244137
61529,22.875029196239947
61530,22.876759386418758
61534,22.8791714423041
61535,22.8791714423041
61538,22.8791714423041
61546,22.910086334866865
61553,22.782610409653483
61555,22.782610409653486
61566,22.782610409653486
61569,23.12902051369416
61570,23.162643953504105
61572,23.12902051369416
61573,23.05171673299044
61574,23.05171673299044
61575,23.29487116944547
61588,23.29487116944547
61589,23.29487116944547
61597,23.242368471428026
61599,23.29126037220799
61600,23.30060567854889
61601,23.30060567854889
61602,23.30060567854889
61603,23.356031905572767
61604,23.741006387368746
61605,23.741006387368746
61607,23.741006387368746
61611,23.741006387368746
61620,23.741006387368746
61623,23.741006387368746
61634,23.538970708912384
61635,23.419895721220023
61636,23.488201569708213
61637,23.488201569708213
61638,23.488201569708213
61642,23.488201569708213
61644,23.488201569708213
61652,23.481935068897688
61653,23.361212903857687
61655,23.333424220373146
61669,23.33750858137969
61670,23.382596355831037
61672,23.405784701299314
61674,23.580519829613788
61678,23.575600018676866
61679,23.575600018676866
61680,23.414463907574806
61681,23.465884356491465
61684,23.418717936778812
61685,23.067061980078563
61689,23.105534676441238
61691,23.105534676441238
61696,23.021219818005054
61699,23.021219818005054
61700,23.01492965612062
61701,22.88193016696882
61703,22.89274230094261
61704,22.887942956381654
61706,22.88870602620422
61707,22.888706026204222
61708,22.888706026204222
61713,22.888706026204222
61719,22.984481508242496
61722,23.035343401453474
61723,22.905686380287914
61725,22.877573442815894
61728,22.877573442815894
61734,22.879537217599275
61738,22.833905440323893
61743,22.838279535703833
61749,22.847280098766337
61750,22.814114860740844
61754,22.814114860740844
61756,22.785919926602872
61757,22.71946764453928
61761,22.71946764453928
61763,22.72094361414675
61776,22.72094361414675
61780,22.72111614395533
61784,22.72111614395533
61786,22.72111614395533
61792,22.652166417412463
61794,22.529266264805837
61802,22.489726554070177
61806,22.5010335602285
61807,22.501134519074583
61809,22.500221336516034
61815,22.781136876032587
61816,22.781136876032587
61820,22.768600869700826
61822,22.963670209564555
61823,22.974527702269064
61825,22.708388248586378
61828,22.713338407119412
61831,22.713338407119412
61833,22.713338407119412
61834,22.713338407119412
61838,22.713338407119412
61841,22.66870547899513
61842,22.66870547899513
61843,22.66870547899513
61844,22.66870547899513
61851,22.66736681970363
61854,22.66736681970363
61855,22.66736681970363
61862,22.66736681970363
61863,22.662416661170596
61869,22.67405740178853
61871,22.67405740178853
61872,22.62440286537901
61875,22.629630596100462
61878,22.629630596100462
61880,22.629630596100462
61881,22.629630596100462
61884,22.629630596100462
61885,22.629824536664024
61886,22.62982453666402
61887,22.62982453666402
61890,22.62982453666402
61892,22.62982453666402
61895,22.70721282075912
61897,22.871874104783775
61898,22.452165575127452
61903,22.306445237404656
61917,22.298910772316585
61918,22.22744461708099
61921,22.186843543384537
61922,22.18684354338454
61923,22.18396730825368
61935,22.183967308253678
61937,22.183967308253678
61941,22.183967308253678
61948,22.131498906887057
61950,22.18805853146888
61952,22.18805853146888
61959,22.182865950136232
61963,22.73315585477505
61965,22.754301541887358
61969,22.75430154188736
61972,22.724549065374962
61975,22.70951384190454
61976,22.709513841904535
61977,22.709513856522165
61978,22.709513856522165
61979,22.71470643785481
61985,22.71470643785481
61987,22.71470643785481
61989,22.729705989386815
61994,22.729705989386815
61995,22.735475709790677
61999,23.09872930935041
62005,23.08797032961148
62006,23.156731499358905
62007,23.156731499358905
62009,22.81030963227556
62011,22.81030963227556
62012,22.81030961765793
62017,22.81030961765793
62024,22.69308767117619
62029,22.67294462723565
62033,22.68379359975965
62042,22.72327096987726
62044,22.72327096987726
62049,22.72327096987726
62050,22.792492557480003
62055,22.79249255748
62058,22.79249255748
62072,22.792492557480013
62075,22.792492562750446
62076,22.792492562750446
62081,22.792492562750446
62086,22.70023226511655
62090,22.72205235297977
62097,22.91583843644501
62099,22.920240664071706
62101,22.920240664071706
62102,22.920240664071706
62105,22.920240664071706
62106,22.920240664071706
62113,22.80294146855928
62114,23.2671734568052
62121,23.2671734568052
62122,23.2671734568052
62125,23.2671734568052
62128,23.2672484219517
62130,23.2672484219517
62136,23.2672484219517
62137,23.2672484219517
62138,23.060100769644148
62142,23.060100769644148
62143,23.060100769644148
62144,23.06014374815507
62146,22.878261326361343
62148,22.878261326361343
62151,22.923972211633668
62173,22.962239999414066
62186,22.962239999414066
62191,22.962239999414066
62198,22.962239999414066
62201,22.962239999414066
62203,22.962239999414066
62205,22.98302517659959
62207,23.050736529692635
62209,22.908349450826673
62213,22.786888221876417
62214,22.78862795742407
62216,22.81449851065901
62220,22.814498510659014
62221,22.79462006667594
62222,22.802004941544187
62223,22.80200494154419
62224,22.626582594860306
62227,22.634444699528935
62230,22.425709451849144
62234,22.290625756968144
62242,22.265845434230037
62247,22.302699712642415
62248,22.304091646515015
62249,22.30409164651502
62251,22.30409164651502
62252,22.30409164651502
62261,22.34285383473929
62265,22.342853834739287
62267,22.342853834739287
62268,22.344948660653895
62272,22.343258047998876
62274,22.2314279565529
62275,22.191335427420675
62280,22.191335427420675
62286,22.207101027835627
62288,22.207101027835627
62302,22.207101027835627
62304,22.207101027835627
62309,22.207101027835627
62313,22.207101027835627
62318,22.207101027835627
62330,22.186944721272912
62333,22.19050460136627
62335,22.240685450518736
62341,22.243559728635322
62342,22.24355972863532
62356,22.24355972863532
62358,22.24355972863532
62360,22.47702860743607
62361,22.51726324174307
62369,22.520351280334154
62371,22.520351280334157
62372,22.52349679564481
62373,22.524887652088605
62375,22.524887652088605
62376,22.682094851360354
62380,22.68209485136035
62389,22.598195643410218
62390,22.598195643410218
62393,22.59297999649104
62394,22.23694212711785
62395,22.23694212711785
62397,22.246747368957728
62407,21.96725099510973
62408,21.800893183616264
62418,21.775799536236526
62424,21.775799536236526
62425,21.77217876249104
62426,21.819774028815715
62430,21.819774028815715
62438,21.875702590970565
62439,21.872826355839706
62440,21.872826355839706
62445,21.810923035218423
62448,21.810923035218423
62450,21.524523783992546
62451,21.547518704672708
62452,21.43832495734286
62455,21.443386748457932
62456,21.443386748457936
62459,21.42952227613978
62460,21.44040388803051
62462,21.420668979403064
62463,21.441965856828993
62464,21.44141766547121
62470,21.355305650180753
62473,21.355305650180753
62474,21.374357932662
62475,21.37809338848868
62478,21.382330046592774
62479,21.38289806260464
62482,21.38289806260464
62488,21.440601429200086
62493,21.374083584869535
62495,21.37408358486954
62499,21.42096157705345
62514,21.420961577053447
62519,21.420961577053447
62523,21.420961577053447
62526,21.311984295079636
62531,21.31198429507964
62532,21.41000889023708
62534,21.249327654410614
62536,21.249327654410614
62541,21.25033849585029
62544,21.249327654410614
62549,21.249327654410614
62555,21.249327654410614
62557,21.254118683475575
62558,21.254118683475575
62561,21.09007174093492
62562,21.081909197885526
62568,21.09948697386234
62581,21.099172742058727
62582,21.099172742058727
62599,21.203632471001132
62604,21.203632471001132
62606,21.203632471001132
62607,21.203632471001132
62608,21.203632471001132
62609,20.96664088354458
62611,20.96664088354458
62613,20.96664088354458
62628,20.96664088354458
62630,20.96664088354458
62632,20.96664088354458
62638,20.861826705460892
62642,21.075694449637076
62646,21.075694449637076
62649,21.07886630200497
62650,21.07886630200497
62657,21.07886630200497
62668,21.12215510188413
62669,21.079004113557104
62674,21.0790041135571
62676,21.0790041135571
62680,21.0790041135571
62693,21.12112127954728
62694,21.12112127954728
62695,21.12112127954728
62702,21.13865305211134
62708,21.07775528692159
62709,21.997078539725752
62710,21.997078539725752
62711,22.005125037393686
62712,22.005125037393686
62715,21.99577973105278
62718,21.95250208107633
62721,21.95250208107633
62722,21.94592067375111
62724,22.07698603029363
62728,22.07698603029363
62729,22.293435212704768
62731,22.23901218135764
62734,22.239012181357637
62736,22.192108281597196
62742,22.192108281597193
62743,22.192108281597193
62751,22.077066530054708
62754,22.076490008989584
62757,22.283038274391416
62761,22.283591268985962
62764,22.4166173725481
62767,22.4166173725481
62774,21.99066269943137
62776,21.983303882854038
62781,21.985830163872205
62785,21.985830163872205
62790,22.01870548431128
62793,22.02537686534068
62797,21.916034432548834
62801,21.919762580522026
62806,21.91976258052203
62807,22.041460359468136
62808,22.041460359468136
62809,22.039049176351618
62811,22.058410446737525
62812,22.058410446737522
62816,22.058922857063273
62817,22.184726454710237
62818,22.184726454710237
62819,22.067570232388988
62820,22.067570232388984
62832,22.044750014272378
62836,22.044750014272378
62838,22.100480490397555
62845,22.100480490397555
62849,22.100481005417464
62854,22.456389581301025
62861,22.456389581301025
62866,22.414682400049223
62868,22.327455810761027
62871,22.386086754214787
62876,22.386086754214787
62877,22.397833228930864
62879,22.397833228930864
62881,22.23584754593879
62885,22.283220559920043
62886,22.28039562619804
62889,22.28039562619804
62890,22.28004503623963
62894,22.12206727471395
62896,22.107737551906467
62897,22.107601624666763
62905,22.107601624666763
62906,22.107601624666763
62907,22.107601624666756
62908,22.107601624666756
62913,21.946377859873472
62916,21.985287874705435
62920,21.985287874705435
62925,21.985287874705435
62926,21.985287874705435
62927,21.985287874705435
62928,21.97505042541466
62931,21.97505042541466
62933,21.9751874497467
62935,21.985198162366824
62941,21.985198162366824
62942,22.00995670939167
62946,22.015319065443794
62947,21.984921408368113
62950,22.006858095484386
62951,22.006858095484386
62959,22.013439502809604
62964,21.958161625265788
62965,21.94413945152648
62966,21.938777095474357
62967,22.00860129297167
62969,22.00860129297167
62971,22.00860129297167
62980,21.986689727978106
62991,22.231484209938078
62995,22.231484209938078
62997,22.27846620318944
62999,22.278475702575562
63003,22.30309980607942
63007,22.33939459110033
63008,22.345533262500513
63010,22.402652677373425
63012,22.42786526778215
63014,22.427865267782153
63018,22.188667729961857
63019,22.188667729961857
63021,22.188987621372824
63025,22.209746635387848
63027,22.176903131416466
63029,22.25215407646932
63030,22.252154076469317
63037,22.252154076469317
63038,22.22972107979578
63040,22.22972107979578
63041,22.22972107979578
63043,22.22973677978927
63046,22.22973677978927
63048,22.22973677978927
63049,22.22973677978927
63051,22.22973677978927
63054,22.238133329698023
63055,22.21292073928929
63058,22.038210839628338
63061,22.347769515286448
63066,22.359507924020207
63070,22.323486195324755
63077,22.355328191739456
63078,22.323486195324755
63082,22.293213479326088
63087,22.293213479326088
63092,22.326337993992478
63095,22.323898741217395
63098,22.2878435691168
63100,22.2878435691168
63101,22.2878435691168
63105,22.28340600062082
63109,22.37558201933108
63112,22.40711215804422
63113,22.407777716569
63114,22.407777716569004
63115,22.407777716569004
63118,22.407777716569004
63121,22.30584506076872
63126,22.406325100991882
63127,22.40358715636857
63132,22.403587156368573
63134,22.39909887505023
63137,22.39909887505023
63139,22.049497000347277
63142,22.049497000347277
63143,22.049497000347277
63144,22.049497000347277
63146,22.05034176433768
63148,21.712676309252576
63156,21.743262465942358
63157,21.74326246594236
63158,21.76479024573437
63162,21.706238701512792
63163,21.711522773266136
63168,21.711522773266136
63178,21.711522773266136
63183,21.647491174152748
63187,21.647491174152748
63189,21.647491174152748
63190,21.649230909700396
63193,21.649230909700393
63194,21.649230909700393
63197,21.649230909700393
63198,21.3000900835397
63202,21.300090083539708
63204,21.2303408205127
63223,21.22365743515369
63224,21.22027967516168
63226,21.156515932883973
63232,21.156515932883973
63239,21.156515932883973
63245,21.130985887885643
63246,21.132877481271308
63250,21.191924501417066
63252,21.16882418423265
63263,21.16882418423265
63272,21.08801613669673
63273,21.09374392352955
63274,21.100879353523375
63277,21.11101235188542
63278,21.11101235188542
63283,21.107936760501794
63290,21.404624883477737
63291,21.39397465824866
63293,21.319396830196244
63297,21.315927885461544
63298,21.31592788546154
63300,21.31592788546154
63301,21.31592788546154
63302,21.31363256709499
63304,21.299753068217147
63305,21.299753068217147
63306,21.335410649898915
63307,21.322104501539112
63312,21.322104501539112
63314,21.323229486552943
63318,20.97831431363317
63320,20.980483633303454
63323,20.9813890624264
63326,21.030450720050695
63327,21.026195497335525
63331,21.03564375576498
63337,21.084822119336934
63349,21.084822119336934
63352,21.098844293076244
63354,21.03823789970452
63361,21.03823789970452
63362,21.03823789970452
63363,21.03823789970452
63364,21.057306699581375
63365,21.057306699581375
63366,21.057306699581375
63367,21.058544543917602
63369,21.058544543917602
63372,20.992984477977192
63373,20.992984477977195
63374,20.987853314050522
63391,20.98785331405052
63392,21.151862287323937
63393,21.203335565792738
63395,21.203335565792738
63399,20.664378061025744
63401,20.677301810954347
63408,20.643887143164164
63410,20.643887143164164
63414,20.643887143164164
63417,20.62502491027469
63422,20.62502491027469
63424,20.62502491027469
63431,20.62502491027469
63432,20.62502491027469
63433,20.642381263101363
63436,20.60266553860588
63443,20.905139869420385
63448,20.905139869420385
63450,20.905139869420385
63451,20.905136737726888
63457,20.527740235557882
63459,20.52774023555788
63461,20.562872229117644
63464,20.562872229117644
63465,20.57204963175264
63467,20.57204963175264
63470,20.499052087496125
63471,20.49904712397753
63472,20.560549300348598
63476,20.560549300348598
63478,20.640317866614414
63482,20.705399305672035
63485,20.62332549586922
63490,20.62332549586922
63492,20.49154586699189
63493,20.516259918981724
63494,20.602403776938328
63495,20.445469292859922
63507,20.359983285553444
63508,20.359983285553444
63515,20.018773509434904
63519,20.018773509434904
63521,19.93610934243586
63536,19.934871498099632
63537,19.93487149809963
63539,19.95105407069844
63541,19.954896794150613
63544,19.954896794150613
63545,19.954896794150613
63548,19.954896794150613
63552,19.954896794150613
63554,19.954896794150613
63557,19.960309392663095
63562,19.960309392663095
63564,20.261043812395418
63568,20.174899954438818
63570,20.157543601612144
63572,20.14836619897715
63577,20.14836619897715
63580,20.089756422644495
63583,20.091744912549025
63584,20.107180633323544
63585,20.107619944802984
63587,20.107619944802988
63588,20.107619944802988
63594,20.107619944802988
63595,20.106628070576956
63604,20.219111857298266
63607,20.262697090677825
63608,20.26867684517463
63614,20.268676845174628
63619,20.06190681656896
63622,20.06190681656896
63624,20.34023943840831
63633,20.23975939818515
63636,20.283084641435412
63639,20.22633152197343
63650,20.228603714277714
63651,20.22860776849695
63655,20.22860776849695
63662,20.22860776849695
63664,20.22860776849695
63666,20.22860776849695
63668,20.23038139804764
63670,20.23038139804764
63672,20.15799602095512
63677,20.08250209727344
63680,20.043304974226356
63683,20.040184412864928
63685,19.984125762468697
63686,20.02793969347307
63688,20.026272608797555
63694,20.026272608797555
63697,20.026272608797555
63698,20.026272608797555
63700,19.939221951055202
63702,19.939221951055202
63712,19.939221951055202
63713,19.93970280937057
63717,19.93970280937057
63720,19.93970280937057
63721,19.93970280937057
63726,19.93970280937057
63729,19.91231522713373
63733,19.817337694108033
63735,19.8562886563222
63743,19.82341790488393
63744,19.823417904883932
63750,19.823417904883932
63751,19.823417904883932
63752,19.86642102525599
63753,19.86642102525599
63755,19.785141054931955
63756,19.396736215547588
63767,19.218773906914763
63768,19.290949915895958
63770,19.293617063257418
63777,19.267806202837818
63781,19.2199378133687
63785,19.2199378133687
63786,19.2262184252842
63788,19.2262184252842
63789,19.2262184252842
63790,19.2262184252842
63793,19.2320264200703
63795,19.03065020060066
63798,19.13339556380516
63805,19.13339556380516
63807,19.13339556380516
63814,19.107654898133653
63822,19.107654898133656
63826,19.10699968291804
63837,19.10071907100254
63840,19.10071907100254
63842,19.109143443975324
63850,19.109143443975324
63852,19.242226393321243
63853,19.421807134879955
63854,19.493429222277584
63857,19.35768558908327
63860,19.35768558908327
63867,19.35768558908327
63868,19.542558207362447
63871,19.542558207362447
63872,19.54253097777437
63878,19.553770324823606
63880,19.553770324823606
63881,19.553770324823606
63883,19.597863462588283
63886,19.84958925498627
63888,19.607040865223283
63891,19.60704086522328
63892,19.60704086522328
63893,19.60704086522328
63894,19.60748615323003
63895,19.569096156161418
63897,19.560690999444578
63900,19.560690999444578
63905,19.43416145255646
63908,19.43416145255646
63911,19.43416145255646
63913,19.43416145255646
63914,19.43416145255646
63915,19.413082606883602
63917,19.284928558588067
63918,19.450064034575803
63929,19.45611214798108
63930,19.456146735213462
63932,19.516627446616805
63934,19.516627446616802
63937,19.362336500549883
63940,19.362336500549883
63942,19.29642214691255
63943,19.29642214691255
63949,19.29642214691255
63950,19.29642214691255
63951,19.29642214691255
63958,19.027021529295688
63959,19.028416178328282
63965,19.028416178328282
63969,18.880393029291625
63973,18.91300120676977
63975,18.91300120676977
63978,18.911610715705947
63979,19.24482414438991
63984,19.242927185027508
63987,19.242927185027508
63988,19.242927185027508
63995,19.242927185027508
63998,19.2721915480291
64002,19.272245877444746
64004,19.288968710409822
64005,19.288968710409822
64007,19.288968710409822
64008,19.21536934964904
64011,19.900813184159794
64012,19.900813184159794
64013,19.903677507523536
64014,19.92483348497501
64022,19.916140593595216
64023,19.914977600595957
64025,19.914977600595957
64028,19.914997219544087
64035,19.914997219544087
64037,19.914997219544087
64040,19.69466179027732
64044,19.69466179027732
64047,19.69466179027732
64051,19.71266759405686
64057,19.712697548325185
64058,19.71090247657815
64059,19.717466927855128
64062,19.77543325151769
64064,19.775433251517686
64084,19.775433251517686
64086,19.774586091250846
64094,19.765802063365065
64100,19.76580206336507
64102,19.76580206336507
64103,19.706033282546123
64106,20.14138907959914
64108,20.14138907959914
64114,20.186007485371057
64117,20.190206683441524
64122,20.190206683441524
64124,20.259945091024257
64125,20.259945091024257
64126,20.328452573038454
64127,20.30961646629294
64130,20.309616466292926
64137,20.072024563102698
64140,20.084136236794613
64142,20.08413623679461
64148,20.08413623679461
64154,20.08413623679461
64155,20.08413623679461
64160,19.90727242401605
64163,19.86347887322731
64164,19.86347887322731
64165,19.86286955718695
64166,19.954414204656732
64168,19.954414204656736
64171,19.847409844268817
64177,19.847409844268817
64178,19.847409844268817
64183,19.8475958739877
64184,19.8475958739877
64185,19.8475958739877
64187,19.821740915358248
64189,19.82171521401315
64191,19.744855189406987
64193,19.82965798964586
64194,19.794767420048665
64197,19.794767420048665
64200,19.743646878415927
64203,19.689598036603336
64206,19.689068288142476
64207,19.689068288142476
64208,19.689068288142476
64213,19.689068288142476
64214,19.689068288142476
64215,19.617351671093303
64217,19.620878192752695
64221,19.61236193013428
64223,19.574018835355233
64229,19.57027358527051
64230,19.57027358527051
64234,19.57027358527051
64239,19.299187326883743
64247,19.283283073978748
64251,19.28831225382757
64252,19.246921544723858
64253,19.24692154472386
64256,19.24692154472386
64270,19.251428871084975
64278,19.275036055296386
64285,19.336059973207792
64289,19.336059973207792
64291,19.336907133474632
64293,19.336907133474632
64294,19.336907133474632
64300,19.336907133474632
64301,19.408733528743042
64302,19.411746659555973
64305,19.41174665955597
64308,19.411146348987145
64311,19.411146348987145
64316,19.41113493162547
64319,19.419010690520984
64321,19.419010690520984
64329,19.323402522818103
64336,19.194250472139473
64342,19.196555264951023
64345,19.404423527608518
64346,19.404174503211184
64359,19.39321990346043
64364,19.375919906482444
64366,19.398018836419112
64370,19.403290470719664
64375,19.403290470719664
64377,19.40226985122435
64379,19.416618580086933
64380,19.394224945363323
64383,19.45535775968634
64384,19.45535775968634
64387,19.44435945378066
64391,19.452323881934646
64394,19.44435945378066
64400,19.430619394866778
64412,19.43061939486679
64426,19.43061939486679
64429,19.43061939486679
64436,19.425991552453333
64438,19.426731324828022
64443,19.42444644550514
64446,19.505857809053406
64448,19.505857809053403
64449,19.518707711610638
64450,19.505857809053403
64451,19.451111729536073
64452,19.44733169023493
64459,19.32389020982747
64462,19.352357782959505
64463,19.352357782959505
64466,19.352357782959505
64472,19.352351380017986
64476,19.284205496068797
64480,19.292225417116864
64482,19.292225417116864
64483,19.32429346072915
64490,19.486749953520267
64495,19.40882301145419
64496,19.408823011454192
64502,19.206677168597896
64505,19.206677168597896
64507,19.520406056167847
64508,19.520406056167847
64514,19.234617850054484
64519,19.234617850054484
64527,19.188717397627503
64530,19.13510235467564
64535,19.135102354675645
64537,19.136402449218103
64542,19.1442907890144
64543,19.318827346179184
64544,19.20402923016622
64551,19.20402923016622
64568,19.20402923016622
64570,19.20402923016622
64571,19.20402923016622
64577,19.417840142217493
64580,19.225563628365084
64592,19.30271429463606
64596,19.3025586379237
64597,19.3025586379237
64599,19.3025586379237
64600,19.301908769486644
64610,19.176521366164163
64617,19.378669246633986
64618,19.359120248080256
64619,19.361654430799327
64621,19.361654430799327
64624,19.361654430799327
64629,19.361654430799327
64631,19.361654430799327
64633,19.35982305593959
64634,19.367746083756874
64638,19.380330049358747
64639,19.367746083756874
64644,19.46198560742601
64645,19.404127698909402
64652,19.404127698909402
64655,19.40231880535071
64657,19.40607057737747
64669,19.40231880535071
64675,19.40231880535071
64678,19.4064640831035
64681,19.106668146708657
64685,19.07871865369679
64687,19.050031450990424
64689,19.41465793943496
64696,19.398218648446377
64712,19.398218648446377
64717,19.395684465727307
64718,19.35670803772396
64721,19.35670803772396
64729,19.356985032219733
64731,19.357032266116093
64741,19.570381348186455
64743,19.562460171682204
64745,19.562460171682204
64750,19.573561882561062
64754,19.577612921954
64755,19.5844471920745
64757,19.5844471920745
64758,19.640366207957804
64760,19.640366207957808
64772,19.672952950261287
64775,19.672952950261287
64779,19.63092851336912
64780,19.62928674408958
64782,19.629286744089576
64783,19.629286744089576
64786,19.629286744089576
64788,19.643660259099903
64789,19.683598501508587
64793,19.683598501508587
64798,19.683598501508587
64803,19.648068599263304
64808,19.683757531816436
64810,19.684106329714773
64813,19.68530005181768
64820,19.68530005181768
64822,19.68530005181768
64823,19.676057521758075
64825,19.598692416132018
64827,19.617278509283725
64832,19.528824751600933
64834,19.58432649585037
64836,19.58432649585037
64838,19.58432649585037
64850,19.593913119819675
64853,19.596324302936193
64854,19.596324302936193
64860,19.596324302936193
64868,19.596324302936193
64869,19.572858135798757
64873,19.58015988387402
64874,19.58015988387402
64882,19.585885711151967
64883,19.677028349244594
64886,19.677028349244594
64890,19.677028349244594
64894,19.686957812709533
64898,19.548075422267416
64899,19.548075422267416
64902,19.548075422267416
64903,19.548075422267416
64910,19.250467544527893
64912,19.261951360898305
64915,19.686495600932247
64920,19.686495600932247
64923,19.686495600932247
64935,19.691194470964103
64939,19.691194470964103
64941,19.691215500937105
64947,19.691085680039436
64949,19.691085680039436
64951,19.694775401096667
64952,19.694775401096667
64960,20.07579360391879
64963,20.01948958454646
64969,20.01948958454646
64970,20.01948958454646
64980,20.023365664592276
64981,20.023365664592276
64984,19.79231289582096
64986,19.808142124185206
64988,19.89426424476776
64993,19.89426424476776
64995,19.902810980636662
64997,19.902810980636662
64998,19.919204982315907
65003,19.919236470432033
65006,19.919236470432033
65009,19.919236470432033
65015,19.901648550205657
65017,19.90164855020566
65018,19.90164855020566
65029,20.15281886119211
65032,20.15281886119211
65035,20.15281886119211
65038,20.15281886119211
65039,20.15281886119211
65040,20.15281886119211
65041,20.15281886119211
65043,20.15730519534389
65044,20.13521947962096
65055,20.13521947962096
65059,20.13521947962096
65060,20.102934241827597
65067,20.102934241827597
65075,20.12325463110103
65079,20.12860157688931
65081,20.254602866878617
65083,20.129718903116405
65085,20.303751548821808
65086,20.30402726563087
65087,20.30402726563087
65089,20.30402726563087
65091,20.30402726563087
65095,20.40064413027572
65096,20.40064413027572
65097,20.413145751626868
65102,20.413145751626864
65105,20.418525618330577
65106,20.418525618330577
65113,20.32190875368573
65114,20.253616700855396
65116,20.162325563883122
65119,20.120817107880804
65124,20.199367855455904
65126,20.199367855455904
65127,20.153193407839748
65132,20.153193407839748
65136,20.15214107308824
65137,20.105340945362336
65139,19.935793138613462
65140,19.935793138613462
65141,19.891677930225985
65144,19.891677930225985
65145,19.928514965011534
65148,19.928514965011534
65149,19.94419664626351
65154,20.07435769201353
65156,19.94419664626351
65164,19.725665518149068
65168,19.725665518149068
65172,19.725665518149068
65179,19.7194704452571
65180,19.72504344968328
65192,19.735299673621352
65195,19.735299673621352
65200,19.735299673621352
65203,19.682660762290222
65208,19.682660762290222
65211,19.440932756868175
65212,19.37363167057588
65217,19.33174070048272
65218,19.282047917354845
65220,19.28204791735484
65221,19.214821591520884
65228,19.206422279407747
65231,19.20592150322224
65233,19.20592150322224
65234,19.221748946096476
65236,19.221748946096476
65238,19.221748946096476
65239,19.16007200365728
65240,19.077373292206598
65242,19.077373292206598
65244,19.009225609578156
65252,18.923526741139945
65254,18.92732257904934
65256,18.92732257904934
65257,18.92732257904934
65266,18.882190370487482
65267,18.88249364131825
65268,18.881494142654795
65269,19.21885072522043
65271,19.1675124662469
65275,19.1675124662469
65278,19.1675124662469
65279,19.168328933687587
65282,19.128731567516894
65284,19.053147774861976
65285,19.05441245898752
65287,19.11223150886729
65288,19.112231508867293
65289,19.112231508867293
65296,19.112231508867293
65302,19.212383120839174
65303,19.027964919939517
65306,18.996154808374335
65309,18.996154808374335
65313,18.996154808374335
65318,18.996154808374335
65320,19.092021404624507
65324,19.092021404624507
65326,19.092051431643945
65331,19.111058825942557
65333,19.073298155853696
65337,19.07451286209
65340,19.075795933819762
65341,19.075795933819762
65343,18.97854188673951
65346,18.978541886739507
65348,18.97025211756722
65358,18.945517819062957
65359,18.945517819062957
65365,18.945517819062957
65372,18.945978860535526
65373,18.945978860535522
65374,18.89368610588243
65379,18.89368610588243
65386,18.89368610588243
65391,18.891744150671826
65392,18.889606213848495
65394,18.975655340113025
65403,18.939724707209713
65404,19.00436952558306
65414,19.02078549762896
65417,19.010647391921204
65420,18.965129098916712
65424,18.902934034608258
65426,18.902934034608254
65427,18.910796052857272
65430,18.910796052857272
65435,18.910796052857272
65440,18.89438008081137
65441,18.86267904048002
65443,18.919018586873335
65444,18.919018586873335
65446,18.919018586873335
65448,18.718867293435295
65449,18.718867293435295
65451,18.718867293435295
65460,18.62344073438269
65461,18.62344073438269
65462,18.62344073438269
65463,18.62344073438269
65464,18.61899654988989
65465,18.655161600135372
65474,18.659605784628177
65478,18.668137158255632
65486,18.670332319470294
65488,18.670332319470294
65493,18.63072690474964
65496,18.503458954720426
65499,18.503847321021833
65501,18.503966083018884
65502,18.51204457156632
65506,18.617270468778464
65509,18.617270468778464
65511,18.63957581015141
65512,18.734324280438326
65515,18.77841532083497
65526,18.6965792304859
65529,18.48256730085603
65532,18.48256730085603
65542,18.392289090301194
65544,18.275740426275156
65555,18.275740426275156
65557,18.275740426275156
65562,18.275740426275156
65566,18.275740426275156
65567,18.346155770738655
65571,18.16700870504335
65572,18.16700870504335
65575,18.130843654797868
65577,18.06762099607825
65581,18.06762099607825
65584,18.06762099607825
65593,18.06536295685383
65595,18.065059686023066
65597,18.168122497362265
65603,18.218491081134072
65606,18.218491081134072
65609,18.24954364845297
65610,18.2125198840234
65613,18.263988352176817
65617,18.27649227727938
65619,18.415355082338163
65623,18.430750712453214
65624,18.43075071245321
65627,18.43075071245321
65629,18.383239100241795
65634,18.375315198331418
65635,18.294427191088392
65636,18.32863705989411
65637,18.32863705989411
65638,18.32863705989411
65640,18.411663356806375
65644,18.472820553075465
65646,18.47282055307546
65647,18.386031778494896
65651,18.3902514721725
65652,18.390251472172498
65657,18.390251472172498
65663,18.425639359178245
65665,18.425639359178245
65671,18.430858397045878
65674,18.43148369021048
65682,18.838916780073053
65683,18.838916780073053
65688,18.799423517090833
65692,18.612227520659456
65697,18.5234815633347
65702,18.523481563334702
65713,18.594491749002003
65716,18.56515479592119
65717,18.565154795921185
65720,18.57135787083494
65721,18.611321590386286
65725,18.611321590386286
65726,18.470752993488254
65741,18.422124941907022
65749,18.425109246136312
65751,18.555888383206174
65754,18.503662302687314
65755,18.503662302687314
65776,18.1620513278151
65784,18.1620513278151
65785,18.29482268174514
65787,18.426177061648666
65788,18.42617706164867
65790,18.42617706164867
65796,18.43042964751507
65799,18.43042964751507
65803,18.455141645319053
65807,18.449892910868186
65808,18.678246710427427
65811,18.678246710427427
65812,18.678246710427427
65833,18.68921970237751
65836,18.68921970237751
65837,18.7299683344283
65838,18.71086061791229
65840,18.75295919027553
65846,18.75295919027553
65851,18.75295919027553
65852,18.75295919027553
65853,18.75514128072738
65856,18.75907306451968
65862,18.75907306451968
65868,18.75907306451968
65869,18.75514128072738
65880,18.75514128072738
65882,18.755143764738186
65883,18.6205472133688
65891,18.6205472133688
65896,18.210622701284475
65903,18.21062270128447
65908,18.23255773178621
65913,18.232557731786205
65915,18.36366873291719
65916,18.564182191238448
65919,18.32212601150988
65922,17.8569515007157
65925,17.8569515007157
65932,17.95177842737345
65933,17.951723092069116
65937,17.951723092069116
65938,18.060762465435403
65939,18.051835887261177
65942,18.051835887261177
65947,17.985776937463864
65951,17.985776937463864
65955,17.98829068938809
65958,17.99241201821222
65963,17.99241201821222
65964,17.99241201821222
65967,17.946456449342573
65970,17.946456449342577
65975,18.05744206458785
65977,18.031115134011596
65981,18.0311151340116
65984,18.030874159783806
65986,18.030874159783803
65988,18.030874159783803
65992,18.012689160212112
65996,18.216524166591505
65997,18.216524166591505
66000,18.216524166591505
66002,18.170144981572438
66005,18.161884276045324
66010,18.161884276045324
66012,18.117687309982866
66013,18.117687309982866
66016,18.16770299944956
66018,18.168285353505723
66026,18.168285353505723
66031,18.168285353505723
66032,18.285622589604532
66036,18.29662641777895
66037,18.355814652584158
66045,18.355814652584158
66054,18.356543750289738
66055,18.3876750461013
66056,18.432088547708965
66057,18.432088547708965
66067,18.47647830840939
66074,18.608269916427922
66075,18.608269916427922
66076,18.608269916427922
66083,18.608269916427922
66085,19.075453754611406
66086,19.105360377157158
66087,19.105360377157155
66093,19.105360377157155
66096,19.105360377157155
66098,19.088921086168572
66099,19.088921086168572
66105,19.128385669196042
66120,19.124203645612052
66122,19.11802995873633
66127,19.11802995873633
66128,19.077857094592083
66132,19.109803963595805
66136,19.105747970813646
66139,19.10559889262656
66143,19.104173604600163
66148,19.2397303655421
66158,19.2397303655421
66162,19.23833911014091
66163,19.238339110140913
66165,19.238339110140913
66167,19.115512423225212
66173,19.080726660183693
66178,19.081468639372716
66183,19.082498682212226
66188,19.178740456470795
66200,19.17896541316693
66203,19.185139100042655
66204,19.185139100042655
66207,19.27634922326623
66212,19.51534298665643
66222,19.515142944818034
66226,19.527171808531282
66227,19.2762477388385
66231,19.277465486014602
66235,19.289700007335668
66238,19.387770953244537
66239,19.387770953244534
66241,19.388500050950114
66244,19.543941267988323
66246,19.55468792011485
66247,19.51096008077385
66248,19.510568009998256
66251,19.39334440104635
66255,19.39401528383647
66256,19.37130201579824
66263,19.37130201579824
66265,19.37130201579824
66268,19.43728097560543
66269,19.534849389170493
66270,19.656492645542492
66272,19.656492645542492
66278,19.656492645542492
66286,19.661619558960293
66293,19.66161955896029
66296,19.722069319143817
66298,19.711322667017292
66301,19.931525295505644
66304,19.931525295505644
66308,19.975289439294468
66314,19.973718134235728
66324,19.973718134235728
66326,19.973718134235728
66331,19.964739299203135
66337,19.937987586551056
66339,19.937987586551053
66340,19.947866387612855
66341,19.947866387612855
66344,19.930085887228007
66345,19.926290049318613
66351,19.92629004931861
66353,19.928190073033015
66354,19.928190073033015
66362,19.928923445723715
66364,19.93181253137255
66366,19.930667550366735
66367,19.930696614030524
66372,19.92676285785614
66377,19.812864856888396
66378,19.81286485688839
66379,19.74680905744699
66380,19.565107093477586
66384,19.563687138450945
66386,19.563687138450945
66387,19.565010325491162
66388,19.240507630572385
66394,19.243392383961435
66405,19.132939155855702
66409,19.10631352062279
66411,19.093499443200923
66414,19.093499443200926
66416,19.006752781698307
66419,19.00851383109088
66421,19.008513831090877
66424,19.008513831090877
66428,19.008513831090877
66434,18.98773104575192
66435,18.968923338588493
66438,18.930336199145824
66439,18.930336199145824
66446,18.930336199145824
66455,18.7852760355159
66460,18.858713455902645
66464,18.91553723325805
66466,18.91743048758599
66467,18.916414329893797
66468,18.774581136186725
66472,18.7777163716456
66477,18.778982983503706
66478,18.77898298350371
66480,18.656658271048766
66485,18.696098742773792
66486,18.64418551761156
66492,18.6335816799554
66493,18.623540230329652
66494,18.584860817053304
66497,18.593377079671722
66500,18.645837023357508
66502,18.645837023357508
66509,18.306007910831173
66512,18.306007910831177
66516,18.306007910831177
66517,18.32938216900622
66520,18.32970955367528
66526,18.173217507603585
66529,18.17321750760358
66531,18.351260144194775
66535,18.351260144194775
66540,18.351260144194775
66551,18.351260144194775
66557,18.299639259534104
66561,18.299639259534107
66563,18.299639259534107
66564,18.287342901787383
66566,18.425147358150614
66569,18.458649067875847
66572,18.47611510308549
66576,18.478195774732146
66577,18.471201770207813
66581,18.46928621145773
66589,18.47000581013578
66590,18.476311173488657
66592,18.433090933248398
66593,18.434943085627378
66596,18.43939202323701
66601,18.43939202323701
66602,18.43939202323701
66604,18.421048366838136
66605,18.51039855591621
66608,18.46452243163949
66611,18.507197751825107
66613,18.66025739366801
66614,18.507197751825107
66615,18.507197751825107
66617,18.426310465696325
66622,18.39477075577364
66623,18.389948198409407
66624,18.389949268511238
66627,18.556970752966016
66639,18.556970752966016
66646,18.555183825791648
66647,18.574647108693277
66655,18.599786867558144
66664,18.599786867558144
66670,18.599786867558144
66686,18.599786867558144
66690,18.601487556854998
66697,18.594739417120735
66698,18.538659179238838
66701,18.538659179238838
66709,18.531970988711368
66710,18.53197098871137
66712,18.53283917522137
66715,18.53283917522137
66716,18.564117737112856
66723,18.55088861573568
66728,18.55088861573568
66731,18.5184434424813
66732,18.518443442481296
66733,18.518442019246294
66735,18.43715928699488
66737,18.43548000859472
66738,18.3188871628167
66741,18.3188871628167
66743,18.3357909584205
66749,18.3357909584205
66754,18.3357909584205
66755,18.3357909584205
66757,18.3357909584205
66762,18.351161758493742
66766,18.351161758493742
66768,18.351161758493742
66770,18.351161758493742
66771,18.351161758493742
66772,18.324494971745466
66775,18.183990954647122
66777,18.183990954647122
66778,18.190235473150054
66781,18.190235473150054
66782,18.183990954647122
66784,18.182609630307013
66785,18.794305092819727
66792,18.877744191481046
66793,18.877744191481042
66795,19.158357991880415
66797,19.158357991880415
66799,19.158385436717147
66800,19.062361520128963
66801,19.072626664531864
66802,19.072626664531867
66808,19.072626664531867
66811,19.073251957696463
66813,19.0439202676153
66815,19.0496528924764
66826,19.0496528924764
66829,19.0496528924764
66831,19.102097484410706
66835,19.070620097681086
66847,19.070620097681086
66848,19.116532778059298
66853,19.116532778059298
66854,19.116532778059298
66855,19.116532778059298
66857,19.167651684728018
66868,19.167651684728018
66876,19.167651684728018
66878,19.052009156136258
66882,19.010848052672937
66883,19.010848052672937
66889,19.043744471582325
66897,19.047715171182197
66902,19.047715171182197
66904,19.027468066034025
66906,19.030875186321698
66907,19.02899078002645
66911,18.944835145475434
66914,18.944835145475434
66921,18.944835145475434
66924,18.96511532618936
66925,18.98036599966229
66928,18.962507640656145
66934,19.03206347270684
66939,19.03206347270684
66949,19.02570283642565
66950,18.984623699029715
66954,18.984623699029715
66958,18.991516289910425
66980,18.991516289910425
66986,18.991516289910425
66993,18.991516289910425
66997,19.06505559559733
66998,19.06505559559733
67004,19.06505559559733
67007,19.05573068092524
67010,19.15444166927145
67012,19.04722144544201
67014,19.197968730703014
67017,19.207195558273582
67018,19.172916499204835
67020,19.172916499204835
67023,19.157500493995112
67025,19.159151659794084
67026,19.148510394113238
67029,19.130652035107097
67035,19.130652035107097
67042,19.1203868907042
67044,19.1203868907042
67045,19.121585111990694
67046,19.121585111990694
67047,19.120187722496002
67049,19.120187722496002
67057,19.18099350942785
67069,19.140827857836342
67072,19.140827857836342
67081,19.42205550997826
67082,19.427514886816887
67083,19.427514886816887
67085,19.427514886816887
67087,19.39809567218551
67089,19.39809567218551
67091,19.39809567218551
67093,19.26825750444149
67094,19.268257504441493
67096,19.268257504441493
67100,19.268257504441493
67104,19.284653197686968
67106,19.284653197686968
67107,19.284653197686968
67110,19.18507171044982
67112,19.18507171044982
67114,19.18507171044982
67116,19.178064889497
67119,19.178115755809834
67124,19.2424846897088
67132,19.17811575580983
67136,19.184270299928013
67141,19.184270299928013
67149,19.184270299928013
67152,19.193219736197182
67154,19.194401076002862
67156,19.174395638186855
67159,19.17439563818685
67161,19.08939345090187
67165,19.089393450901873
67176,19.096279871153204
67184,19.096279871153207
67191,19.147255647347503
67192,19.147255647347503
67193,19.14773306334682
67194,19.14955566595944
67195,18.938743133917722
67204,18.91703632096687
67207,18.917595229450463
67219,18.917595229450466
67220,18.917595229450466
67222,18.95448091952666
67224,18.9179977229307
67226,18.88499800668453
67228,18.86724648432149
67234,18.839545732244808
67235,18.81172039732477
67243,18.81172039732477
67245,18.820720960387273
67246,18.82072096038727
67248,18.668939186319786
67250,18.668939186319786
67257,18.668939186319786
67258,18.668939186319786
67260,18.702118779825135
67266,18.70211877982513
67273,18.67380545723698
67274,18.360124496143833
67277,18.374540756758073
67278,18.363684468524976
67283,18.337505034517715
67292,18.337505034517715
67296,18.313570533860236
67300,18.292282663158947
67304,18.292399492709546
67309,18.295761180955697
67325,18.319453464531325
67327,18.319789615304547
67328,18.319789615304547
67332,18.323950566222553
67334,17.992874218774087
67338,17.992874218774087
67339,17.99292557656103
67340,18.0482066353151
67343,18.007789660762334
67352,17.965214640049325
67362,17.78211716436255
67365,17.782117164362546
67367,17.706916497636247
67372,17.706916497636247
67375,17.706916497636247
67379,18.001714968200393
67385,17.997694899424076
67390,17.997694899424076
67391,17.780525355714076
67394,17.89121855793168
67395,17.89121855793168
67396,17.637213326431596
67398,17.65399878649924
67401,17.63690268944209
67407,17.63690268944209
67408,17.790348242286772
67410,17.81817357720681
67414,18.039999598850397
67415,18.039999598850397
67417,18.039999598850397
67418,18.039999598850397
67423,18.045119140471645
67428,18.045119140471645
67431,18.076649452192658
67434,18.07664945219266
67438,18.07664945219266
67442,18.087505740425755
67445,18.068361229050296
67449,18.056108613602756
67457,18.040854758499833
67458,18.021391475598204
67459,18.021391475598204
67462,18.021391475598204
67469,17.969472494723206
67475,17.98591178571179
67477,18.135970853587946
67479,18.135970853587946
67482,18.135970853587946
67484,18.13236956201112
67493,18.13236956201112
67494,18.13236956201112
67496,18.2797023427316
67497,18.321410695682435
67498,18.321410695682435
67505,18.321410695682435
67507,18.312446167091704
67509,18.32651417141361
67524,18.423900186075453
67525,18.423900186075453
67526,18.787232504319192
67527,18.440132901926304
67528,18.40823809473732
67533,18.40823809473732
67534,18.39805315690673
67536,18.387196868673634
67538,18.387196868673634
67539,18.387196868673634
67540,18.382480672508727
67549,18.34867616329314
67555,18.355475196770957
67560,18.344860891869978
67569,18.33082233191307
67582,18.25801717228951
67593,18.39702909578384
67596,18.53420909102352
67601,18.593458008029177
67604,18.614985095090546
67608,18.647459768381992
67610,18.647459768381996
67614,18.647459768381996
67621,18.647459768381996
67623,18.647459768381996
67634,18.647459768381996
67645,18.651568707730682
67649,18.651568707730686
67663,18.617842955023658
67665,18.55121690585875
67667,18.553772669922303
67672,18.552464323728746
67678,18.591381797459224
67679,18.591381797459224
67681,18.591381797459224
67682,18.444701237228195
67685,18.646467388393337
67688,18.646467388393337
67689,18.646467388393337
67691,18.646467388393337
67692,18.695739980083097
67703,18.695739980083097
67704,18.679225878316938
67707,18.679225878316938
67712,18.679225878316938
67714,18.679225878316938
67715,18.679225878316938
67718,18.689910154629395
67723,18.689910154629395
67724,18.689910154629395
67726,18.689910154629395
67727,18.68494111346062
67728,18.70523313667195
67731,18.696212812161047
67738,18.69621281216105
67746,18.69621281216105
67751,18.747800493690455
67754,18.914848346759385
67761,18.914848346759385
67762,18.889727407235323
67763,18.889727407235323
67764,18.747292185369602
67765,18.747292185369606
67772,18.747292185369606
67777,18.747292185369606
67792,18.72549959339355
67793,18.72549959339355
67794,18.72549959339355
67796,18.72549959339355
67802,18.56239525276081
67811,18.55445484988467
67818,18.54000153041781
67838,18.54000153041781
67841,18.54000153041781
67844,18.54000153041781
67847,18.568670648645806
67848,18.568670648645806
67851,18.54346504008308
67853,18.626452812713534
67855,18.784245841985452
67856,18.777678332380894
67857,18.777738233858393
67859,18.777738233858393
67862,18.81762315818039
67863,18.8183897069761
67869,18.79380220371243
67878,18.793842799499505
67885,18.793842799499505
67901,18.811990778739027
67902,18.811990778739027
67907,18.9344215857275
67917,18.9344215857275
67920,18.870182535408183
67924,18.88240520739769
67927,18.88240520739769
67933,18.883070765922465
67940,18.88307076592246
67941,18.88307076592246
67944,18.853118376905535
67945,18.85269760626644
67948,18.852697606266435
67950,18.819961064622174
67957,18.824250282842193
67961,18.824250282842193
67964,18.82500897697414
67965,18.824557931931476
67968,18.824250282842193
67972,18.824250282842193
67975,18.760326090457742
67989,18.73049483438184
67991,18.788132574385163
67992,18.788132574385163
68003,18.531283802470938
68005,18.530352411922404
68007,18.629465681650597
68010,18.245453681567778
68012,18.30575010478529
68013,18.2615145617532
68023,18.20784826011726
68025,18.20784826011726
68026,18.208320620641548
68027,18.236358625964208
68028,17.772772630293474
68029,17.772772630293474
68030,17.772772630293474
68036,17.727395140826488
68043,17.727395140826488
68046,17.80744026809077
68052,17.80744026809077
68063,17.810905974056084
68065,17.810905974056084
68071,17.810905974056084
68075,17.810905974056084
68086,17.810905974056084
68087,17.794117521821214
68088,17.79665792563018
68099,17.79665792563018
68106,17.79665792563018
68111,17.79665792563018
68115,17.79665792563018
68116,17.79665792563018
68118,17.832538752937374
68119,17.83195447554414
68122,17.834942716702134
68124,17.83543423067379
68125,17.835434230673794
68137,17.835434230673794
68138,17.835434230673794
68141,17.829207542796755
68144,17.800015588189538
68145,17.693266398743006
68147,17.693266398743006
68153,17.698884585093346
68160,17.698884585093346
68162,17.51871164063586
68164,17.479073372965708
68172,17.45587815085556
68173,17.366829139325155
68176,17.367280184367814
68179,17.367713623970843
68187,17.264118560126096
68188,17.264118560126096
68189,17.264118560126096
68191,17.19878290050482
68196,17.19878290050482
68202,17.198979960939663
68204,17.197945085033385
68206,17.1981692254679
68209,17.1981692254679
68211,17.25818537814795
68212,17.256918815028367
68218,17.256918815028367
68221,17.26597350891828
68227,17.21478795331886
68240,17.2210146411959
68241,17.2210146411959
68244,17.2211030616922
68248,17.2211030616922
68255,17.590120805994896
68258,17.590120805994896
68261,17.635777054671575
68263,17.639827090634697
68265,17.633544045246516
68266,17.358746761377763
68267,17.36923116498144
68277,17.369231164981443
68278,17.369231164981443
68281,17.369231164981443
68284,17.369231164981443
68285,17.369231164981443
68313,17.38344043517389
68314,17.38344043517389
68318,17.355402429851228
68319,17.355402429851228
68324,17.36483022804498
68325,17.364830228044983
68331,17.36289231934224
68335,17.35503863347386
68338,17.458959110029802
68346,17.458959110029802
68347,17.49368557252265
68350,17.48904722559454
68357,17.492026471435928
68358,17.477817201243482
68361,17.477817201243482
68363,17.474837955402094
68366,17.6328672686241
68369,17.6328672686241
68371,17.6328672686241
68372,17.6328672686241
68373,17.6328672686241
68378,17.633902144530378
68385,17.633902144530378
68386,17.742035468542287
68387,17.742035468542287
68391,17.80298499868971
68397,17.802984998689706
68402,18.21407846940614
68405,18.210290535922283
68413,18.03359394526455
68415,18.03359394526455
68416,18.03359394526455
68418,18.037633631544363
68421,17.993668690578644
68425,17.955769078802803
68431,17.955769078802803
68439,17.967203547167287
68442,17.942375158527067
68444,17.952368790006368
68451,17.952368790006368
68453,17.952368790006368
68454,18.028374214618616
68458,17.79996548587915
68462,17.804689942881286
68468,17.80468994288129
68473,17.80468994288129
68476,17.8082514799655
68486,17.80825147996549
68489,17.78582139165906
68496,17.858306332162748
68500,17.783047343667917
68502,17.783047343667917
68513,17.750848099373954
68518,17.75084809937395
68519,17.75084809937395
68524,17.856502931104224
68531,17.857012405621845
68534,17.87368081538597
68543,17.873456652546714
68546,17.873456652546714
68547,17.79958185521533
68550,17.79961254977494
68554,17.79964280197247
68568,17.738784947442397
68573,17.738784947442397
68575,17.763613336082617
68585,17.878823373268663
68587,17.90267336713423
68588,17.956938995842954
68592,17.956850575346653
68593,17.967763803392238
68599,17.958858622350515
68608,17.925799565409857
68613,17.925799565409857
68625,17.91602941886658
68628,17.91602941886658
68629,17.928220309576584
68636,17.995031730615622
68637,18.045504970766075
68645,18.115931274499317
68647,18.045504970766075
68648,18.074171452676104
68650,18.176067681592663
68655,18.171015143284283
68656,18.171535441422876
68657,18.06520080757609
68664,18.099335880093477
68665,18.152994984776107
68666,18.099335880093477
68676,18.11283253177843
68690,18.136566238372666
68691,18.136566238372666
68700,18.13720694620512
68702,18.13720694620512
68705,18.14192143840118
68707,18.168187635011385
68710,18.168187635011385
68714,18.060210981757425
68716,17.842973613500455
68721,17.842973613500458
68722,17.845138579485976
68724,17.845138579485972
68729,17.835144948006675
68737,17.83514494800668
68740,17.83297998202116
68741,17.880076063958054
68744,17.887737222376398
68747,17.887737222376398
68748,17.849896729324925
68749,17.846416805978503
68751,17.71441286074845
68757,17.714412860748453
68763,17.712497301998372
68767,17.712497301998372
68781,17.712497301998372
68782,17.712497301998372
68786,17.712497301998372
68787,17.712497301998372
68804,17.712497301998372
68815,17.704384872728593
68817,17.699698290692787
68830,17.682018742636085
68832,17.682018742636085
68843,17.682018742636085
68847,17.682018742636085
68851,17.682018742636085
68859,17.707226213914858
68861,17.70722621391486
68864,17.725494194346755
68869,17.33820075972107
68872,17.33820075972107
68879,17.348194391200366
68882,17.31360491061291
68883,17.31362334327647
68888,17.31362334327647
68891,17.31362334327647
68901,17.31362334327647
68905,17.042531023977137
68907,17.042531023977137
68913,17.040373105693227
68919,17.04117587538143
68925,16.840448191577792
68929,16.79036031942881
68930,16.79036031942881
68932,16.805169108841667
68938,16.81872180684089
68941,16.782401147557376
68950,16.782401147557376
68954,16.782401147557376
68957,16.77731249062617
68969,16.777312490626166
68970,16.777312490626166
68972,16.777312490626166
68973,16.867277426573665
68974,16.883647124472954
68982,16.98504920646265
68985,16.985048670857953
68987,16.985048670857953
68988,16.985048670857953
68993,16.985048670857953
68994,16.843925685747976
69000,16.843925685747976
69003,17.036792747578975
69007,16.918139647161297
69010,16.918139647161297
69016,16.887271549137083
69019,16.887271549137083
69037,16.88314259301897
69043,16.883142593018974
69048,16.859408886424735
69052,16.859561887685125
69061,16.894151368272585
69068,16.89415136827258
69073,16.884157736793284
69078,16.884157736793284
69079,16.881016548252074
69085,16.882494573432073
69091,16.880345464407064
69092,16.880345464407064
69102,16.807016924486476
69103,16.80597385132207
69105,16.80597385132207
69107,16.80597291307155
69108,16.80597291307155
69109,16.6948510982082
69118,16.703489041268398
69121,16.703100791991318
69126,16.72172404490331
69128,16.72200412532153
69129,16.72200412532153
69137,16.772253758366936
69143,16.76411704265131
69147,16.764117042651314
69148,16.93240826308162
69153,16.932408263081616
69155,16.968852440267742
69156,16.966124366255478
69157,16.966124366255478
69162,16.966124366255478
69164,16.966124366255478
69167,16.922662986447154
69171,16.94440516238604
69176,16.93879649652675
69179,16.93827762388523
69181,16.876944889157613
69190,16.876944889157613
69192,16.87831979330134
69197,16.782535214084323
69201,16.782535214084323
69203,16.802910485402222
69205,16.802910485402222
69207,16.78248859235708
69210,16.763973397577203
69223,16.763973397577203
69235,16.599856254356332
69240,16.57883625274256
69245,16.57883625274256
69261,16.57883625274256
69263,16.529673628521707
69268,16.537086423929875
69275,16.54079756366427
69284,16.443431225714598
69287,16.44271754719842
69288,16.483548864169222
69289,16.48354886416922
69294,16.449069040335228
69313,16.43426711761791
69314,16.43426711761791
69325,16.434623624641812
69329,16.434623624641812
69331,16.434623624641812
69337,16.44873049056085
69339,16.434623624641812
69345,16.430478773346287
69350,16.430478773346287
69355,16.430478773346287
69356,16.43473984233683
69357,16.354359707921727
69358,16.325060149276137
69369,16.328895922856645
69373,16.430624029636782
69374,16.43062402963678
69377,16.43062402963678
69379,16.43062402963678
69380,16.565183915631504
69383,16.5651839156315
69384,16.564503379754555
69388,16.518294631305814
69392,16.52637377331161
69393,16.544941080402733
69395,16.515090068105163
69397,16.70435101833316
69399,16.704351018333156
69404,16.705510661934056
69405,16.694203623140314
69407,16.694203623140314
69411,16.690042672222308
69415,16.542053370792537
69422,16.646188088450316
69423,16.646188088450316
69431,16.644777102039104
69433,16.6645907801498
69435,16.597933851635023
69449,16.51865714145973
69456,16.518303161429213
69457,16.51963796577214
69460,16.443705907755582
69468,16.443705907755582
69471,16.452374798465176
69480,16.451814575432582
69482,16.451814575432582
69485,16.569223134041625
69495,16.569223134041625
69501,16.569223930771535
69502,16.569223930771535
69505,16.569223930771535
69512,16.569223930771535
69543,16.501497181629308
69544,16.515385720602463
69550,16.55461762859997
69551,16.562167611500996
69555,16.58399058863717
69560,16.58399058863717
69565,16.63714830165754
69578,16.637041716055954
69581,16.86784424441553
69582,16.70808737084538
69592,16.708087370845384
69598,16.707517815054253
69599,16.819274224729416
69600,16.819274224729416
69602,16.819274224729416
69612,16.631240509757973
69620,16.629137492976533
69628,16.628522491783748
69629,16.628522491783748
69632,16.6661213452048
69633,16.628522491783748
69636,16.60580922374552
69638,16.605809223745517
69650,16.603593884485473
69651,16.566835906692056
69659,16.533058858653515
69664,16.533058858653515
69667,16.46801872724104
69672,16.53997374164875
69673,16.560395634693894
69677,16.5603956346939
69681,16.576107345162928
69682,16.576107345162928
69684,16.575598178183515
69691,16.586185784993315
69694,16.57969849849197
69699,16.55036623097024
69704,16.691610273634332
69708,16.691610273634332
69710,16.690937241061388
69716,16.69093724106139
69718,16.603304268739056
69720,16.607565337729596
69724,16.524669006455508
69725,16.524669022120854
69736,16.554512919806985
69740,16.554512919806985
69741,16.553491546263785
69748,16.553491546263785
69756,16.553491546263785
69759,16.387038622167697
69760,16.387038622167697
69761,16.387038622167697
69762,16.387038622167697
69764,16.38875085456162
69775,16.38875085456162
69776,16.32780340802383
69789,16.320164899966517
69790,16.33371759796574
69791,16.26088736542325
69803,16.26088736542325
69807,16.26060728500503
69808,16.26060728500503
69811,16.26060728500503
69825,16.23459983288037
69829,16.21214424296983
69832,16.210739117288753
69852,16.210739117288753
69854,16.187066668346226
69857,16.192595253045557
69862,16.192595253045557
69866,16.181057172992208
69868,16.19720604435366
69869,16.282113962453234
69872,16.257631232818127
69886,16.25763123281813
69888,16.25763123281813
69899,16.202852174827466
69902,16.18281350702441
69908,16.181794606959734
69910,16.181794606959734
69921,16.181794606959734
69925,16.181794606959734
69931,16.190315917875274
69939,16.133975392925407
69952,16.175412019417216
69955,16.175412019417216
69972,16.189968446469546
69978,16.189968446469543
69983,16.24998459914959
69986,16.24998459914959
69987,16.25908960807029
69994,16.25738864756179
69997,16.218156739564286
69998,16.218156739564286
70003,16.218156739564286
70005,16.21638961156421
70014,16.221284493423774
70015,16.221284493423774
70018,16.221284493423774
70025,16.221284493423774
70029,16.65599026589854
70031,16.61955076503759
70033,16.60061475021963
70041,16.60061475021963
70046,16.60061475021963
70049,16.60061475021963
70053,16.60061475021963
70058,16.60061475021963
70059,16.60061475021963
70063,16.60061475021963
70072,16.626478983800233
70076,16.575403510057654
70082,16.57593779232099
70096,16.57593779232099
70099,16.605991461265315
70101,16.60599146126532
70111,16.60599146126532
70117,16.605942925700287
70122,16.605942925700283
70124,16.605942925700283
70128,16.605942925700283
70140,16.584402308076303
70156,16.584402308076307
70157,16.8327081909115
70158,16.8327081909115
70159,16.8327081909115
70160,16.8327081909115
70161,16.8327081909115
70176,16.8327081909115
70177,16.8327081909115
70183,16.8327081909115
70191,16.814247094568493
70195,16.682228455727437
70204,16.68204482628325
70207,16.667344928985777
70213,16.97655963533699
70214,16.97655963533699
70222,16.97655963533699
70223,16.9178042212417
70234,16.9178042212417
70237,16.93436725785393
70239,16.934780548445346
70243,16.91018415466597
70246,16.910184154665973
70249,16.92296716239314
70251,16.921639300575983
70253,16.921639300575986
70254,16.921639300575986
70255,16.921639300575986
70258,16.921639300575986
70265,16.98981819902445
70266,16.98981819902445
70267,16.98978211058574
70269,16.95556006730649
70273,16.93956367725258
70276,16.80694949836617
70278,16.80694949836617
70280,16.80694949836617
70283,16.765577156953203
70284,16.737469060158194
70285,16.73763010039726
70294,16.742778751256264
70299,16.742778751256264
70300,16.742778751256264
70301,16.68729765577165
70306,16.678961691398083
70314,16.678961691398083
70316,16.678961691398083
70317,16.678961691398083
70320,16.678961691398083
70323,16.678961691398083
70327,16.678961691398083
70333,16.475533695729847
70334,16.360405888655567
70339,16.360317444095063
70341,16.318687609225687
70344,16.319105445411587
70347,16.319105445411587
70348,16.283578853911663
70349,16.278949155733383
70350,16.278073345043985
70368,16.278073345043985
70377,16.278073345043985
70379,16.45787658385718
70380,16.459357604306113
70381,16.452609841760193
70389,16.43919771776094
70399,16.437806888902717
70403,16.437806888902717
70406,16.456033525752403
70420,16.437806888902717
70421,16.437806888902717
70427,16.33959264488195
70429,16.33959264488195
70431,16.33959264488195
70440,16.33959264488195
70447,16.33959264488195
70453,16.361485972231364
70463,16.4432494814435
70472,16.392575651603316
70474,16.387713022975028
70476,16.3868370070155
70495,16.3868370070155
70497,16.387689529281896
70507,16.387689529281896
70512,16.380147892928598
70525,16.3930736635847
70529,16.380147892928598
70532,16.379147467537177
70539,16.370146904474673
70543,16.366269520113295
70544,16.364755355971234
70546,16.33859284580404
70557,16.413863634612063
70560,16.388791210093785
70562,16.39288483137288
70565,16.39288483137288
70567,16.327457166304423
70571,16.319647756024022
70575,16.342371032282166
70576,16.342371032282166
70579,16.273060791923335
70584,16.273060791923335
70588,16.273246882937084
70592,16.273060791923335
70598,16.326388471383012
70599,16.34742068427095
70603,16.226253129092928
70605,16.152878216133203
70607,16.1528782161332
70609,16.1528782161332
70613,16.152496360443656
70618,16.171079234870597
70627,16.209266594771226
70632,16.209266594771226
70637,16.20992227861646
70638,16.20992227861646
70640,16.419814039221126
70651,16.419814039221126
70667,16.419814039221126
70669,16.429932793654977
70670,16.42739576257673
70672,16.372442885557625
70678,16.34691513198478
70693,16.34691513198478
70700,16.319800828110218
70705,16.26709729308736
70708,16.218622774175337
70715,16.218622774175337
70716,16.178051079739166
70717,16.17429768181257
70718,16.17471848059741
70729,16.17429768181257
70735,16.17429768181257
70738,16.17429768181257
70742,16.17429768181257
70743,16.072277669168948
70747,16.072277669168948
70751,16.13451587733118
70760,16.13451587733118
70761,16.00074303892068
70762,16.022400347458873
70763,15.989136752742098
70778,15.9891367527421
70781,15.9891367527421
70784,15.9891367527421
70788,15.9891367527421
70789,15.92884054580302
70796,15.928840545803018
70803,15.95169882070077
70804,15.951697354380089
70809,15.912517696341675
70810,15.915433451340142
70811,15.975642354084057
70816,15.975642354084057
70818,15.975642354084057
70819,16.037842740239576
70826,16.037842740239576
70828,16.152287898866376
70830,16.131912627548477
70833,16.131912627548477
70834,16.15186697463106
70838,16.016679110390413
70841,16.033616052912986
70842,16.033616052912986
70845,16.033616052912986
70848,16.033616052912986
70850,16.033721316497143
70856,16.033924652814214
70858,16.033924652814214
70861,16.033924652814214
70864,16.033924652814214
70866,15.971686444651981
70868,15.971686444651983
70871,15.971686444651983
70874,15.961141876952897
70879,15.940535741926087
70881,16.0442299208835
70885,16.04958645116642
70887,16.049586451166416
70888,16.048697638552614
70892,16.048591180601086
70893,15.810408612975458
70895,15.81040861297546
70900,15.760293060537222
70901,15.760293060537224
70904,15.760164923120398
70905,15.760164923120398
70906,15.748841372332679
70907,15.748841372332679
70908,15.645147193375267
70919,15.597666494102503
70930,15.614906331578004
70938,15.475454474231839
70939,15.384857903213808
70942,15.42380214968768
70947,15.44039006266194
70950,15.417150391086825
70966,15.418296262622547
70967,15.305849894224066
70974,15.305849894224067
70991,15.305849894224067
70997,15.305849894224067
70999,15.34775748528262
71000,15.363209156984269
71007,15.363209156984269
71011,15.41294219167405
71012,15.412942191674052
71020,15.298292048315373
71026,15.311240907209081
71027,15.311240907209083
71035,15.308798318371457
71036,15.416586780733844
71038,15.415067760463728
71046,15.44174082098693
71054,15.441740820986931
71057,15.444288375894848
71060,15.664535299304037
71066,15.639634955604647
71067,15.6371563069126
71068,15.597081069836682
71077,15.597081069836682
71084,15.570787966435498
71087,15.570787966435498
71100,15.570787966435498
71104,15.570787966435498
71105,15.574028504269632
71106,15.574028504269632
71107,15.532397212522074
71109,15.502048792443764
71112,15.528341895844948
71114,15.502048792443764
71115,15.489827995219713
71122,15.490397551010847
71126,15.490397551010846
71127,15.529834190542944
71130,15.529834190542946
71131,15.457924512258423
71132,15.477327966486081
71133,15.45210234613238
71135,15.371042064659935
71142,15.319760494065003
71143,15.155226181872118
71149,15.155226181872116
71154,15.164226744934618
71155,15.160213582465534
71172,15.160213582465534
71174,15.160213582465534
71178,15.160213582465534
71185,15.182269211587164
71186,15.17933749999674
71195,15.17933749999674
71201,15.242288863828445
71211,15.179282859754046
71212,15.185944113293672
71220,15.189072787685335
71226,15.296024940323454
71234,15.29623966187873
71237,15.473850645180663
71243,15.473850645180663
71245,15.476402417215647
71246,15.47635642820794
71250,15.535999849760143
71252,15.535999849760143
71257,15.510611683866864
71260,15.510611683866864
71267,15.510611683866864
71269,15.510611683866864
71278,15.420715716960627
71281,15.365988132044171
71284,15.27989067907174
71288,15.281179123488318
71291,15.281233408360302
71294,15.2812334083603
71296,15.2812334083603
71301,15.29414539206402
71310,15.29414539206402
71312,15.305294244282866
71319,15.345577778383062
71320,15.349384924872162
71326,15.349384924872162
71328,15.31897094264475
71334,15.31897094264475
71335,15.295246586453633
71337,15.273032748366287
71338,15.269798566875481
71342,15.294817538085113
71352,15.219674791113306
71360,15.219674791113306
71361,15.145273203070998
71367,15.180023290999124
71368,15.180023290999124
71369,15.19157573304244
71374,15.066506340634882
71380,15.066506340634882
71384,15.066506340634882
71412,15.108961621724202
71424,15.1089616217242
71425,15.1089616217242
71436,15.09272673002992
71437,15.09272673002992
71438,15.112175038722869
71449,15.112175038722869
71452,15.112175038722869
71456,15.112175038722869
71467,15.112175038722869
71471,15.214743529496316
71475,15.214743529496314
71485,15.199291857794666
71487,15.199291857794666
71496,15.192023131930823
71497,15.203040118082395
71505,15.160584836993076
71506,15.169510023391164
71511,15.168597679220518
71512,15.141241596648328
71519,15.074140048480833
71524,15.074140048480833
71534,15.074140048480833
71536,15.081074494190124
71537,15.123529775279444
71538,15.123529775279442
71545,15.123529775279442
71546,15.065892035276118
71561,15.099314262538748
71568,15.099314262538748
71569,15.097647153473325
71570,15.088941233811923
71571,15.055519006549293
71572,15.054465589617248
71584,15.040379183516288
71585,15.039279635777456
71586,15.040379183516288
71587,15.040379183516288
71588,15.063997105138348
71591,15.076501030240912
71599,15.151643777212715
71604,15.151643777212717
71611,15.127966859594899
71615,15.066634124867281
71623,15.043016203245223
71624,15.273050756262135
71639,15.081006013079506
71641,15.043016203245221
71651,15.043016203245221
71657,15.078394106556319
71660,15.078394106556319
71662,14.86393754742791
71683,15.03566450964417
71687,15.030744389174847
71689,15.030744389174847
71701,15.033140543892879
71702,15.04214110695538
71708,15.042141106955379
71710,15.042141106955379
71712,15.042141106955379
71715,15.042141106955379
71720,15.052153720181423
71726,15.052046951159655
71730,14.939571162747976
71738,14.939571162747976
71739,14.939340170823714
71740,14.939340170823714
71742,14.89420796226186
71743,14.894207962261861
71745,14.96603554492013
71746,14.96603554492013
71748,14.99272427890026
71758,14.99272427890026
71766,15.02202172375963
71770,15.026352287739519
71775,15.034303841525134
71777,15.024581085139724
71785,15.04390199542313
71808,15.04390199542313
71818,15.04390199542313
71819,15.031336160696537
71828,15.035090210594213
71834,15.031799186023111
71836,15.031799186023111
71837,15.031799186023111
71840,15.031799186023111
71847,15.031799186023111
71867,15.031799186023111
71879,15.025906719800865
71885,15.021162379369988
71891,15.021162379369988
71892,14.919646667603681
71897,14.914930471438774
71903,14.920089852443526
71909,14.920089852443525
71914,15.038271066871651
71916,15.028034274260389
71917,15.032750470425297
71918,15.099071492855375
71934,15.099071492855375
71941,15.050703450735925
71946,15.057850137927877
71951,15.06020441574806
71959,15.053057728556107
71960,15.043445177773165
71961,15.09806988046011
71968,15.098117340621176
71970,15.098117340621174
71971,15.061605693392913
71976,15.15817874934602
71984,15.1586409549667
71988,15.157739929709878
71990,15.15773992970988
71993,15.103695960013354
71994,15.161351838246851
71998,15.161351838246851
72008,15.161603524905944
72009,15.161177385593861
72010,15.19936557605481
72011,15.304896498990233
72012,15.18011352333641
72018,15.136089041653449
72019,15.112364685462332
72022,15.10634421719529
72026,15.081400752971488
72030,15.081400752971488
72033,14.997075031728873
72034,14.985243174914773
72036,14.92714511304463
72048,14.927145113044627
72054,14.927137542070898
72058,14.920868913853846
72063,14.921145736920414
72065,14.921145736920412
72066,14.921145736920412
72077,14.914278511614643
72078,14.901239336844863
72083,14.890616702467144
72099,14.890664156191898
72100,14.88540223389569
72110,14.842731060747905
72114,14.831908742096601
72118,14.831908742096601
72120,14.809363031016181
72125,14.80490435566834
72138,14.804904355668338
72154,14.804904355668338
72156,14.804860819707965
72167,14.75643757457201
72172,14.756493521181886
72175,14.756493521181886
72180,14.803186118061934
72185,14.803186118061936
72189,14.824709504121163
72192,14.844956609269333
72199,14.847551684467494
72206,14.891460210742952
72209,14.874572855730168
72229,14.874572855730166
72230,14.86579619195405
72233,14.865796191954052
72245,14.86569977278633
72249,14.860868814309738
72250,14.860868814309738
72252,14.860868814309738
72253,15.025239620937468
72255,15.046860055358442
72259,15.036234574790116
72264,15.261812311381258
72265,15.261812311381256
72270,15.136386098275207
72275,15.129811493764082
72282,15.018025462098013
72285,15.028003983270324
72287,15.028003983270324
72289,15.007242404531501
72298,15.028003983270322
72309,15.028003983270324
72313,15.211046140467023
72315,15.211046140467023
72323,15.211046140467023
72328,15.20001929583331
72329,15.202609265950953
72330,15.202609265950953
72333,15.202609265950953
72334,15.111766887637895
72337,15.000491700200635
72338,15.000491700200634
72339,14.994513507305914
72346,14.9694127326448
72359,14.965208698676193
72364,14.965208698676197
72367,14.9675405661506
72369,14.965208698676197
72382,14.965208698676197
72384,14.9601423685296
72385,14.96015073871348
72387,14.960150738713477
72388,14.888445450655272
72390,15.058751348556148
72391,15.058751348556147
72410,15.058745864688309
72415,14.999296400221407
72423,14.932055642179444
72426,14.933748844626654
72428,14.909262516095794
72434,14.909262516095794
72446,14.91970091679707
72453,14.909262516095794
72460,14.910790931458404
72461,14.910140108302432
72462,14.910140108302432
72471,14.947434443098883
72474,14.935608685660531
72478,14.936335840872587
72480,14.936287785514333
72486,14.936287785514333
72490,14.920025306628588
72491,14.909887200920831
72498,14.925978465758604
72509,14.826190673040168
72511,14.826190673040168
72523,14.826190673040168
72526,14.826190673040168
72528,14.837365509253821
72529,14.83736550925382
72535,14.852216231916247
72539,14.852216231916247
72545,14.871196579914233
72550,14.877445697596755
72558,14.877445697596757
72559,14.877453268570486
72563,14.962156637401453
72565,14.99264445594823
72566,14.992644455948227
72567,14.992644455948227
72570,14.990960720020876
72573,14.990939685403871
72574,15.05619663819035
72585,14.98559818233155
72587,14.95887754892192
72609,14.960049892438061
72613,14.9724696565621
72615,14.972489004300988
72622,14.945467833038313
72623,14.945467833038311
72631,14.945467833038311
72636,14.945467833038311
72643,14.945467833038311
72648,14.945467833038311
72649,14.937947914848401
72654,14.937947914848401
72659,14.937947914848401
72665,14.925434236301742
72666,14.925434236301744
72672,14.955083010848886
72685,14.95474503559726
72686,14.92613861138923
72687,14.883427606476562
72693,14.883807398871108
72700,14.884145374122735
72701,14.894382823413508
72705,14.878835655467071
72708,14.878828084493344
72718,14.89008995319401
72722,14.890089953194012
72725,14.890089953194012
72730,14.890089953194012
72741,14.921914205177698
72742,14.9219142051777
72743,14.837026640419811
72745,14.837902451109205
72747,14.862310767876497
72748,14.874314092693664
72749,14.871985762128183
72750,14.871985762128183
72751,14.871985762128183
72762,14.871985762128183
72765,14.871985762128183
72768,14.828547103899862
72771,14.833593617306375
72775,14.851712885714404
72776,14.851712885714404
72777,14.842899488994453
72786,14.891465599285379
72791,14.867057282518088
72798,14.905879980233665
72803,14.86705728251809
72805,14.872220025451025
72809,14.849670200391142
72813,14.926875047916633
72819,14.849768335944203
72820,14.849768335944205
72823,14.849768335944205
72828,14.84747835953286
72835,14.847605546910698
72846,14.849372882696683
72850,14.847605546910696
72856,14.847605546910696
72857,14.847605546910696
72873,14.847788090300133
72874,14.837747923889442
72875,14.816189389044153
72883,14.816189389044151
72885,14.816189389044151
72888,14.816189389044151
72893,14.816189389044151
72898,14.798572337102929
72901,14.798572337102932
72903,14.85077196440043
72910,14.85077196440043
72913,14.85077196440043
72916,14.889039752180828
72917,14.889039752180828
72923,14.870814570100666
72924,14.870814570100666
72928,14.889946959759586
72931,14.899744263632815
72936,14.883764276893121
72946,14.88383206697153
72951,14.971664045344463
72953,14.974593824355908
72955,14.975208825548693
72960,14.978781246972515
72966,14.978781246972517
72972,14.978781246972517
72975,14.998882375451435
72977,14.998882375451435
72981,15.00900904347509
72993,15.005436622051269
73009,15.00524089863525
73022,14.960293545112611
73023,14.961459422972213
73024,14.961459422972213
73032,14.973263684232222
73035,14.973263684232224
73047,15.013638278863903
73048,15.013638278863903
73050,14.95069026193042
73051,14.954674406758143
73057,14.954674406758143
73058,14.943240890468621
73060,14.956601567171335
73071,14.966443072429408
73076,15.081309696772637
73080,15.081309696772637
73081,15.081309696772637
73091,15.10197386242026
73093,15.10197386242026
73097,15.164694953286176
73101,15.178316459220879
73109,15.194616956893896
73112,15.19197442355596
73115,15.191974423555958
73116,15.193936708283493
73117,15.279257569754233
73121,15.280588350397228
73126,15.280588350397228
73128,15.215926646645931
73129,15.215926646645931
73130,15.216721956563521
73133,15.214862555011738
73135,15.058321047468583
73136,15.047864393421733
73143,15.079757966648504
73149,15.007868916070832
73150,15.052216942166723
73157,14.815372935150476
73161,14.812149140737711
73165,14.812149140737713
73168,14.812149140737713
73187,14.808619044102251
73188,14.800552062858362
73190,14.736722078866752
73195,14.801741661315985
73198,14.80523211473601
73204,14.885679730867135
73205,14.903731213242276
73223,14.882019621100747
73230,14.882019621100746
73235,14.883282679543404
73236,14.888349009690002
73237,14.90290277404204
73239,14.910848559557188
73240,14.850325935118812
73242,14.786614842242493
73244,14.786614842242493
73247,14.814227678778838
73254,14.786614842242493
73255,14.764259072632232
73259,14.771570309480104
73261,14.803651811706004
73262,14.820640215071283
73268,14.820640215071283
73269,14.780612607942976
73270,14.91259154213704
73277,14.897984581070448
73278,14.897984581070448
73282,14.919384684353934
73283,14.96146475408817
73291,14.960855020873177
73296,14.956331777165854
73301,14.956331777165854
73303,14.89131219471662
73306,14.882064270075858
73310,14.882674003290848
73313,14.91969776772042
73320,14.91969776772042
73322,14.91969776772042
73325,14.91969776772042
73328,14.919182259777939
73331,14.91918225977794
73334,14.91918225977794
73335,14.91918225977794
73338,14.919697767720422
73341,14.98380501437472
73352,14.98380501437472
73353,14.96318712441221
73360,14.933995227060331
73363,14.887737630329351
73367,14.974280667572884
73369,14.887472763578286
73379,14.887472763578284
73386,14.887842494081106
73388,14.837713650338014
73392,14.742444561518683
73393,14.742444561518683
73394,14.742444561518683
73397,14.742444561518683
73406,14.783040286494012
73414,14.783040286494012
73421,14.752408221779444
73422,14.825122254500371
73426,14.825122254500371
73433,14.825122254500371
73436,14.825122254500371
73440,14.830631650221237
73443,14.712542162070966
73444,14.712542162070964
73446,14.700783597846817
73449,14.700348022656181
73450,14.700348022656181
73464,14.700340910707489
73466,14.725867764273657
73472,14.816572687491977
73481,14.82538608421193
73487,14.825386084211928
73491,14.707296596061656
73493,14.707296596061656
73496,14.6685886903535
73498,14.64306183678733
73504,14.64306183678733
73505,14.64306183678733
73509,14.64306183678733
73518,14.64306183678733
73521,14.643125904084926
73522,14.643125904084924
73523,14.65267837874566
73526,14.668943850463771
73534,14.62463671379663
73541,14.632802749632281
73549,14.653279765709513
73551,14.633871895135028
73555,14.633871895135028
73556,14.633807827837433
73568,14.613330811760205
73573,14.613330811760205
73574,14.613330811760205
73587,14.613330811760205
73590,14.613330811760205
73595,14.613748547352847
73598,14.57284525822852
73608,14.57110603212187
73609,14.707391530960253
73611,14.716653588320636
73613,14.737065065651546
73616,14.737065065651548
73617,14.819539727288452
73627,14.819539727288449
73635,14.817464266635717
73639,14.817464266635719
73642,14.850771573224117
73651,14.850771573224117
73656,14.850771573224117
73658,14.881001907715849
73661,14.895134688956297
73663,14.895134688956299
73665,14.894902335059424
73669,14.894902335059426
73672,14.894902335059426
73675,14.894902335059426
73679,14.894902335059426
73680,14.720382567498607
73695,14.717041023995188
73697,14.757932747149068
73703,14.757932747149068
73706,14.755751666553437
73709,14.77880862721652
73717,14.777315293298635
73718,14.744637081074975
73720,14.744309372808816
73721,14.744309372808816
73730,14.775973548395951
73731,14.7664726433515
73733,14.76936270406991
73735,14.866741450234164
73739,14.903343318929117
73751,14.894137069105243
73756,14.894137069105243
73762,14.894137069105243
73765,14.894137069105243
73768,14.866647073304772
73770,14.967478824073599
73778,14.987529267158507
73779,14.987529267158507
73798,15.000149698146645
73807,14.985921254155325
73808,14.990653045281036
73837,14.990653045281036
73842,14.89566593874852
73843,14.997191732719788
73872,14.995235234402598
73894,14.995235234402598
73896,14.999873581330709
73898,14.938787269465331
73944,14.938787269465333
73945,14.93851049604361
73961,14.93851049604361
73962,14.93851049604361
73963,14.965921990470806
73966,14.96592199047081
73970,14.96592199047081
73973,14.96592199047081
73974,14.975449332230523
73975,15.019470762426478
73976,15.019470762426478
73977,15.003257958027664
73978,15.003770118610229
73979,15.040573891696642
73980,15.040573891696644
73983,15.007151664434014
73993,15.007151664434014
73994,15.007151664434014
73995,15.007151664434014
74003,15.007151664434014
74004,15.006981189259662
74007,15.006981189259662
74009,15.006981189259662
74012,15.006981189259662
74013,14.970379320564708
74019,15.129747698374588
74022,15.080480155138808
74039,15.080480155138808
74040,15.031916488287766
74042,15.044620998503326
74043,15.044620998503326
74045,15.054232182241172
74047,15.054232182241172
74058,15.006020391256326
74060,15.001382044328215
74064,15.001118246755336
74073,14.91447561399621
74090,14.939194022751016
74091,14.925373730387053
74093,14.93327870348005
74096,14.93327870348005
74103,14.933347022313521
74108,14.839031201267199
74110,14.800730568836778
74117,14.835425763446112
74119,14.800730568836777
74121,14.800730568836777
74123,14.800911398275659
74124,14.828680740611835
74125,14.828969156259344
74129,14.729399860605268
74135,14.686359392625702
74141,14.686359392625704
74144,14.572437599991149
74145,14.56298255897408
74149,14.492401922374846
74154,14.493398130936905
74159,14.515009958952792
74167,14.514257552478961
74176,14.440418385165508
74185,14.387772012567288
74187,14.387772012567288
74188,14.354340772039684
74193,14.354340772039683
74201,14.354340772039683
74206,14.351220408992035
74207,14.356076081930327
74208,14.356076081930327
74221,14.350429210631237
74222,14.350429210631235
74223,14.35969766076832
74248,14.359697660768319
74249,14.359697660768319
74256,14.35500739207557
74265,14.373877833185206
74274,14.375271151793644
74279,14.375559873172623
74295,14.375559873172623
74298,14.375559873172623
74302,14.375559873172623
74303,14.39263883110435
74308,14.39263883110435
74310,14.39263883110435
74311,14.39263883110435
74315,14.39263883110435
74329,14.418978469076011
74333,14.419642008650028
74334,14.419655443489917
74336,14.452530821799348
74337,14.452530821799346
74339,14.452530821799346
74344,14.452530821799346
74346,14.42504895927175
74348,14.408604072350366
74352,14.408604072350368
74361,14.408604072350368
74362,14.408604072350368
74365,14.427052709843343
74366,14.490959575750022
74367,14.494576725202029
74371,14.492266469000583
74376,14.492266469000583
74381,14.378982010201922
74383,14.37898201020192
74386,14.375364860749915
74391,14.369138172872873
74392,14.378811601241576
74394,14.378571140417273
74395,14.378571140417273
74404,14.400422173683046
74407,14.367114867094648
74420,14.367114867094648
74423,14.326307145562565
74425,14.419673838001938
74429,14.326307145562565
74450,14.32666112559308
74452,14.325915901147242
74454,14.331948133629048
74455,14.338776256387156
74456,14.353291874786905
74460,14.353291874786905
74462,14.353291874786905
74472,14.353291874786905
74477,14.182384977814198
74494,14.182384977814198
74499,14.185311556899572
74507,14.185311556899572
74517,14.185311556899572
74525,14.185314040910379
74545,14.344776437104635
74547,14.290722877760993
74548,14.3390897799362
74554,14.339089779936199
74555,14.339089779936199
74556,14.339089779936199
74557,14.351819143057934
74558,14.351819143057934
74566,14.11779601941777
74568,14.117954033956867
74576,14.053052330084759
74581,14.051158263265101
74584,14.052129386227255
74585,14.060413356278309
74590,14.068226756368164
74591,14.067255633406011
74598,14.072722826291999
74601,14.072722826291999
74605,14.072722826291999
74606,14.072722826291999
74607,14.049542270548823
74608,14.049542270548823
74609,14.053691636408065
74610,14.049542270548823
74611,14.037188779414269
74612,14.12615004793181
74614,14.12615004793181
74615,14.12615004793181
74632,14.139306713690187
74634,14.139306713690186
74635,14.186922096165418
74638,14.18692209616542
74641,14.178116024992095
74646,14.178116024992095
74658,14.178116024992095
74659,14.178116024992095
74668,14.181625583588964
74670,14.10123590153479
74676,14.10123590153479
74680,14.10123590153479
74686,14.11329465283852
74687,14.00262782813802
74697,14.126330435968912
74700,14.126330435968912
74702,14.131727162396968
74709,14.131727162396968
74722,14.16807972329122
74738,14.16807972329122
74744,14.16807972329122
74747,14.16807972329122
74751,14.16807972329122
74758,14.168830336008142
74760,14.168827851997335
74764,14.0941901767486
74766,14.091983731221815
74769,14.062574694102658
74773,14.028401336434165
74784,14.00306884974371
74792,14.068217664983258
74794,14.068217664983258
74805,14.068217664983258
74808,14.040779309704199
74818,14.273965133832725
74835,14.273965133832725
74844,14.261456461065064
74845,14.261456461065064
74850,14.261456461065064
74853,14.261456461065064
74857,14.296677238353626
74869,14.296677238353626
74870,14.291386351899718
74871,14.204711154520767
74872,14.204711154520767
74873,14.195695357469754
74875,14.207596612916914
74882,14.254460970087743
74883,14.254460970087743
74884,14.303221551481807
74891,14.303221551481807
74894,14.303221551481807
74895,14.30905422455186
74901,14.180577218688926
74902,14.207054042164243
74906,14.207054042164245
74907,13.881896368426444
74914,13.897296862098347
74916,13.869131445730579
74917,13.869131445730579
74922,13.869131445730579
74931,13.869131445730579
74934,13.929761542139852
74940,13.929761542139852
74942,13.929997936886597
74943,13.894777159598036
74955,13.894777159598036
74956,13.894777159598036
74964,13.894777159598036
74967,13.921971172454391
74969,13.922582345836558
74988,13.919292292964528
74992,13.97843368150327
74993,13.930818299028038
75001,13.862643886483225
75003,13.875715394843473
75006,13.779862929441224
75015,13.854726596841715
75019,13.85217024926037
75021,13.859350462135298
75025,13.8491988697247
75031,13.752152789775225
75034,13.702910284967574
75044,13.716259818286003
75045,13.716259818286003
75047,13.742358859457626
75056,13.820926454252676
75067,13.819807410122388
75069,13.829222267891312
75072,13.834216316629012
75084,13.808219901837148
75097,13.760027183420275
75099,13.761576582179053
75101,13.761576582179055
75105,13.757964239011116
75106,13.757964239011114
75115,13.757964239011114
75118,13.757964239011114
75120,13.757964239011114
75122,13.691536071202666
75123,13.683737756966845
75127,13.683737756966844
75146,13.683737756966844
75152,13.680352017322033
75156,13.680352017322033
75164,13.680628790743755
75176,13.680628790743755
75177,13.680628790743755
75182,13.687967039357442
75185,13.691904273199624
75189,13.70090539204691
75194,13.66688596175128
75196,13.66688596175128
75199,13.661048667913947
75208,13.661048667913947
75224,13.661048667913947
75233,13.686660258403688
75246,13.686646236860799
75247,13.710032247743248
75249,13.703311187598297
75251,13.70796357986308
75253,13.70796357986308
75254,13.710727262171263
75285,13.710727262171263
75292,13.710727262171263
75304,13.685027720279932
75312,13.685027720279932
75313,13.686210936705283
75321,13.686316086599069
75326,13.689721884450101
75335,13.69873395913515
75338,13.698158006959293
75339,13.698158006959293
75343,13.679931113462676
75346,13.671564496966315
75351,13.675828205221826
75353,13.717766023960552
75366,13.580298385295201
75381,13.521543768839315
75385,13.494898614861773
75387,13.394340495007553
75397,13.395581351388095
75398,13.394340495007553
75406,13.394340495007553
75410,13.547762815851105
75413,13.547762815851106
75418,13.547903841301041
75419,13.547903841301041
75421,13.662511571181644
75422,13.707370818221966
75425,13.71939200189851
75427,13.71939200189851
75434,13.71939200189851
75435,13.773780541416551
75436,13.77378054141655
75441,13.799184216904962
75442,13.799184216904962
75443,13.799184216904962
75448,13.796114953149953
75458,13.796114953149953
75462,13.796905874302333
75465,13.699058712844161
75468,13.64024832209671
75481,13.74624344265984
75489,13.720006527591954
75491,13.720006527591954
75492,13.720006527591954
75493,13.663758182272357
75502,13.759540629676316
75503,13.759540629676318
75511,13.759540629676318
75517,13.809888506284002
75522,13.809888506284002
75529,13.806052732703492
75531,13.806007523174193
75533,13.806007523174193
75537,13.806163974427
75542,13.76084367463933
75544,13.863511667811535
75556,13.866295026337452
75558,13.866295026337452
75560,13.915889423177395
75563,13.875774676258839
75565,13.875774676258837
75570,13.888541435602454
75574,13.872618118970449
75578,13.872618118970445
75581,13.87056635297461
75594,13.861813032260768
75595,13.861813032260768
75601,13.932538650979216
75603,13.932538650979216
75604,13.932538650979216
75607,13.853757671593982
75608,13.840028692164138
75616,13.840028692164138
75619,13.910435211540324
75622,13.919641461364199
75625,13.919641461364199
75630,13.910435211540324
75639,13.893673880834994
75641,13.893673880834994
75642,13.880564349934241
75643,13.880564349934241
75647,13.880564349934241
75656,13.876349809638134
75657,13.876349809638134
75662,13.906568337296575
75668,13.885024664449158
75671,13.90757069205146
75677,13.883352181413265
75703,13.966074549117774
75736,13.960018941510684
75738,13.933071998430263
75745,13.939485628977243
75747,13.939485628977243
75753,13.95154291511191
75754,13.832151108106617
75764,13.79344519832592
75766,13.79749623771885
75772,13.79829110105478
75775,13.737120695717017
75778,13.743591304768847
75782,13.743591304768847
75783,13.812098133053988
75790,13.812098133053988
75791,13.784569218733658
75793,13.760931982003706
75796,13.772665180513915
75799,13.767505524181901
75809,13.778673988076193
75811,13.779721745423451
75817,13.802715144625822
75820,13.80271514462582
75822,13.77030606949052
75829,13.798347240266473
75831,13.798347240266475
75832,13.7842055097788
75838,13.75545949228194
75848,13.75545949228194
75852,13.756297183749947
75856,13.756297183749947
75857,13.745583501756528
75858,13.745583501756528
75859,13.745583501756528
75866,13.75432568921318
75867,13.75432568921318
75869,13.761041061239183
75877,13.761041061239183
75882,13.756944219880863
75891,13.774614944564119
75897,13.7728302640019
75900,13.813459379946167
75901,13.813459379946167
75905,13.825820101923672
75915,13.785963143607267
75924,13.709379125496639
75926,13.708887611524979
75929,13.70888761152498
75937,13.718338309825786
75939,13.775299822030457
75944,13.74608374577938
75949,13.783145097550452
75950,13.78314509755045
75955,13.778597678784944
75957,13.778597678784944
75958,13.778597678784944
75959,13.846268281706593
75960,13.846268281706593
75961,13.846268281706593
75963,13.819641551091884
75964,13.819641551091884
75967,13.819641551091884
75969,13.840518874775295
75972,13.79620286463928
75988,13.82111793901114
75997,13.821117939011138
76000,13.71240258912292
76009,13.640306598117343
76010,13.640306598117343
76013,13.71275893260202
76022,13.712758932602018
76033,13.712758932602018
76036,13.704016745145365
76039,13.72438860339412
76051,13.72438860339412
76052,13.72438860339412
76054,13.606154235058927
76055,13.606154235058927
76058,13.5007847889575
76062,13.515172530023285
76068,13.515387251578561
76071,13.412818760805115
76090,13.408564529987036
76097,13.408564529987036
76099,13.408564529987036
76106,13.424635100423835
76107,13.353948719015804
76111,13.352913812886072
76118,13.352913812886072
76119,13.355829012961959
76123,13.361410481985063
76125,13.361410481985065
76127,13.361410481985065
76131,13.374127740388078
76134,13.400095334150773
76135,13.400095334150773
76153,13.422515244770555
76163,13.422515244770551
76169,13.422515244770551
76172,13.357071939875706
76174,13.112028732698011
76175,13.086125811519171
76176,13.08612581151917
76189,13.063191163947105
76190,13.06312693460502
76202,13.016377759304852
76209,13.025265592399377
76212,13.025265592399377
76214,13.025265592399377
76217,13.023772258481493
76225,13.023772258481495
76226,13.09216031369276
76229,13.132465167455527
76230,13.119032925077226
76235,13.119032925077224
76236,13.119032925077224
76245,13.119032925077224
76246,13.119032925077224
76249,13.121250430150022
76262,13.12023067314124
76265,13.130374250750357
76269,13.130374250750357
76273,13.040970603770829
76281,13.029708735070162
76288,13.02970873507016
76294,13.02970873507016
76301,13.02970873507016
76305,13.029627605663995
76306,12.934474770496989
76325,12.934474770496989
76328,12.934474770496989
76330,12.934246214282824
76333,12.912958663519394
76335,12.949394816690628
76337,12.949394816690628
76352,12.949394816690628
76354,12.949394816690628
76358,12.963817831153643
76365,12.949945244964313
76370,12.949945244964313
76377,12.950083945904462
76378,12.950490670627103
76381,12.9504906706271
76386,12.955210848965638
76387,12.977397793289283
76398,12.977397793289283
76400,12.953463292631804
76401,12.91100294916501
76403,12.795768952472965
76404,12.795768952472963
76407,12.837944702757378
76409,12.837944702757378
76410,12.739873677569626
76413,12.738581236972808
76414,12.738275392552989
76415,12.777764715632436
76416,12.692630361905739
76423,12.69263036190574
76426,12.676569047037978
76444,12.719543270182859
76449,12.719543270182859
76451,12.719543270182859
76454,12.699506184215888
76456,12.69950618421589
76460,12.704214896154564
76484,12.701045648406486
76486,12.701031179761772
76492,12.701485702300152
76497,12.688136752848369
76501,12.763641937783442
76509,12.763641937783442
76518,12.762513769734815
76521,12.76015655829615
76523,12.759520814429049
76528,12.760066872164646
76535,12.752140996695308
76546,12.709965246410894
76567,12.7100126423068
76578,12.70997926480359
76587,12.789684668865492
76593,12.746991852117203
76603,12.811138295357564
76605,12.819051211097113
76607,12.837719518344146
76619,12.814503681695976
76623,12.825970428645483
76628,12.825970428645483
76636,12.809434722686696
76648,12.814503681695978
76650,12.814503681695978
76664,12.81288197739338
76666,12.81288197739338
76669,12.848013970953145
76670,12.853569069692714
76678,12.853569069692714
76681,12.869943287785725
76682,12.768338056309453
76692,12.78447713389009
76698,12.80183334075488
76702,12.80183334075488
76707,12.814897244469662
76711,12.78447713389009
76712,12.913251283938232
76715,12.904639181714037
76719,12.904639181714037
76720,12.90696751227952
76722,12.909381244894432
76731,12.90938124489443
76737,12.90938124489443
76744,12.925820535883012
76752,12.928038766805788
76753,12.928038766805788
76754,12.928038766805788
76762,12.928038766805788
76766,12.92785335360149
76781,12.92785335360149
76786,12.92785335360149
76789,12.92785335360149
76791,12.92785335360149
76796,12.944396848834641
76800,12.967612685482813
76809,12.967612685482813
76813,12.94666217382975
76816,12.94666217382975
76819,12.934959675955588
76823,12.934959675955588
76825,12.934959675955588
76827,12.934959675955588
76830,12.82674490457266
76831,12.72159118208241
76843,12.705055476123622
76847,12.676425391806884
76848,12.674574205147836
76854,12.682793025710103
76860,12.68278843193818
76862,12.68278843193818
76874,12.68278843193818
76877,12.690010256678658
76897,12.762874176845608
76908,12.773204721167982
76909,12.773204721167984
76915,12.760696048400323
76916,12.760696048400323
76923,12.760696048400323
76927,12.767842735592277
76934,12.767842735592277
76935,12.771249173660463
76937,12.771249173660463
76949,12.807828221593782
76951,12.80782822159378
76957,12.80782822159378
76967,12.80782822159378
76977,12.78317482710468
76980,12.827588328712347
76993,12.828848600219711
76996,12.826630369296938
76998,12.826566139954853
77004,12.826566139954853
77005,12.826566139954853
77018,12.739088745309502
77028,12.7390887453095
77042,12.7390887453095
77054,12.802852970878096
77060,12.758186862761624
77062,12.750529408605907
77087,12.830836997398535
77101,12.738069431515036
77102,12.738069431515036
77107,12.738069431515036
77114,12.738069431515036
77136,12.719207198625561
77149,12.623708483876463
77152,12.618339925445484
77153,12.618339925445484
77156,12.599884575108655
77160,12.805802288807165
77161,12.679328623388386
77171,12.679328623388386
77175,12.707335623365326
77184,12.679328623388386
77187,12.681685834827052
77188,12.681685834827052
77195,12.674548901008428
77197,12.674548901008428
77203,12.674548901008428
77208,12.674548901008428
77249,12.676927950179346
77253,12.639167280090481
77268,12.639167280090483
77269,12.639167280090483
77277,12.616626429588537
77278,12.616626429588537
77279,12.609431164464619
77286,12.550400979472354
77290,12.550400979472354
77298,12.550400979472354
77309,12.550400979472354
77310,12.550400979472354
77318,12.570202296696666
77324,12.561485461440213
77325,12.524265210399331
77327,12.474829377731727
77332,12.426890041295412
77341,12.42441076397686
77346,12.460441496333713
77350,12.408435594379256
77357,12.329514559733816
77360,12.329514559733816
77361,12.324156917177696
77362,12.311883603832356
77379,12.300774998658934
77381,12.302865716734216
77382,12.330747437816097
77399,12.330747437816099
77402,12.331521199023951
77406,12.341583497720963
77407,12.336867301556055
77413,12.336867301556053
77417,12.336807758334384
77422,12.336807758334386
77433,12.336807758334386
77435,12.336807758334386
77445,12.287356380370856
77447,12.286792000225848
77448,12.286792000225846
77449,12.286792000225846
77457,12.30176233790385
77459,12.334077009817193
77462,12.334077009817195
77470,12.334077009817195
77474,12.334077009817195
77476,12.334077009817195
77481,12.334077009817195
77483,12.286306954871714
77494,12.28630695487171
77499,12.342420686973739
77510,12.32035445508678
77514,12.317766920369941
77521,12.317638803522959
77530,12.376754199252945
77534,12.376754199252943
77552,12.37709108017362
77556,12.37709108017362
77557,12.367799166903637
77570,12.368017685913628
77585,12.38473434268952
77608,12.385137017114825
77612,12.368017685913628
77615,12.393294121870554
77620,12.368017685913628
77628,12.313742788882122
77643,12.313742788882124
77645,12.31907445657735
77647,12.205967271643361
77648,12.205967271643363
77656,12.215005564223842
77657,12.216732763024783
77658,12.216732763024783
77665,12.216732763024783
77667,12.286542920886873
77670,12.259985656524508
77673,12.2771642144358
77677,12.277164214435798
77682,12.272800802486111
77690,12.253938569596636
77697,12.19361880241996
77709,12.19361880241996
77710,12.176440244508669
77714,11.996548453046533
77725,11.9834556817959
77729,11.963070622436216
77739,11.963070622436216
77741,11.963070622436216
77744,12.070833582273337
77747,12.108422732708751
77755,12.109326163720425
77758,12.109710338222168
77760,12.109710338222166
77765,12.110041325385577
77768,12.110041325385579
77775,12.110041325385579
77777,12.170361092562255
77780,12.170361092562255
77785,12.170361092562255
77793,12.178922426567526
77804,12.129847032319216
77815,12.061380994850087
77817,12.02379184441467
77818,12.087796280578672
77820,12.019658160085084
77830,12.008386749779532
77831,12.008386749779532
77835,11.957587601556563
77838,11.939519107284433
77843,11.93373467018846
77854,11.93373467018846
77855,11.93373467018846
77865,11.93512330643107
77880,11.942711351723009
77890,11.949907951786502
77901,11.949907951786502
77902,11.982796959858362
77910,11.976673667383292
77911,12.031161308789008
77919,11.976673667383295
77922,11.976673667383295
77927,11.976673667383295
77934,11.976673667383295
77943,11.980153590729717
77948,12.02689962089144
77958,12.12764850017276
77966,12.02689962089144
77972,12.09503774138503
77976,12.09503774138503
77982,12.074182399547514
77986,12.088005071248197
77997,12.09661230820587
77998,12.132278705313153
78004,12.132278705313153
78008,12.132278705313153
78013,12.132278705313153
78015,12.121053596775809
78016,12.092252244003294
78022,12.10353029059278
78024,12.108081882893853
78030,12.107667778890704
78033,12.107667778890704
78036,12.123109352706798
78046,12.107667778890704
78047,12.107677722718488
78069,12.028841762752558
78098,11.940311333789179
78101,12.01917672271623
78103,12.01917672271623
78108,12.075548632698029
78110,12.078445546136793
78112,12.096491308140775
78118,12.100872750208708
78126,12.100384146081202
78128,12.100384146081202
78129,12.086254236922203
78136,12.086254236922203
78140,12.086739091027226
78148,12.086739091027226
78150,12.086512623140308
78161,12.086530136276117
78163,12.096202254456273
78167,12.096686346931264
78176,12.096686346931264
78185,12.0970235018859
78186,12.013183377616965
78187,12.005262201112718
78196,12.005262201112716
78201,12.005262201112716
78202,12.015001327646793
78218,11.993561463176132
78224,11.981032889984082
78225,11.968723863552919
78226,11.968723863552919
78234,11.968723863552919
78237,11.967791060610091
78242,11.945224607618625
78247,11.943176167601264
78255,11.959725225656632
78261,11.959725225656634
78263,11.959725225656634
78264,11.972085947634138
78266,11.972085947634138
78268,11.972085947634138
78278,11.975255186887058
78283,11.982532622508385
78286,11.975255186887056
78294,11.958906497648208
78300,11.873026967305904
78306,11.87344107130905
78308,11.873797811090052
78332,11.838131413982767
78337,11.838131413982767
78340,11.82757091618178
78342,11.88183838172981
78354,11.926804247570916
78358,11.856215994919028
78363,11.856215994919028
78365,11.856215994919028
78368,11.862147166785617
78375,11.862147166785618
78376,11.870762580427376
78377,11.870762580427376
78379,11.870762580427376
78383,11.870762580427376
78387,11.897859976428748
78391,11.897859976428748
78401,11.97395511610594
78409,11.973955116105941
78423,11.968701006626043
78434,11.973167580292069
78435,11.974427851799433
78447,11.974427851799431
78462,11.971304244260875
78470,11.971304244260875
78484,11.966572453135164
78485,11.966572453135164
78488,11.952987574537897
78497,11.911941205896303
78503,11.911941205896303
78504,11.911941205896303
78514,11.91865500390723
78516,11.91865500390723
78550,11.926848684024757
78553,11.913315379018067
78557,11.914136055980977
78559,11.949855432283973
78577,11.894459705100008
78602,11.901052512701401
78608,11.900422700415188
78614,11.958855995346477
78626,11.958855995346477
78644,11.974272300854462
78649,11.974272300854462
78650,11.972622340316027
78654,12.001778751799304
78655,11.948177296836265
78658,12.04812438279463
78662,11.948177296836265
78663,11.926560314928018
78664,11.91607891544104
78674,11.937483755784747
78681,11.957635629952412
78683,11.99229188666506
78689,11.991138794410302
78695,11.98912764418178
78700,11.98912764418178
78703,11.984863842001694
78704,11.980512230540022
78727,11.980512230540022
78736,11.98770749566394
78738,11.98770749566394
78747,11.994100570067904
78748,11.994558885852479
78751,11.999476377597338
78754,11.999476377597338
78759,12.02422521073428
78767,12.024225210734278
78768,11.963367356204209
78774,11.966194042753221
78785,11.967687376671105
78787,11.981602653551413
78797,11.984238292623177
78801,11.994967360071934
78805,11.981052083191628
78809,11.977767298691193
78820,12.04598696399714
78831,12.046562916172997
78840,12.046562916172997
78848,12.046562916172997
78863,12.046543568434107
78865,12.0464975794264
78875,12.02098656974097
78894,12.097254923865613
78895,12.097254923865613
78901,12.095363029511205
78921,12.095363029511205
78923,12.058142778470323
78924,12.046066019232809
78926,12.047542571355093
78932,12.047664788190785
78937,12.047664788190783
78939,12.05176510849924
78942,12.05176510849924
78948,12.000977849848072
78970,12.000977849848072
78989,12.016990032230144
78997,12.016990032230144
79021,12.032799027183055
79023,12.032799027183056
79049,12.026702459632375
79050,12.028578550410945
79053,12.028819524638738
79055,12.062331518827333
79061,12.062331518827333
79069,12.060213546744313
79076,12.081380748302756
79078,12.087054259957881
79089,12.191135808424383
79092,12.18061843158808
79106,12.203543149408087
79108,12.203543149408086
79111,12.195379651293106
79129,12.195379651293106
79147,12.195379651293106
79151,12.258236758544738
79154,12.25823675854474
79157,12.258231603884955
79174,12.250202603995824
79175,12.250202603995824
79176,12.250202603995824
79179,12.179141776072454
79196,12.179488109808691
79199,12.134168853967957
79209,12.131995213115188
79229,12.131995213115188
79236,12.131995213115188
79238,12.14154021357581
79242,12.14154021357581
79245,12.140104926005613
79247,12.140104926005613
79249,12.137201095152669
79251,12.140249074738819
79256,12.134702226930541
79259,12.134702226930541
79266,12.134702226930541
79273,12.302993447360844
79275,12.259532067552518
79282,12.259661205359357
79298,12.259661205359357
79314,12.219531272569874
79317,12.219531272569874
79328,12.246844384564353
79331,12.245088282666506
79332,12.24761223782999
79336,12.215345979987317
79337,12.20035821616059
79339,12.208659631812102
79341,12.208659631812102
79356,12.143223661599697
79360,12.141544320761943
79363,12.123144315913425
79378,12.123144315913425
79384,12.178591460327409
79385,12.17661847936163
79393,12.17661847936163
79394,12.17661847936163
79395,12.17661847936163
79399,12.078036042677358
79402,12.03169505070641
79415,12.03169505070641
79421,12.066810123690935
79436,12.073898571300344
79446,12.073898571300344
79459,12.073898571300344
79463,12.033847341847578
79472,12.033847341847578
79473,12.033847341847578
79483,12.017408050858995
79494,12.06453116194928
79502,12.06453116194928
79520,12.064865122876839
79522,12.06486512287684
79527,12.03814230856485
79539,12.03814230856485
79540,12.03814230856485
79554,12.03814230856485
79555,12.03814230856485
79556,12.034829432216178
79586,12.037094587294387
79591,12.0678558942135
79592,12.071168770562172
79593,12.0021810978816
79611,11.969480594230603
79639,11.969480594230603
79650,12.026615551759452
79655,12.03413853430368
79663,12.034138534303679
79667,12.024353849924005
79675,11.976948423288366
79680,11.9760892842396
79686,11.959375256010823
79687,11.931833507219409
79689,11.931833507219409
79690,11.931879229337424
79692,11.924790781728017
79698,11.876950058200364
79703,11.876950058200364
79704,11.876950058200364
79705,11.877257007963673
79719,11.876950058200364
79725,11.876950058200364
79727,11.8743805635171
79731,11.892309687047229
79734,11.913029328582216
79735,11.917761119707926
79744,11.918765699623407
79762,11.918943267165984
79765,11.996845480469306
79769,11.996845480469304
79776,11.98129101359035
79788,11.986037609839306
79797,11.973253956577416
79803,11.98501640107229
79805,11.919717143226181
79806,11.929501827605856
79808,11.917662569262822
79810,11.921129698744673
79811,11.977127227256947
79822,11.9023372824107
79825,11.913628016008694
79841,11.90376206435846
79842,11.903762064358462
79857,11.903762064358462
79860,11.920036916621006
79878,11.94177867648237
79882,11.947654386185421
79889,11.947654386185421
79892,11.947654386185421
79901,11.947609418725278
79904,11.927478361506331
79918,11.927478361506331
79919,11.926966200923767
79945,12.029620114360126
79948,12.029620114360126
79949,12.029620114360126
79952,12.007133366813555
79970,12.007514335677017
79985,12.007514335677016
79987,12.010173820427829
79988,12.010173820427829
79992,12.010173820427829
79997,12.010173820427829
80006,11.99591507505217
80011,12.023887493069209
80015,11.995915075052169
80021,12.014105632097788
80034,11.97557196043834
80037,11.97557196043834
80042,11.97557196043834
80044,11.981838461248866
80048,11.981838461248866
80052,11.981838461248866
80064,11.979641404345456
80073,11.979641404345456
80088,11.979641404345456
80091,11.979016111180858
80102,12.007064505162019
80108,11.932699266523061
80110,11.932699266523063
80115,11.846062346387553
80118,11.846062346387553
80126,11.88666315921944
80130,11.886708126679583
80132,11.886708126679585
80134,11.886708126679585
80138,11.809844800868754
80140,11.808725756738466
80146,11.806078465351431
80167,11.890832090452214
80169,11.853473040963094
80170,11.853473040963094
80200,11.854569644551168
80207,11.8545799403134
80211,11.871126657237703
80216,11.857728263678263
80241,11.821906168317602
80258,11.829348542908262
80259,11.826491247626949
80262,11.847089065637755
80270,11.84707794002759
80282,11.847077940027592
80294,11.87972678318959
80296,11.87972678318959
80310,11.927792257443764
80313,11.927792257443762
80318,11.881017385464068
80327,11.89630597604143
80331,11.894318620124718
80334,11.904085748351592
80342,11.925310866374529
80346,11.92512483665565
80353,11.997576088758638
80357,11.924391463964946
80365,11.924391463964946
80371,11.924391463964946
80376,11.924391463964946
80404,11.924391463964946
80410,11.924391463964946
80411,11.930389499812906
80418,11.930389499812904
80420,11.930389499812904
80427,11.957527272671657
80428,11.957527272671653
80437,11.95302710959723
80447,11.95541392587597
80448,11.910835461728606
80454,11.910835461728606
80466,11.930030029182555
80472,11.92912659817088
80484,11.931696092854144
80489,11.897183639786364
80506,11.899564667704611
80511,11.898921605494069
80523,11.89892160549407
80527,11.89892160549407
80534,11.898906561405678
80547,11.906280128676519
80549,11.907001231434354
80565,11.884074058589823
80569,11.86266315404893
80581,11.838171703278116
80588,11.873158067130936
80597,11.871963033128855
80621,11.829736347942537
80626,11.8342015594485
80627,11.8342015594485
80630,11.8342015594485
80633,11.8342015594485
80644,11.8342015594485
80648,11.8342015594485
80655,11.817805866203024
80683,11.776356107732806
80686,11.776356107732804
80689,11.776356107732804
80691,11.879650317151757
80697,11.879650317151759
80706,11.879650317151759
80712,11.948190952973071
80716,11.899424939186751
80725,11.879650317151759
80739,11.878137844372176
80748,11.878137844372176
80752,11.878137844372176
80753,11.878137844372176
80757,11.899881333967986
80760,11.899881333967983
80763,11.943205502098479
80765,12.086398936564759
80766,11.933523942529545
80770,11.933523942529545
80775,11.933523942529545
80776,11.933523942529545
80783,11.933523942529545
80784,11.933523942529545
80786,11.926385233621286
80788,11.926385233621286
80798,11.929211920170298
80814,11.9292119201703
80829,11.946739834762514
80833,11.946739834762514
80846,11.917267465394817
80850,11.917267465394819
80866,11.917267465394819
80874,11.917267465394819
80892,11.917267465394819
80895,11.917267465394819
80898,11.916546362636984
80899,11.916546362636982
80901,11.916546362636982
80903,11.88631602814525
80910,11.885535877584418
80915,11.898061767521034
80928,11.898061767521034
80930,11.921938896518503
80944,11.921938896518505
80954,11.921296223514316
80961,11.919160085943998
80963,11.894192167547507
80987,11.894967895444264
80997,11.894967895444264
81012,11.884668970734111
81019,11.88466897073411
81020,11.887753129941483
81031,11.90660800290788
81032,11.89006128598358
81034,11.89080322165981
81040,11.89080322165981
81056,11.89080322165981
81068,11.89080322165981
81069,11.91004326656622
81081,11.91004326656622
81084,11.947388766447794
81091,11.947388766447794
81093,11.911580129969273
81105,11.947006182748673
81106,11.922319012972158
81112,11.935242762900762
81119,11.935242762900764
81126,11.935242762900764
81129,11.93192988655209
81137,11.906120372149251
81138,11.906120372149251
81143,11.869344015349055
81146,11.877086427617748
81150,11.919430934648707
81161,11.919430934648707
81167,11.89753041565241
81175,11.897530415652408
81182,11.866026751027546
81186,11.913496210127011
81206,11.891364384740188
81211,11.891364384740188
81214,11.903429511344275
81225,12.020839141173948
81227,12.020839141173946
81230,12.020839141173946
81235,12.020839141173946
81238,11.974706132518694
81247,11.95520266381018
81249,11.95520266381018
81258,11.93561163037435
81263,11.938858511440333
81273,11.943190223699693
81278,11.943190223699695
81295,11.933433553330003
81302,11.919704111983695
81308,11.880137919948847
81319,11.88781738232612
81323,11.866360011611231
81324,11.892165258662128
81353,11.87350991516723
81357,11.881321787952745
81359,11.862924636388321
81363,11.85524517401105
81373,11.831743207786015
81378,11.770220829275036
81379,11.69347255689979
81388,11.63442956915478
81394,11.636618665463397
81407,11.636618665463397
81412,11.649364411168012
81417,11.649364411168012
81428,11.678728085727258
81430,11.67872808572726
81435,11.713596605900964
81437,11.67872808572726
81440,11.65671137914665
81456,11.64197923832699
81467,11.64197923832699
81479,11.640993345720743
81486,11.648854805929743
81489,11.648854805929743
81491,11.648854805929743
81499,11.648854805929743
81524,11.648854805929743
81530,11.648854805929743
81531,11.691741464600511
81537,11.69174146460051
81542,11.69174146460051
81544,11.69174146460051
81554,11.69096573670375
81572,11.820149925582713
81586,11.770876487075475
81588,11.78621080351199
81599,11.77088145059407
81643,11.778918466708612
81644,11.778192196377807
81647,11.751080560492175
81650,11.77245875354052
81682,11.762883055356086
81701,11.726029250100863
81720,11.723970797328676
81730,11.73023117357094
81748,11.73416295736324
81753,11.734162957363242
81756,11.734162957363242
81759,11.734162957363242
81762,11.736181823338265
81763,11.741037496276554
81764,11.745408473137168
81766,11.745408473137168
81781,11.745408473137168
81785,11.745071318182532
81791,11.797311178695834
81796,11.797311178695834
81800,11.797311178695834
81802,11.780712438470268
81823,11.737681139610158
81828,11.757796236631545
81829,11.723864684066578
81835,11.754698840688603
81846,11.7546988406886
81852,11.75197933404927
81856,11.756690839183879
81861,11.756690839183879
81877,11.744065214394876
81888,11.712325575028434
81891,11.71916400936501
81896,11.728711627943765
81907,11.7269288223295
81912,11.726930426408932
81915,11.726930426408932
81923,11.726930426408932
81928,11.73359224107051
81950,11.73359224107051
81955,11.73359224107051
81963,11.7354002752423
81964,11.69985507500328
81970,11.66564616372017
81976,11.678585853158909
81990,11.678585853158909
82001,11.678585853158909
82009,11.673321367075722
82010,11.669397544912886
82017,11.669397544912886
82021,11.777873918054087
82029,11.776336840999015
82034,11.862479041732906
82035,11.862479041732906
82038,11.862479041732906
82044,11.878853259825917
82047,11.878853259825917
82050,11.770469603546681
82052,11.736249970079882
82064,11.731108451290394
82067,11.731108451290394
82079,11.736194783603496
82084,11.736194783603496
82086,11.725337290898988
82089,11.724302384769256
82098,11.724302384769256
82131,11.763043763753519
82137,11.76499947471704
82142,11.79038764061032
82148,11.754025373323396
82163,11.767950732745096
82170,11.767950732745096
82172,11.790664000783321
82174,11.790664000783321
82182,11.790664000783321
82185,11.790664000783321
82192,11.823313657129349
82197,11.814709689082084
82198,11.814709689082086
82207,11.86824632132252
82209,11.868246321322518
82211,11.868246321322518
82216,11.868385278847075
82234,11.868385278847075
82241,11.868385278847075
82244,11.868751164585099
82257,11.782351626503132
82260,11.798950366728699
82266,11.798655817255602
82267,11.79862793039579
82273,11.756283423364831
82276,11.715700474050598
82290,11.715700474050598
82299,11.741406343770723
82303,11.745156603010493
82308,11.751973591672495
82318,11.751973591672494
82320,11.656636474812426
82322,11.66085553365529
82325,11.66085553365529
82326,11.689851696514376
82333,11.615347667485489
82334,11.631945415312298
82346,11.656863161507825
82360,11.627866998648738
82363,11.637087483961945
82369,11.671805954075817
82377,11.671805954075817
82380,11.671805954075817
82382,11.505752555934826
82394,11.476296426974931
82402,11.47827050366716
82407,11.478684031944555
82428,11.483415823070267
82432,11.50557702744197
82434,11.50557702744197
82437,11.506611933571701
82442,11.496549739246356
82449,11.496549739246356
82464,11.516013022147982
82467,11.505980398793765
82471,11.514074348822403
82477,11.514074348822405
82479,11.510022540123884
82481,11.510022540123884
82483,11.518764727580537
82492,11.52200283764657
82499,11.515862419176228
82503,11.5185862418819
82505,11.484701619996514
82507,11.484701619996514
82522,11.487784237185643
82535,11.487784237185643
82536,11.483808947708411
82553,11.436877738144144
82554,11.431243996863026
82558,11.414154040697198
82564,11.39646661527528
82574,11.39646661527528
82576,11.39646661527528
82577,11.383735991442103
82586,11.383735991442103
82591,11.39149788086917
82597,11.39149788086917
82599,11.440672201361247
82605,11.429405003424867
82610,11.416594049025791
82611,11.359203135532155
82614,11.359203135532155
82616,11.361906533551887
82625,11.361906533551887
82629,11.361906533551887
82632,11.361906533551887
82636,11.361906533551887
82637,11.292678092978274
82654,11.274757215542747
82656,11.274757215542747
82671,11.26699532611568
82684,11.26699532611568
82685,11.25346134337054
82689,11.259835805917279
82691,11.25346134337054
82692,11.25406619646596
82696,11.254066196465962
82698,11.255395819908633
82702,11.254067958091477
82705,11.25843554898342
82707,11.25843554898342
82709,11.25677268598458
82714,11.198308489285719
82715,11.198308489285719
82721,11.245280894792012
82725,11.24528089479201
82727,11.254486886340745
82730,11.254486886340745
82737,11.238148436989682
82738,11.267604565949577
82743,11.267604565949577
82747,11.152336992313943
82752,11.171236007888488
82762,11.17056512509837
82768,11.17056512509837
82781,11.25584466014532
82785,11.306865522477038
82795,11.317980031621154
82808,11.317980031621154
82823,11.317980031621154
82824,11.317980031621154
82833,11.32033724305982
82841,11.136749697017365
82845,11.148357540835892
82852,11.13329578426137
82878,11.149728101441637
82880,11.149728101441637
82894,11.149728101441637
82899,11.149728101441637
82900,11.149728101441637
82908,11.153066890964809
82916,11.153066890964807
82918,11.151916465452105
82945,11.146250972404639
82954,11.14023570250386
82955,11.140235712926545
82974,11.140235712926545
82978,11.151804345844456
82981,11.16671330385192
82985,11.16671330385192
82987,11.185385749065215
82999,11.191679913341787
83008,11.176916150739384
83022,11.122300339768154
83029,11.168687067615672
83035,11.168687067615672
83038,11.168687067615672
83056,11.168687067615672
83058,11.171045842817305
83065,11.140264083607606
83070,11.11364540111746
83080,11.109762564095844
83085,11.118588818171853
83087,11.112328441929588
83091,11.118588818171853
83098,11.12035136594045
83116,11.098505409742456
83121,11.105816682567122
83137,11.10624610794756
83138,11.10624610794756
83144,11.094007829496437
83157,11.147403450086665
83159,11.147403450086667
83165,11.121332779412716
83168,11.121332779412716
83181,11.150366833497541
83199,11.150366833497541
83208,11.172917873878644
83212,11.146910494571737
83223,11.146910494571737
83227,11.138180147671326
83234,11.132106531888299
83271,11.116167162044714
83310,11.126579582024245
83355,11.147653744420055
83358,11.145294969218421
83359,11.126579582024247
83369,11.063783291070797
83383,11.074245777555642
83384,11.033759228498793
83390,11.033759228498793
83393,11.033759228498793
83398,10.99218143339981
83407,10.99252166098324
83408,11.020546605658796
83419,11.020546605658796
83420,11.020546605658796
83426,11.020546605658796
83429,10.982923940068918
83435,10.982190567378217
83440,10.95176724072414
83455,10.976648172465602
83471,10.979960380383964
83480,10.979960380383963
83482,11.017549530819378
83485,10.99618495630143
83497,11.004900923337173
83522,11.004900923337173
83537,11.004900923337173
83538,10.98683143362751
83547,10.98683143362751
83566,11.029192206778127
83569,11.032052042037904
83585,11.030234388000997
83593,11.030234388000997
83597,11.022692751647698
83603,11.028985581354283
83605,11.039630328392802
83618,11.039630328392802
83644,11.015637655795269
83657,11.020384460671266
83685,11.015637655795269
83708,11.01241716121643
83715,11.017523057357575
83722,11.068761786190976
83725,11.067986058294217
83727,11.055102508566241
83743,11.055102508566241
83760,11.075041481491514
83770,11.064395638232577
83773,11.059939258108008
83810,11.031902976258207
83812,11.031902976258207
83832,11.01048788216733
83841,11.014517577487245
83857,11.038830803276605
83870,11.038830803276605
83891,11.05322961687991
83897,11.05322961687991
83914,11.035109424629896
83916,11.01067569755324
83919,11.009967024767153
83931,11.033174793101352
83946,11.033420883668983
83949,10.949955910103359
83964,10.993276276910532
83965,10.989247365863646
83976,10.989247365863646
83990,10.96812510221704
84003,10.968125102217039
84013,10.98485304292617
84034,10.984031630696437
84040,10.994368840937733
84044,10.994368840937733
84045,10.969289548040221
84054,10.986324592847527
84092,10.986324592847527
84102,10.986324592847527
84111,10.986159641858219
84118,10.988992130498351
84124,10.988992130498351
84125,10.943859921936497
84131,10.943859921936497
84135,10.943859921936497
84142,10.943859921936497
84145,10.908491951991097
84147,10.88688491466801
84159,10.852476957232238
84166,10.850679249661018
84169,10.83195988255554
84182,10.83195988255554
84190,10.83198558390064
84196,10.838782750799462
84201,10.853298369199209
84205,10.853298369199209
84207,10.853298369199209
84217,10.831985583900641
84221,10.843709119285752
84225,10.83640741721756
84234,10.83640741721756
84242,10.818039048465762
84243,10.86419585886307
84248,10.8559218528014
84251,10.8559218528014
84271,10.8559218528014
84277,10.8559218528014
84293,10.867965129048121
84311,10.867965129048121
84351,10.867897916546376
84365,10.867862012216788
84368,10.843891917300006
84370,10.90896353986426
84382,10.908963539864262
84398,10.925851594552913
84399,10.938683595895808
84403,10.938683595895808
84407,10.938683595895808
84410,10.938683595895808
84420,10.933380208986653
84421,10.928374981298312
84423,10.930212456558214
84425,10.930212456558214
84426,10.929659461963666
84442,10.926490222710749
84443,10.926490222710749
84446,10.960186414009955
84456,10.960186414009954
84463,10.963658635433427
84465,10.972611254316215
84491,10.930730285050057
84493,10.91255222985593
84498,10.912033357214412
84500,10.902462136593922
84504,10.902462136593924
84520,10.902462136593924
84554,10.904995191162271
84580,10.904995191162271
84592,10.904995191162271
84596,10.903432883306323
84598,10.947566354423442
84599,10.947868461126784
84605,10.93334138902691
84631,10.93334138902691
84662,10.92161905912046
84664,10.928415880808693
84670,10.929411846613252
84676,10.929411846613252
84678,10.943155834899809
84688,10.952540937303676
84703,10.952540937303676
84711,10.952540937303676
84712,10.926381892742405
84723,10.910602181731091
84727,10.910602181731091
84730,10.880803431304944
84755,10.880803431304944
84757,10.890751400295906
84767,10.890751400295906
84768,10.890751400295906
84782,10.89993980539771
84789,10.899977352618473
84797,10.902174409521884
84807,10.900476860934731
84812,10.900476860934731
84822,10.900476860934731
84829,10.915972780935721
84836,10.91592532721097
84838,10.94719882232954
84846,10.951553390266266
84865,10.941316597655005
84874,10.941316597655005
84880,10.939203016682374
84883,10.939203016682374
84901,10.94330333699083
84903,10.94330333699083
84911,10.94168136820668
84914,10.939489467472326
84919,10.926134393452282
84926,10.926134393452282
84930,10.924068064046065
84933,10.924068064046065
84953,10.932475684389651
84955,10.92932740877049
84975,10.92932740877049
84979,10.914357071092486
84982,10.914016843509057
84990,10.926671922310046
84995,10.926671922310046
84998,10.928552909483287
84999,10.937914932976064
85012,10.95841650320049
85015,10.945603553705036
85033,10.951113661379852
85034,10.945603553705036
85044,10.944520202386927
85056,10.94381152960084
85064,10.93015556060538
85072,10.951324841927123
85075,10.951324841927123
85077,10.944152271803006
85084,10.941032350896837
85116,10.937758387635908
85120,10.93775838763591
85125,10.93775838763591
85136,10.937480673628707
85137,10.93748067362871
85150,10.896879599932255
85170,10.904399518122165
85196,10.906503957603737
85199,10.90650395760374
85200,10.90650395760374
85211,10.906965502622
85214,10.906965502622
85221,10.909700535099422
85230,10.87677270080895
85238,10.866317911164977
85240,10.866317911164979
85249,10.876772700808951
85250,10.924270096546989
85252,10.930762876059914
85255,10.930284105934112
85260,10.942488891500698
85269,10.942488891500698
85277,10.942488891500698
85302,10.942488891500698
85324,10.885461496549048
85370,10.89009984347716
85376,10.88078814149433
85381,10.880733856622344
85394,10.870204777199502
85396,10.878493017729832
85399,10.904155743294835
85425,10.90487684605267
85438,10.90487684605267
85440,10.915522689311604
85456,10.93028184424353
85470,10.94550995313021
85477,10.945577165631956
85494,10.945577165631958
85496,10.93825427257255
85500,10.93825427257255
85501,10.93825427257255
85509,10.957467430570983
85512,10.957467430570984
85518,10.957467430570984
85528,10.957467430570984
85544,10.957467430570984
85564,10.954491544424322
85571,10.966414178128094
85589,10.97519815394947
85621,10.954666305707233
85625,10.951465276698285
85631,11.018019303352428
85653,11.018019303352427
85654,11.018019303352427
85661,11.00137723616503
85667,11.00137723616503
85675,11.00137723616503
85678,11.00137723616503
85681,11.00137723616503
85693,10.982699603222592
85698,10.978061256294481
85701,10.978061256294481
85708,10.978115541166467
85709,10.979131698858655
85727,10.979131698858657
85732,10.96316618783323
85733,10.96316618783323
85737,10.96316618783323
85742,11.008298396395084
85746,11.008298396395084
85747,11.008181261977128
85750,11.009442203409622
85757,11.009387918537636
85759,10.969858477654036
85782,10.969858477654036
85792,10.957798417988233
85853,10.957798417988235
85866,10.961015432341192
85870,10.961015432341192
85874,10.961015432341192
85875,10.962657555503647
85881,10.951605178558076
85915,10.951605178558076
85929,10.967070654276604
85930,10.951605178558076
85932,10.950884075800241
85938,10.950884075800241
85940,10.950884075800241
85941,10.896462140844285
85944,10.92311203996012
85956,10.895821688666176
86003,10.895821688666176
86055,10.897835233852907
86090,10.916932196835964
86101,10.944379737493753
86109,10.961958935617051
86113,10.961958935617053
86121,10.961958935617053
86123,10.908725236934261
86140,10.90872574041717
86143,10.900437499886841
86154,10.90043749988684
86157,10.90043749988684
86158,10.897887732958859
86160,10.897075901081024
86166,10.897075901081024
86210,10.897075901081024
86218,10.89383536324689
86222,10.893472686250531
86223,10.895243286347227
86229,10.895243286347226
86245,10.898582075870397
86257,10.891765087208396
86267,10.904658628160968
86276,10.907569056750201
86288,10.905798456653507
86298,10.925559873712231
86299,10.871508427664331
86306,10.87550107220678
86319,10.889585415465074
86321,10.882594366557036
86324,10.882594366557036
86346,10.882594366557036
86369,10.875605076466753
86384,10.875605076466753
86388,10.834926307846333
86412,10.834926307846333
86415,10.808352643060465
86425,10.808352643060465
86449,10.808352643060465
86464,10.81700618066325
86477,10.81700618066325
86480,10.81700618066325
86493,10.788609826547814
86495,10.799074379767646
86504,10.788609826547816
86509,10.788609826547816
86514,10.788882554992053
86521,10.789364644486035
86523,10.708880600509845
86548,10.692455139926643
86558,10.692455139926642
86570,10.692455139926642
86607,10.691522774150764
86626,10.692676524339756
86648,10.70021072360568
86657,10.70021072360568
86684,10.70021072360568
86691,10.687571867016352
86719,10.682591692409837
86724,10.676071429647864
86746,10.670297762858533
86763,10.669720111253314
86779,10.669569448229575
86785,10.669569448229575
86786,10.669623733101561
86797,10.671919051468109
86809,10.668055576536903
86820,10.668055576536903
86823,10.656793707836236
86846,10.656793707836234
86850,10.701909730922122
86858,10.682598954887132
86866,10.683889056264015
86876,10.638146463778073
86905,10.638146463778073
86906,10.631483484276995
86908,10.631483484276995
86910,10.631483484276995
86918,10.573728640794538
86919,10.552120227763908
86923,10.55032762586889
86926,10.55032762586889
86941,10.578008306922438
86943,10.591128983937537
86945,10.546341831181765
86946,10.546341831181767
86965,10.546341831181767
86970,10.546341831181767
86971,10.546347259596699
86986,10.52925741519226
87001,10.503986502357902
87007,10.506802613155822
87010,10.508169452415679
87014,10.470633093348056
87020,10.465368169037596
87030,10.46551118034402
87033,10.465511180344018
87038,10.465511180344018
87080,10.465675188734492
87107,10.465511180344018
87120,10.465511180344018
87123,10.473350865117608
87135,10.473060258278151
87139,10.49365520411217
87141,10.493342424377833
87175,10.475389657021692
87186,10.473060258278151
87195,10.47574795839889
87207,10.473060258278151
87215,10.474091906054172
87230,10.474091906054172
87277,10.497153370926476
87286,10.497153370926474
87287,10.497270505344428
87295,10.497270505344428
87302,10.474091906054172
87305,10.48728034157308
87306,10.474091906054172
87309,10.474091906054172
87315,10.474091906054172
87322,10.474091906054172
87331,10.474091906054172
87332,10.488307429161315
87334,10.488307429161315
87337,10.470419850539692
87342,10.474102463579463
87346,10.488364995741986
87347,10.475625751312528
87364,10.47562575131253
87403,10.47562575131253
87412,10.47562575131253
87415,10.492715595716966
87429,10.492715595716964
87437,10.492715595716964
87438,10.462465730063608
87448,10.46630536329171
87455,10.46630536329171
87480,10.484613598872311
87483,10.483621469315752
87488,10.482761124963837
87495,10.44996390542255
87497,10.450956034979109
87498,10.452139515261191
87499,10.452139515261191
87504,10.452139515261191
87505,10.452020601179001
87507,10.452786667814369
87535,10.452786667814367
87538,10.453309835189643
87553,10.454461789168848
87560,10.453309835189645
87566,10.453309835189643
87605,10.469113804731446
87606,10.405125911210623
87609,10.402165100735477
87629,10.401347524531502
87635,10.401132108226157
87654,10.387520669160057
87665,10.37300505076031
87672,10.363427346584734
87675,10.363427346584734
87678,10.363419775611005
87679,10.357543095470016
87680,10.357543095470014
87686,10.357543095470014
87695,10.357543095470014
87701,10.357543095470014
87736,10.362088600195452
87756,10.36208860019545
87762,10.370632915729749
87775,10.370632915729749
87789,10.370632915729749
87795,10.349049472432105
87797,10.358810671670456
87801,10.371555595775904
87804,10.371555595775904
87805,10.399691708850801
87806,10.400210581492319
87817,10.400210581492319
87820,10.388912972155088
87834,10.388912972155087
87862,10.388157965325902
87865,10.388157965325902
87871,10.375666180097781
87880,10.394621340713698
87917,10.394621340713696
87925,10.394675625585682
87935,10.395937631203758
87942,10.395937631203758
87951,10.395937631203758
87954,10.368311292842822
87959,10.372838533382108
87965,10.36801993921501
88000,10.372838533382106
88011,10.372838533382106
88020,10.372838533382106
88049,10.372002540829813
88056,10.372002540829813
88060,10.37289916177763
88062,10.440607933141504
88063,10.440607933141502
88065,10.362735192314632
88068,10.309104203293195
88115,10.309104203293195
88119,10.316764867101249
88136,10.31698143608438
88155,10.31698143608438
88156,10.281356997659746
88182,10.281356997659746
88188,10.281356997659746
88189,10.281356997659746
88192,10.280601990830561
88198,10.264293574584824
88205,10.263974772951238
88231,10.266922363338336
88257,10.266194048709378
88278,10.313745916005912
88287,10.299347102402606
88321,10.299347102402606
88323,10.266786860502526
88325,10.266789987766785
88326,10.265991125911938
88361,10.265991125911938
88369,10.265991125911938
88397,10.265386272816517
88428,10.265386272816517
88444,10.264764545163686
88465,10.26609863996753
88484,10.266098639967527
88522,10.267006323113232
88550,10.269038757547603
88559,10.269038757547603
88569,10.24861368808727
88579,10.23465674256351
88589,10.236001456271133
88590,10.236001456271133
88616,10.246418439845288
88618,10.246418439845286
88625,10.246418439845286
88630,10.246418439845286
88640,10.246422967571363
88670,10.246422967571363
88700,10.250737464156453
88704,10.245122763075548
88706,10.245122763075548
88718,10.250056985548063
88779,10.250056985548062
88786,10.252468168664581
88801,10.241923600965494
88829,10.215277140363195
88831,10.217644472062263
88860,10.217644472062263
88873,10.22090401930757
88884,10.22090401930757
88886,10.218582699714366
88887,10.202002380330013
88890,10.202002380330013
88904,10.202002380330013
88920,10.195299547270814
88932,10.197657481043585
88937,10.19448197106684
89035,10.19448197106684
89051,10.195299547270816
89053,10.181192681351778
89069,10.181192681351778
89075,10.181192681351778
89088,10.181650011289467
89103,10.181814962278775
89115,10.182499676542106
89132,10.182499676542106
89133,10.182499676542106
89162,10.166125458449095
89197,10.166125458449095
89263,10.171384175333614
89285,10.171384175333612
89288,10.171384175333612
89292,10.171384175333612
89310,10.171384175333612
89315,10.179626251721547
89338,10.179626251721546
89344,10.189769829330663
89353,10.187924190076435
89359,10.185557828303338
89360,10.198912902323382
89361,10.187645704387002
89364,10.187645704387004
89375,10.187645704387004
89387,10.187645704387004
89397,10.19912697589223
89398,10.192715784930346
89422,10.192678734200065
89443,10.187645704387005
89473,10.187303348737506
89494,10.192072809975608
89508,10.192072809975608
89510,10.195731575313344
89516,10.198106849718936
89550,10.19814390044922
89554,10.193374439211116
89567,10.201177245974208
89569,10.20117724597421
89617,10.207588436936094
89625,10.189787786666464
89663,10.192835218824262
89766,10.189021496603786
89768,10.189021496603786
89770,10.205100294440696
89798,10.205567268541415
89807,10.205567268541417
89808,10.158320659601218
89852,10.160335920087578
89874,10.160378898598502
89894,10.165926699863748
89895,10.161397395539304
89915,10.143219340345178
89930,10.143219340345178
89970,10.143866650105364
89971,10.136098373460415
89975,10.136098373460415
89977,10.136118312236421
89981,10.136118312236421
89985,10.136118312236421
90025,10.135501652507056
90028,10.13545867399613
90045,10.135458673996132
90072,10.138717115385417
90079,10.138717115385415
90131,10.14867444354569
90171,10.14867444354569
90220,10.147953613561942
90252,10.139855307460643
90269,10.144285304262633
90286,10.144285304262631
90298,10.144285304262631
90337,10.149860663426727
90344,10.152100102305555
90345,10.15297591299495
90349,10.135207469230783
90380,10.14864413749979
90385,10.14864413749979
90388,10.13521775356891
90410,10.136016615423758
90420,10.136016615423758
90439,10.136016615423758
90449,10.147175953218206
90450,10.148317383178515
90454,10.148317383178515
90492,10.145656456286774
90503,10.153805150356842
90506,10.145656456286774
90509,10.147524364879155
90514,10.147524364879155
90543,10.147524364879155
90563,10.147864743108089
90570,10.135643065290504
90572,10.135643065290504
90577,10.135643065290504
90584,10.135643065290504
90593,10.135643065290504
90666,10.135643065290504
90680,10.135643065290504
90688,10.09789753346461
90700,10.09789753346461
90705,10.097385372882046
90737,10.097385372882046
90743,10.097385372882046
90766,10.087703084174096
90788,10.038903242323217
90796,10.006812264281834
90801,10.010664808056701
90814,10.006812264281832
90820,10.006812264281832
90828,10.006812264281832
90835,9.993163964940164
90850,9.985531227157061
90894,9.985531227157063
90901,9.985531227157063
90905,9.985499739040938
90917,10.000177931289526
90937,9.999881462293112
90960,9.999881462293112
90969,9.999881462293112
90970,9.999881462293112
90974,9.999881462293112
90982,9.97055340028535
90984,9.97055340028535
90991,9.962472281510818
91047,9.962472281510818
91067,9.96513071726625
91073,9.939671725174405
91089,9.946347728921824
91133,9.946347728921825
91137,9.943279122047963
91179,9.943279122047965
91180,9.94251991270021
91194,9.943324097366036
91195,9.943529787374047
91258,9.944479827346841
91259,9.944479827346843
91311,9.941512276257953
91322,9.940060842639348
91339,9.953804763565913
91396,9.953804763565913
91397,9.953804763565913
91444,9.939160366170066
91508,9.938954676162055
91579,9.93355016648757
91622,9.908137333392084
91635,9.916077048180924
91639,9.916077048180924
91640,9.916408885184623
91647,9.916408885184625
91656,9.916408885184625
91679,9.916408885184625
91682,9.917052581907907
91684,9.917377001389568
91685,9.916875859285344
91691,9.904021927369524
91703,9.904021927369524
91732,9.904021927369524
91737,9.904021927369524
91745,9.904021927369524
91762,9.904021927369524
91770,9.904021927369524
91780,9.904021927369524
91782,9.903856976380215
91795,9.90166507564586
91814,9.90166507564586
91816,9.90166507564586
91843,9.90166507564586
91895,9.90166507564586
91907,9.895778737414272
91909,9.895778737414272
91948,9.895778737414272
91950,9.895778737414272
92018,9.895778737414272
92030,9.90322172208213
92051,9.905331212075009
92057,9.900563286326697
92131,9.900563286326697
92136,9.921408623276244
92166,9.921408623276244
92173,9.921408623276244
92181,9.921408623276244
92183,9.912442138033086
92188,9.912442138033086
92236,9.912442138033086
92251,9.912442138033086
92260,9.910576598848941
92272,9.91327190756062
92327,9.91327190756062
92350,9.91211791710205
92376,9.91211791710205
92378,9.904354287981105
92415,9.883657858554276
92440,9.883668508210016
92443,9.883964789972678
92479,9.886156690707033
92480,9.886156690707033
92488,9.886156690707033
92509,9.875007838488187
92521,9.875007838488187
92529,9.874104897009255
92716,9.871664719385537
92735,9.877983406338002
92741,9.871664719385537
92761,9.871664719385537
92809,9.871664719385537
92814,9.870898652750169
92829,9.864197961199391
92844,9.864462816647219
92860,9.864197961199391
92866,9.86347068709066
92871,9.864462816647219
92881,9.864462816647219
92912,9.865091640010965
92928,9.865091640010967
92936,9.865091640010967
92939,9.865091640010967
92947,9.865091640010967
92948,9.862189331606658
92965,9.862189331606658
92974,9.862189331606658
92983,9.859971762260304
92999,9.86034103122096
93001,9.86034103122096
93007,9.846925483134736
93023,9.823308159459106
93057,9.825011106364913
93082,9.825011106364911
93103,9.82187940166926
93127,9.831924016962937
93148,9.832390991063656
93165,9.832261853256819
93168,9.829273612098826
93300,9.83322532339973
93309,9.83322532339973
93323,9.83322532339973
93348,9.83322532339973
93351,9.812493348749227
93385,9.816849584759925
93431,9.81691679726167
93437,9.81691679726167
93460,9.81453664800459
93474,9.814530389744418
93560,9.814742729869304
93564,9.815684380202988
93807,9.815684380202988
93887,9.815805795499276
93899,9.814261651074258
93923,9.81375392775745
93927,9.81655123656247
93930,9.80612454091857
93934,9.80612454091857
93940,9.80612454091857
93953,9.800261290537241
93984,9.800261290537241
93995,9.795909702455937
93998,9.74101236285041
94007,9.74101236285041
94009,9.732422385973406
94011,9.732422385973406
94012,9.713962510771937
94034,9.708149742413044
94049,9.705591015589828
94052,9.705591015589828
94060,9.705591015589828
94066,9.705281320683675
94130,9.705281320683675
94199,9.705079993869301
94247,9.705079993869301
94258,9.705079993869301
94275,9.705079993869301
94309,9.705079993869301
94310,9.693138962688067
94323,9.620277084963476
94364,9.620277084963476
94367,9.620277084963476
94373,9.58309718792675
94414,9.564284796508206
94422,9.564284796508206
94490,9.56647669724256
94503,9.56647669724256
94543,9.56647669724256
94591,9.56647669724256
94642,9.565486579536465
94665,9.566074331251933
94697,9.565486579536465
94702,9.56003277979044
94719,9.558860436274301
94827,9.558860436274301
95055,9.558860436274301
95091,9.558860436274301
95128,9.558860436274301
95142,9.558860436274301
95161,9.558860436274301
95187,9.558542100691827
95306,9.558542100691827
95336,9.558542100691827
95339,9.558825465974984
95342,9.558825465974984
95365,9.55030300878086
95428,9.53391906923916
95431,9.531360342415946
95436,9.531360342415946
95470,9.531360342415946
95494,9.53048453172655
95513,9.527284745129508
95517,9.527284745129508
95538,9.488440182003394
95550,9.488638259632427
95597,9.488638259632427
95683,9.489150420214992
95689,9.484779443354379
95702,9.484779443354379
95703,9.4731710976724
95722,9.471631864725037
95736,9.471177742742864
95875,9.47199551483187
95882,9.47199551483187
95903,9.47028396889313
95929,9.47028396889313
95930,9.47028396889313
95937,9.47028396889313
95942,9.477141509677462
95949,9.477141509677462
95952,9.477141509677462
95972,9.47377890194346
95974,9.47377890194346
95992,9.47377890194346
95998,9.462922613710365
96001,9.462922613710367
96031,9.462922613710367
96072,9.462922613710367
96076,9.462922613710367
96159,9.462922613710367
96164,9.454154001375692
96172,9.454154001375692
96174,9.454154001375692
96272,9.452851358973918
96303,9.452851358973918
96344,9.451969014577678
96375,9.45629777100013
96643,9.453296876394834
96645,9.442349326507124
96670,9.442624875521865
96700,9.442624875521863
96702,9.442624875521863
96704,9.442624875521863
96711,9.442551990656296
96719,9.437042359715358
96805,9.418753775858875
96842,9.418428253757785
96865,9.417074435021124
96893,9.417074435021124
96901,9.41661115143262
96957,9.41661115143262
96962,9.41661115143262
96972,9.41661115143262
96978,9.413180077137511
96995,9.413180077137511
97081,9.413180077137511
97216,9.411119970262405
97228,9.411119970262405
97253,9.410862505526486
97269,9.410862505526486
97281,9.410862505526486
97287,9.410862505526486
97303,9.386396988186409
97304,9.375495974369642
97322,9.36873594329401
97356,9.366453048141128
97411,9.367144437628003
97432,9.366453048141128
97652,9.366453048141128
97797,9.366559354626423
97856,9.366264171523154
97859,9.363997818719207
97974,9.361952254230696
98005,9.361952254230696
98026,9.361952254230696
98089,9.361952254230696
98106,9.361952254230696
98110,9.361952254230696
98133,9.361952254230696
98141,9.361952254230696
98216,9.361952254230696
98240,9.34554640765887
98263,9.342426486752702
98538,9.341999781501924
98563,9.341999781501926
98578,9.337553273322783
98630,9.337496238149877
98641,9.337496238149877
98679,9.337496238149877
98683,9.335626879890482
98717,9.335626879890482
98796,9.334858181744588
98801,9.317769353582806
98816,9.317769353582806
98999,9.317769353582806
99221,9.31747386502156
99266,9.31747386502156
99278,9.307812211346445
99288,9.306586999348493
99405,9.306586999348493
99420,9.306586999348493
99429,9.303231387780821
99500,9.293965229162271
99811,9.29396522916227
99901,9.29396522916227
99971,9.293005386332188
99975,9.29300538633219
